852.52,5.69,0,0,102.8,66715,1640096757.46203,0
852.52,5.69,0,0,102.8,66735,1640096757.4646,0
852.52,5.69,0,0,102.8,66755,1640096757.46585,0
852.52,5.69,0,0,102.8,66775,1640096757.46653,0
852.52,5.69,0,0,102.8,66795,1640096757.46719,0
852.52,5.69,0,0,102.8,66814,1640096757.4678,0
852.52,5.69,0,0,102.8,66835,1640096757.46848,0
852.52,5.69,0,0,102.8,66854,1640096757.46925,0
852.52,5.69,0,0,102.8,66875,1640096757.47035,0
852.52,5.69,0,0,102.8,66894,1640096757.50137,0
852.52,5.69,0,0,102.8,66915,1640096757.50317,0
852.52,5.69,0,0,102.8,66934,1640096757.57374,0
852.52,5.69,0,0,102.8,66955,1640096757.57577,0
852.52,5.69,0,0,102.8,66975,1640096757.58101,0
852.52,5.69,0,0,102.8,66995,1640096757.60921,0
852.52,5.69,0,0,102.8,67015,1640096757.61024,0
852.52,5.69,0,0,102.8,67035,1640096757.62736,0
852.52,5.69,0,0,102.8,67055,1640096757.65553,0
852.52,5.69,0,0,102.8,67075,1640096757.66586,0
852.52,5.69,0,0,102.8,67095,1640096757.68872,0
852.52,5.69,0,0,102.8,67115,1640096757.70447,0
852.52,5.69,0,0,102.8,67135,1640096757.72522,0
852.52,5.69,0,0,102.8,67154,1640096757.74562,0
852.52,5.69,0,0,102.8,67175,1640096757.76589,0
852.52,5.69,0,0,102.8,67194,1640096757.78675,0
852.52,5.69,0,0,102.8,67215,1640096757.80696,0
852.52,5.69,0,0,102.8,67234,1640096757.8279,0
852.52,5.69,0,0,102.8,67255,1640096757.84755,0
852.52,5.69,0,0,102.8,67275,1640096757.86844,0
852.52,5.69,0,0,102.8,67295,1640096757.88447,0
852.52,5.69,0,0,102.8,67315,1640096757.91507,0
852.52,5.69,0,0,102.8,67335,1640096757.92927,0
852.52,5.69,0,0,102.8,67355,1640096757.95098,0
852.52,5.69,0,0,102.8,67375,1640096757.9724,0
852.52,5.69,0,0,102.8,67395,1640096757.99741,0
852.52,5.69,0,0,102.8,67415,1640096758.01222,0
852.52,5.69,0,0,102.8,67435,1640096758.03199,0
852.52,5.69,0,0,102.8,67454,1640096758.05293,0
852.52,5.69,0,0,102.8,67475,1640096758.07112,0
852.52,5.69,0,0,102.8,67494,1640096758.08632,0
852.52,5.69,0,0,102.8,67515,1640096758.10583,0
852.52,5.69,0,0,102.8,67534,1640096758.12634,0
852.52,5.69,0,0,102.8,67555,1640096758.14691,0
852.52,5.69,0,0,102.8,67574,1640096758.16745,0
852.52,5.69,0,0,102.8,67595,1640096758.18824,0
852.52,5.69,0,0,102.8,67615,1640096758.20826,0
852.52,5.69,0,0,102.8,67635,1640096758.2288,0
852.52,5.69,0,0,102.8,67655,1640096758.24476,0
852.52,5.69,0,0,102.8,67675,1640096758.2656,0
852.52,5.69,0,0,102.8,67695,1640096758.28608,0
852.52,5.69,0,0,102.8,67715,1640096758.3072,0
852.52,5.69,0,0,102.8,67735,1640096758.3277,0
852.52,5.69,0,0,102.8,67755,1640096758.34776,0
852.52,5.69,0,0,102.8,67775,1640096758.3692,0
852.52,5.69,0,0,102.8,67794,1640096758.38926,0
852.52,5.69,0,0,102.8,67815,1640096758.40896,0
852.52,5.69,0,0,102.8,67834,1640096758.42601,0
852.52,5.69,0,0,102.8,67855,1640096758.44647,0
852.52,5.69,0,0,102.8,67874,1640096758.4677,0
852.52,5.69,0,0,102.8,67895,1640096758.48736,0
852.52,5.69,0,0,102.8,67915,1640096758.507,0
852.52,5.69,0,0,102.8,67935,1640096758.52737,0
852.52,5.69,0,0,102.8,67955,1640096758.54791,0
852.52,5.69,0,0,102.8,67975,1640096758.56856,0
852.52,5.69,0,0,102.8,67995,1640096758.58896,0
852.52,5.69,0,0,102.8,68015,1640096758.60665,0
852.52,5.69,0,0,102.8,68035,1640096758.62656,0
852.52,5.69,0,0,102.8,68055,1640096758.64679,0
852.52,5.69,0,0,102.8,68075,1640096758.66699,0
852.52,5.69,0,0,102.8,68094,1640096758.68765,0
852.52,5.69,0,0,102.8,68115,1640096758.70853,0
852.52,5.69,0,0,102.8,68134,1640096758.72864,0
852.52,5.69,0,0,102.8,68155,1640096758.74925,0
852.52,5.69,0,0,102.8,68174,1640096758.76912,0
852.52,5.69,0,0,102.8,68195,1640096758.78619,0
852.52,5.69,0,0,102.8,68214,1640096758.80694,0
852.52,5.69,0,0,102.8,68235,1640096758.82689,0
852.52,5.69,0,0,102.8,68255,1640096758.84688,0
852.52,5.69,0,0,102.8,68275,1640096758.86732,0
852.52,5.69,0,0,102.8,68295,1640096758.88775,0
852.52,5.69,0,0,102.8,68315,1640096758.90903,0
852.52,5.69,0,0,102.8,68335,1640096758.92915,0
852.52,5.69,0,0.01,102.8,68355,1640096758.9496,0
852.52,5.69,0,0,102.8,68375,1640096758.97002,0
852.52,5.69,0,0,102.8,68395,1640096758.98581,0
852.52,5.69,0,0,102.8,68415,1640096759.00702,0
852.52,5.69,0,0.01,102.8,68434,1640096759.03273,0
852.52,5.69,0,0.01,102.8,68455,1640096759.04958,0
852.52,5.69,0,0,102.8,68475,1640096759.06785,0
852.52,5.69,0,0,102.8,68495,1640096759.08838,0
852.52,5.69,0,0,102.8,68514,1640096759.11463,0
852.52,5.69,0,0.01,102.8,68535,1640096759.13055,0
852.52,5.69,0,0.01,102.8,68555,1640096759.14557,0
852.52,5.69,0,0,102.8,68575,1640096759.16557,0
852.52,5.69,0,0,102.8,68595,1640096759.18596,0
852.52,5.69,0,0,102.8,68615,1640096759.20664,0
852.52,5.69,0,0.01,102.8,68635,1640096759.22798,0
852.52,5.69,0,0.01,102.8,68655,1640096759.24803,0
852.52,5.69,0,0,102.8,68675,1640096759.269,0
852.52,5.69,0,0,102.8,68695,1640096759.28996,0
852.52,5.69,0,0,102.8,68715,1640096759.31644,0
852.52,5.69,0,0.01,102.8,68734,1640096759.32915,0
852.52,5.69,0,0.01,102.8,68755,1640096759.34861,0
852.52,5.69,0,0,102.8,68774,1640096759.36839,0
852.52,5.69,0,0,102.8,68795,1640096759.38788,0
852.52,5.69,0,0,102.8,68814,1640096759.40853,0
852.52,5.69,0,0.01,102.8,68835,1640096759.42856,0
852.52,5.69,0,0.01,102.8,68854,1640096759.4487,0
852.52,5.69,0,0,102.8,68875,1640096759.47028,0
852.52,5.69,0,0,102.8,68895,1640096759.49183,0
852.52,5.69,0,0,102.8,68915,1640096759.5073,0
852.52,5.69,0,0.01,102.8,68935,1640096759.52783,0
852.52,5.69,0,0.01,102.8,68955,1640096759.54832,0
852.52,5.69,0,0,102.8,68975,1640096759.56829,0
852.52,5.69,0,0,102.8,68995,1640096759.5885,0
852.52,5.69,0,0,102.8,69015,1640096759.60846,0
852.52,5.69,0,0.01,102.8,69035,1640096759.62915,0
852.52,5.69,0,0,102.8,69055,1640096759.64958,0
852.52,5.69,0,0,102.8,69075,1640096759.66993,0
852.52,5.69,0,0,102.8,69095,1640096759.69849,0
852.52,5.69,0,0,102.8,69114,1640096759.70634,0
852.52,5.69,0,0,102.8,69135,1640096759.73073,0
852.52,5.69,0,0.01,102.8,69155,1640096759.74805,0
852.52,5.69,0,0,102.8,69175,1640096759.77906,0
852.52,5.69,0,0,102.8,69195,1640096759.78983,0
852.52,5.69,0,0,102.8,69215,1640096759.809,0
852.52,5.69,0,0,102.8,69235,1640096759.8292,0
852.52,5.69,0,0,102.8,69255,1640096759.84949,0
852.52,5.69,0,0,102.8,69275,1640096759.87123,0
852.52,5.69,0,0,102.8,69295,1640096759.88855,0
852.52,5.69,0,0,102.8,69315,1640096759.90815,0
852.52,5.69,0,0,102.8,69335,1640096759.92887,0
852.52,5.69,0,0,102.8,69355,1640096759.9493,0
852.52,5.69,0,0,102.8,69374,1640096759.96984,0
852.52,5.69,0,0,102.8,69395,1640096759.99055,0
852.52,5.69,0,0,102.8,69414,1640096760.00995,0
852.52,5.69,0,0,102.8,69435,1640096760.03052,0
852.52,5.69,0,0,102.8,69454,1640096760.05228,0
852.52,5.69,0,0,102.8,69475,1640096760.06827,0
852.52,5.69,0,0,102.8,69494,1640096760.0898,0
852.52,5.69,0,0,102.8,69515,1640096760.10896,0
852.52,5.69,0,0,102.8,69535,1640096760.12989,0
852.52,5.69,0,0,102.8,69555,1640096760.15055,0
852.52,5.69,0,0,102.8,69575,1640096760.1705,0
852.52,5.69,0,0,102.8,69595,1640096760.19106,0
852.52,5.69,0,0,102.8,69615,1640096760.21692,0
852.52,5.69,0,0,102.8,69635,1640096760.23431,0
852.52,5.69,0,0,102.8,69655,1640096760.24848,0
852.52,5.69,0,0,102.8,69675,1640096760.26866,0
852.52,5.69,0,0,102.8,69695,1640096760.2891,0
852.52,5.69,0,0,102.8,69714,1640096760.30879,0
852.52,5.69,0,0,102.8,69735,1640096760.32988,0
852.52,5.69,0,0,102.8,69754,1640096760.35026,0
852.52,5.69,0,0,102.8,69775,1640096760.37109,0
852.52,5.69,0,0,102.8,69794,1640096760.39072,0
852.52,5.69,0,0,102.8,69815,1640096760.4168,0
852.52,5.69,0,0,102.8,69835,1640096760.42831,0
852.52,5.69,0,0,102.8,69855,1640096760.45205,0
852.52,5.69,0,0,102.8,69875,1640096760.4688,0
852.52,5.69,0,0,102.8,69895,1640096760.48925,0
852.52,5.69,0,0,102.8,69915,1640096760.5094,0
852.52,5.69,0,0,102.8,69935,1640096760.5309,0
852.52,5.69,0,0,102.8,69955,1640096760.55145,0
852.52,5.69,0,0,102.8,69975,1640096760.57164,0
852.52,5.69,0,0,102.8,69995,1640096760.59159,0
852.52,5.69,0,0,102.8,70014,1640096760.61072,0
852.52,5.69,0,0,102.8,70035,1640096760.62865,0
852.52,5.69,0,0,102.8,70054,1640096760.64887,0
852.52,5.69,0,0,102.8,70075,1640096760.66901,0
852.52,5.69,0,0,102.8,70094,1640096760.69047,0
852.52,5.69,0,0,102.8,70115,1640096760.71547,0
852.52,5.69,0,0,102.8,70134,1640096760.73233,0
852.52,5.69,0,0,102.8,70155,1640096760.75162,0
852.52,5.69,0,0,102.8,70175,1640096760.77124,0
852.52,5.69,0,0,102.8,70195,1640096760.78878,0
852.52,5.69,0,0,102.8,70215,1640096760.80847,0
852.52,5.69,0,0,102.8,70235,1640096760.82832,0
852.52,5.69,0,0,102.8,70255,1640096760.84972,0
852.52,5.69,0,0,102.8,70275,1640096760.87021,0
852.52,5.69,0,0,102.8,70295,1640096760.89011,0
852.52,5.69,0,0,102.8,70315,1640096760.91119,0
852.52,5.69,0,0,102.8,70335,1640096760.93156,0
852.52,5.69,0,0,102.8,70354,1640096760.95253,0
852.52,5.69,0,0,102.8,70375,1640096760.97847,0
852.52,5.69,0,0,102.8,70394,1640096760.99162,0
852.52,5.69,0,0,102.8,70415,1640096761.00919,0
852.52,5.69,0,0,102.8,70434,1640096761.02977,0
852.52,5.69,0,0,102.8,70455,1640096761.05,0
852.52,5.69,0,0,102.8,70475,1640096761.07067,0
852.52,5.69,0,0,102.8,70495,1640096761.09152,0
852.52,5.69,0,0,102.8,70515,1640096761.11139,0
852.52,5.69,0,0,102.8,70535,1640096761.13152,0
852.52,5.69,0,0,102.81,70555,1640096761.14825,0
852.52,5.69,0,0,102.81,70575,1640096761.16909,0
852.52,5.69,0,0,102.81,70595,1640096761.19041,0
852.52,5.69,0,0,102.85,70615,1640096761.2167,0
852.52,5.69,0,0,102.96,70635,1640096761.23157,0
852.52,5.69,0,0,103.06,70654,1640096761.25245,0
852.52,5.69,0,0,103.13,70675,1640096761.27217,0
852.52,5.69,0,0,103.18,70694,1640096761.29181,0
852.52,5.69,0,0,103.26,70715,1640096761.31218,0
852.52,5.69,0,0,103.36,70735,1640096761.33252,0
852.52,5.69,0,0,103.46,70755,1640096761.35823,0
852.52,5.69,0,0,103.58,70775,1640096761.37468,0
852.52,5.69,0,0,103.75,70795,1640096761.39002,0
852.52,5.69,0,0,103.96,70815,1640096761.41114,0
852.52,5.69,0,0,104.21,70835,1640096761.43076,0
852.52,5.69,0,0,104.58,70855,1640096761.45212,0
852.52,5.69,0,0,105.16,70875,1640096761.47195,0
852.52,5.69,0,0,105.9,70895,1640096761.49292,0
852.52,5.69,0,0,106.71,70915,1640096761.51228,0
852.52,5.69,0,0,107.58,70935,1640096761.53985,0
852.52,5.69,0,0,108.46,70955,1640096761.55103,0
852.52,5.69,0,0,109.31,70975,1640096761.57214,0
852.52,5.69,0,0,110.21,70994,1640096761.5916,0
852.52,5.69,0,0,111.18,71015,1640096761.61196,0
852.52,5.69,0,0,112.18,71035,1640096761.63245,0
852.52,5.69,0,0,113.11,71055,1640096761.65304,0
852.52,5.69,0,0,113.93,71075,1640096761.67384,0
852.52,5.69,0,0,114.61,71095,1640096761.6937,0
852.52,5.69,0,0,115.21,71115,1640096761.70966,0
852.52,5.69,0,0,115.68,71135,1640096761.73121,0
852.52,5.69,0,0,116.01,71155,1640096761.75144,0
852.52,5.69,0,0,116.23,71175,1640096761.77201,0
852.52,5.69,0,0,116.31,71195,1640096761.79252,0
852.52,5.69,0,0,116.31,71215,1640096761.81191,0
852.52,5.69,0,0,116.31,71235,1640096761.83348,0
852.52,5.69,0,0,116.31,71255,1640096761.85282,0
852.52,5.69,0,0,116.31,71275,1640096761.87338,0
852.52,5.69,0,0,116.31,71294,1640096761.89039,0
852.52,5.69,0,0,116.31,71315,1640096761.91013,0
852.52,5.69,0,0,116.31,71334,1640096761.93636,0
852.52,5.69,0,0,116.31,71355,1640096761.95286,0
852.52,5.69,0,0,116.31,71374,1640096761.97174,0
852.52,5.69,0,0,116.31,71395,1640096761.99215,0
852.52,5.69,0,0,116.31,71415,1640096762.01244,0
852.52,5.69,0,0,116.3,71435,1640096762.0381,0
852.52,5.69,0,0,116.26,71455,1640096762.05925,0
852.52,5.69,0,0,116.16,71475,1640096762.07072,0
852.52,5.69,0,0,116,71495,1640096762.0913,0
852.52,5.69,0,0,115.78,71515,1640096762.11225,0
852.52,5.69,0,0,115.48,71535,1640096762.13253,0
852.52,5.69,0,0,115.13,71555,1640096762.15308,0
852.52,5.69,0,0,114.75,71575,1640096762.1736,0
852.52,5.69,0,0,114.35,71595,1640096762.19425,0
852.52,5.69,0,0,113.95,71615,1640096762.21363,0
852.52,5.69,0,0,113.56,71635,1640096762.23493,0
852.52,5.69,0,0,113.18,71655,1640096762.2508,0
852.52,5.69,0,0,112.8,71675,1640096762.2713,0
852.52,5.69,0,0,112.36,71695,1640096762.29236,0
852.52,5.69,0,0,111.95,71715,1640096762.31298,0
852.52,5.69,0,0,111.55,71735,1640096762.3334,0
852.52,5.69,0,0,111.15,71755,1640096762.35392,0
852.52,5.69,0,0,110.71,71775,1640096762.37389,0
852.52,5.69,0,0,110.26,71795,1640096762.39566,0
852.52,5.69,0,0,109.83,71815,1640096762.41434,0
852.52,5.69,0,0,109.36,71835,1640096762.4311,0
852.52,5.69,0,0,108.86,71855,1640096762.45153,0
852.52,5.69,0,0,108.31,71875,1640096762.47157,0
852.52,5.69,0,0,107.75,71895,1640096762.49238,0
852.52,5.69,0,0,107.18,71915,1640096762.51265,0
852.52,5.69,0,0,106.65,71936,1640096762.53296,0
852.52,5.69,0,0,106.08,71955,1640096762.55317,0
852.52,5.69,0,0,105.5,71975,1640096762.58473,0
852.52,5.69,0,0,104.83,71995,1640096762.59502,0
852.52,5.69,0,0,104.06,72015,1640096762.61069,0
852.52,5.69,0,0,103.23,72035,1640096762.63172,0
852.52,5.69,0,0,102.35,72055,1640096762.65235,0
852.52,5.69,0,0,101.41,72075,1640096762.67236,0
852.52,5.69,0,0,100.5,72095,1640096762.69317,0
852.52,5.69,0,0.01,99.63,72115,1640096762.71291,0
852.52,5.69,0,0,98.86,72135,1640096762.73398,0
852.52,5.69,0,0,98.16,72155,1640096762.75398,0
852.52,5.69,0,0,97.5,72175,1640096762.77436,0
852.52,5.69,0,0,96.88,72195,1640096762.79195,0
852.52,5.69,0,0.01,96.33,72215,1640096762.81335,0
852.52,5.69,0,0,95.85,72235,1640096762.83394,0
852.52,5.69,0,0,95.41,72255,1640096762.8528,0
852.52,5.69,0,0,95,72274,1640096762.87315,0
852.52,5.69,0,0,94.58,72295,1640096762.89319,0
852.52,5.69,0,0.01,94.16,72315,1640096762.91352,0
852.52,5.69,0,0,93.8,72335,1640096762.93411,0
852.52,5.69,0,0,93.41,72355,1640096762.95455,0
852.52,5.69,0,0,93.05,72375,1640096762.97125,0
852.52,5.69,0,0,92.65,72395,1640096762.99173,0
852.52,5.69,0,0.01,92.2,72415,1640096763.01208,0
852.52,5.69,0,0,91.73,72435,1640096763.03263,0
852.52,5.69,0,0,91.2,72455,1640096763.05342,0
852.52,5.69,0,0,90.63,72475,1640096763.07333,0
852.52,5.69,0,0,90,72495,1640096763.09385,0
852.52,5.69,0,0.01,89.35,72515,1640096763.11417,0
852.52,5.69,0,0,88.61,72535,1640096763.13548,0
852.52,5.69,0,0,87.8,72555,1640096763.15584,0
852.52,5.69,0,0,87,72574,1640096763.17298,0
852.52,5.69,0,0,86.2,72595,1640096763.19301,0
852.52,5.69,0,0.01,85.38,72615,1640096763.21303,0
852.52,5.69,0,0,84.56,72635,1640096763.23325,0
852.52,5.69,0,0,83.73,72655,1640096763.25462,0
852.52,5.69,0,0,82.91,72675,1640096763.27514,0
852.52,5.69,0,0,82.08,72694,1640096763.29504,0
852.52,5.69,0,0.01,81.25,72715,1640096763.31547,0
852.52,5.69,0,0,80.38,72735,1640096763.33256,0
852.52,5.69,0,0,79.41,72755,1640096763.3533,0
852.52,5.69,0,0,78.35,72775,1640096763.37433,0
852.52,5.69,0,0,77.18,72795,1640096763.3942,0
852.52,5.69,0,0.01,75.96,72815,1640096763.41432,0
852.52,5.69,0,0,74.81,72835,1640096763.43426,0
852.52,5.69,0,0,73.68,72855,1640096763.4555,0
852.52,5.69,0,0,72.68,72875,1640096763.47582,0
852.52,5.69,0,0,71.83,72895,1640096763.49616,0
852.52,5.69,0,0,71.16,72914,1640096763.51286,0
852.52,5.69,0,0,70.6,72935,1640096763.5413,0
852.52,5.69,0,0,70.11,72954,1640096763.55343,0
852.52,5.69,0,0,69.65,72975,1640096763.57323,0
852.52,5.69,0,0,69.16,72994,1640096763.59335,0
852.52,5.69,0,0,68.7,73015,1640096763.61414,0
852.52,5.69,0,0,68.16,73035,1640096763.63445,0
852.52,5.69,0,0,67.55,73055,1640096763.65452,0
852.52,5.69,0,0,66.73,73075,1640096763.67574,0
852.52,5.69,0,0,65.73,73095,1640096763.69198,0
852.52,5.69,0,0,64.65,73115,1640096763.71513,0
852.52,5.69,0,0,63.68,73135,1640096763.73355,0
852.52,5.69,0,0,62.78,73155,1640096763.75427,0
852.52,5.69,0,0,62.01,73175,1640096763.77394,0
852.52,5.69,0,0,61.25,73195,1640096763.79493,0
852.52,5.69,0,0,60.51,73214,1640096763.81672,0
852.52,5.69,0,0,59.83,73235,1640096763.83534,0
852.52,5.69,0,0,59.15,73255,1640096763.85605,0
852.52,5.69,0,0,58.51,73275,1640096763.8768,0
852.52,5.69,0,0,57.9,73294,1640096763.89241,0
852.52,5.69,0,0,57.23,73315,1640096763.91284,0
852.52,5.69,0,0,56.51,73334,1640096763.93383,0
852.52,5.69,0,0,55.75,73355,1640096763.9595,0
852.52,5.69,0,0,54.98,73375,1640096763.97509,0
852.52,5.69,0,0,54.18,73395,1640096763.99534,0
852.52,5.69,0,0,53.38,73415,1640096764.01575,0
852.52,5.69,0,0,52.57,73435,1640096764.03588,0
852.52,5.69,0,0,51.73,73455,1640096764.05661,0
852.52,5.69,0,0,50.95,73475,1640096764.07327,0
852.52,5.69,0,0,50.15,73495,1640096764.09406,0
852.52,5.69,0,0,49.38,73515,1640096764.11491,0
852.52,5.69,0,0,48.63,73535,1640096764.13525,0
852.52,5.69,0,0,47.83,73554,1640096764.15553,0
852.52,5.69,0,0,47.03,73575,1640096764.17668,0
852.52,5.69,0,0,46.18,73594,1640096764.19615,0
852.52,5.69,0,0,45.33,73615,1640096764.21732,0
852.52,5.69,0,0,44.5,73634,1640096764.23331,0
852.52,5.69,0,0,43.62,73655,1640096764.25343,0
852.52,5.69,0,0,42.78,73675,1640096764.27459,0
852.52,5.69,0,0,42,73695,1640096764.3002,0
852.52,5.69,0,0,41.25,73715,1640096764.31462,0
852.52,5.69,0,0,40.47,73735,1640096764.33449,0
852.52,5.69,0,0,39.72,73755,1640096764.35575,0
852.52,5.69,0,0,39,73775,1640096764.3756,0
852.52,5.69,0,0,38.3,73795,1640096764.4049,0
852.52,5.69,0,0,37.6,73815,1640096764.42027,0
852.52,5.69,0,0,36.95,73835,1640096764.43356,0
852.52,5.69,0,0,36.27,73856,1640096764.45446,0
852.52,5.69,0,0,35.58,73875,1640096764.47473,0
852.52,5.69,0,0,34.93,73894,1640096764.4949,0
852.52,5.69,0,0,34.28,73915,1640096764.51531,0
852.52,5.69,0,0,33.63,73935,1640096764.5358,0
852.52,5.69,0,0,32.98,73955,1640096764.55615,0
852.52,5.69,0,0,32.35,73975,1640096764.57629,0
852.52,5.69,0,0,31.73,73995,1640096764.5975,0
852.52,5.69,0,0,31.08,74014,1640096764.61391,0
852.52,5.69,0,0,30.42,74035,1640096764.63417,0
852.52,5.69,0,0,29.8,74055,1640096764.65484,0
852.52,5.69,0,0,29.23,74075,1640096764.67571,0
852.52,5.69,0,0.01,28.7,74095,1640096764.6962,0
852.52,5.69,0,0.01,28.18,74115,1640096764.71633,0
852.52,5.69,0,0,27.72,74135,1640096764.73652,0
852.52,5.69,0,0,27.27,74155,1640096764.75675,0
852.52,5.69,0,0,26.82,74175,1640096764.77718,0
852.52,5.69,0,0.01,26.38,74194,1640096764.79436,0
852.52,5.69,0,0.01,25.97,74215,1640096764.81478,0
852.52,5.69,0,0,25.57,74235,1640096764.83526,0
852.52,5.69,0,0,25.18,74255,1640096764.85554,0
852.52,5.69,0,0,24.83,74274,1640096764.87639,0
852.52,5.69,0,0.01,24.52,74295,1640096764.89653,0
852.52,5.69,0,0.01,24.18,74315,1640096764.9165,0
852.52,5.69,0,0,23.83,74335,1640096764.93693,0
852.52,5.69,0,0,23.48,74355,1640096764.95755,0
852.52,5.69,0,0,23.13,74375,1640096764.97396,0
852.52,5.69,0,0.01,22.78,74395,1640096764.99523,0
852.52,5.69,0,0.01,22.43,74415,1640096765.01552,0
852.52,5.69,0,0,22.07,74435,1640096765.03575,0
852.52,5.69,0,0,21.68,74455,1640096765.05602,0
852.52,5.69,0,0,21.25,74475,1640096765.07713,0
852.52,5.69,0,0.01,20.8,74494,1640096765.09762,0
852.52,5.69,0,0.01,20.33,74515,1640096765.11783,0
852.52,5.69,0,0,19.85,74534,1640096765.13821,0
852.52,5.69,0,0,19.33,74555,1640096765.15875,0
852.52,5.69,0,0,18.78,74575,1640096765.17465,0
852.52,5.69,0,0.01,18.22,74595,1640096765.19506,0
852.52,5.69,0,0.01,17.63,74615,1640096765.21624,0
852.52,5.69,0,0,17.05,74635,1640096765.23632,0
852.52,5.69,0,0,16.45,74655,1640096765.2567,0
852.52,5.69,0,0,15.95,74675,1640096765.27724,0
852.52,5.69,0,0.01,15.48,74695,1640096765.298,0
852.52,5.69,0,0.01,15.1,74715,1640096765.31895,0
852.52,5.69,0,0,14.78,74735,1640096765.34463,0
852.52,5.69,0,0,14.5,74755,1640096765.35642,0
852.52,5.69,0,0,14.25,74775,1640096765.37576,0
852.52,5.69,0,0.01,14.02,74795,1640096765.39623,0
852.52,5.69,0,0.01,13.78,74815,1640096765.41672,0
852.52,5.69,0,0,13.58,74834,1640096765.43716,0
852.52,5.69,0,0,13.38,74855,1640096765.45666,0
852.52,5.69,0,0,13.22,74874,1640096765.4779,0
852.52,5.69,0,0.01,13.03,74895,1640096765.49814,0
852.52,5.69,0,0.01,12.88,74914,1640096765.51482,0
852.52,5.69,0,0,12.75,74935,1640096765.53499,0
852.52,5.69,0,0,12.63,74955,1640096765.55546,0
852.52,5.69,0,0,12.53,74975,1640096765.5825,0
852.52,5.69,0,0.01,12.47,74995,1640096765.59948,0
852.52,5.69,0,0.01,12.4,75015,1640096765.61715,0
852.52,5.69,0,0,12.35,75035,1640096765.63732,0
852.52,5.69,0,0,12.3,75056,1640096765.65777,0
852.52,5.69,0,0,12.25,75075,1640096765.67838,0
852.52,5.69,0,0.01,12.2,75095,1640096765.69574,0
852.52,5.69,0,0.01,12.15,75115,1640096765.72472,0
852.52,5.69,0,0,12.08,75136,1640096765.73663,0
852.52,5.69,0,0,12,75155,1640096765.75663,0
852.52,5.69,0,0,11.92,75174,1640096765.78066,0
852.52,5.69,0,0.01,11.8,75195,1640096765.79847,0
852.52,5.69,0,0.01,11.68,75214,1640096765.81861,0
852.52,5.69,0,0,11.57,75235,1640096765.83938,0
852.52,5.69,0,0,11.45,75255,1640096765.86002,0
852.52,5.69,0,0,11.33,75275,1640096765.87659,0
852.52,5.69,0,0.01,11.22,75295,1640096765.89715,0
852.52,5.69,0,0.01,11.1,75315,1640096765.91749,0
852.52,5.69,0,0,10.98,75335,1640096765.93708,0
852.52,5.69,0,0,10.87,75355,1640096765.95749,0
852.52,5.69,0,0,10.73,75375,1640096765.97774,0
852.52,5.69,0,0.01,10.58,75395,1640096765.99825,0
852.52,5.69,0,0.01,10.42,75415,1640096766.01873,0
852.52,5.69,0,0,10.25,75435,1640096766.04022,0
852.52,5.69,0,0,10.1,75455,1640096766.05574,0
852.52,5.69,0,0,9.95,75474,1640096766.07518,0
852.52,5.69,0,0.01,9.78,75495,1640096766.09646,0
852.52,5.69,0,0.01,9.58,75514,1640096766.11661,0
852.52,5.69,0,0,9.38,75535,1640096766.13734,0
852.52,5.69,0,0,9.2,75554,1640096766.15761,0
852.52,5.69,0,0,9.02,75575,1640096766.17831,0
852.52,5.69,0,0.01,8.82,75594,1640096766.19967,0
852.52,5.69,0,0.01,8.65,75615,1640096766.2198,0
852.52,5.69,0,0,8.48,75635,1640096766.23638,0
852.52,5.69,0,0,8.35,75655,1640096766.25635,0
852.52,5.69,0,0,8.22,75675,1640096766.27711,0
852.52,5.69,0,0.01,8.08,75695,1640096766.29729,0
852.52,5.69,0,0.01,7.98,75714,1640096766.31794,0
852.52,5.69,0,0,7.88,75735,1640096766.33827,0
852.52,5.69,0,0,7.78,75755,1640096766.35859,0
852.52,5.69,0,0,7.65,75774,1640096766.37933,0
852.52,5.69,0,0.01,7.5,75795,1640096766.39937,0
852.52,5.69,0,0.01,7.35,75814,1640096766.41617,0
852.52,5.69,0,0,7.2,75835,1640096766.43709,0
852.52,5.69,0,0,7.05,75854,1640096766.45773,0
852.52,5.69,0,0,6.87,75875,1640096766.47797,0
852.52,5.69,0,0.01,6.7,75894,1640096766.49815,0
852.52,5.69,0,0.01,6.53,75915,1640096766.51827,0
852.52,5.69,0,0,6.37,75935,1640096766.5381,0
852.52,5.69,0,0,6.2,75955,1640096766.55968,0
852.52,5.69,0,0,6.03,75974,1640096766.5802,0
852.52,5.69,0,0.01,5.87,75995,1640096766.59655,0
852.52,5.69,0,0.01,5.7,76015,1640096766.61704,0
852.52,5.69,0,0,5.55,76035,1640096766.6378,0
852.52,5.69,0,0,5.38,76055,1640096766.65955,0
852.52,5.69,0,0,5.25,76075,1640096766.68022,0
852.52,5.69,0,0.01,5.12,76095,1640096766.69937,0
852.52,5.69,0,0.01,4.98,76114,1640096766.71978,0
852.52,5.69,0,0,4.85,76135,1640096766.74032,0
852.52,5.69,0,0,4.72,76154,1640096766.76136,0
852.52,5.69,0,0,4.58,76175,1640096766.77681,0
852.52,5.69,0,0.01,4.45,76194,1640096766.79749,0
852.52,5.69,0,0.01,4.33,76215,1640096766.81693,0
852.52,5.69,0,0,4.22,76234,1640096766.83682,0
852.52,5.69,0,0,4.1,76255,1640096766.85815,0
852.52,5.69,0,0,3.98,76274,1640096766.87819,0
852.52,5.69,0,0.01,3.87,76295,1640096766.89922,0
852.52,5.69,0,0.01,3.73,76315,1640096766.91972,0
852.52,5.69,0,0,3.6,76335,1640096766.94034,0
852.52,5.69,0,0,3.48,76355,1640096766.96077,0
852.52,5.69,0,0,3.35,76375,1640096766.97739,0
852.52,5.69,0,0.01,3.22,76395,1640096766.99771,0
852.52,5.69,0,0.01,3.1,76414,1640096767.023,0
852.52,5.69,0,0,2.97,76435,1640096767.04025,0
852.52,5.69,0,0,2.83,76454,1640096767.05927,0
852.52,5.69,0,0,2.7,76475,1640096767.08071,0
852.52,5.69,0,0.01,2.55,76494,1640096767.09996,0
852.52,5.69,0,0.01,2.4,76515,1640096767.12062,0
852.52,5.69,0,0,2.27,76534,1640096767.14122,0
852.52,5.69,0,0,2.15,76555,1640096767.15825,0
852.52,5.69,0,0,2.03,76574,1640096767.19063,0
852.52,5.69,0,0.01,1.93,76595,1640096767.19811,0
852.52,5.69,0,0.01,1.83,76615,1640096767.21845,0
852.52,5.69,0,0,1.77,76635,1640096767.23939,0
852.52,5.69,0,0,1.7,76655,1640096767.26006,0
852.52,5.69,0,0,1.63,76675,1640096767.27938,0
852.52,5.69,0,0.01,1.55,76695,1640096767.30732,0
852.52,5.69,0,0.01,1.47,76715,1640096767.32105,0
852.52,5.69,0,0,1.4,76735,1640096767.33713,0
852.52,5.69,0,0,1.3,76754,1640096767.35761,0
852.52,5.69,0,0,1.2,76775,1640096767.37796,0
852.52,5.69,0,0.01,1.08,76794,1640096767.3992,0
852.52,5.69,0,0,0.98,76815,1640096767.42461,0
852.52,5.69,0,0,0.88,76834,1640096767.44172,0
852.52,5.69,0,0,0.78,76855,1640096767.46058,0
852.52,5.69,0,0.01,0.68,76875,1640096767.48183,0
852.52,5.69,0,0.01,0.58,76895,1640096767.49811,0
852.52,5.69,0,0,0.5,76915,1640096767.51835,0
852.52,5.69,0,0,0.4,76935,1640096767.53842,0
852.52,5.69,0,0,0.3,76955,1640096767.55871,0
852.52,5.69,0,0.01,0.2,76975,1640096767.57907,0
852.52,5.69,0,0.01,0.12,76994,1640096767.60069,0
852.52,5.69,0,0,0.03,77015,1640096767.62049,0
852.52,5.69,0,0,-0.05,77035,1640096767.64086,0
852.52,5.69,0,0,-0.12,77054,1640096767.66122,0
852.52,5.69,0,0.01,-0.18,77075,1640096767.68206,0
852.52,5.69,0,0.01,-0.25,77094,1640096767.6987,0
852.52,5.69,0,0,-0.32,77115,1640096767.71874,0
852.52,5.69,0,0,-0.38,77135,1640096767.73909,0
852.52,5.69,0,0,-0.45,77155,1640096767.76398,0
852.52,5.69,0,0.01,-0.52,77174,1640096767.77884,0
852.52,5.69,0,0.01,-0.58,77195,1640096767.80062,0
852.52,5.69,0,0,-0.63,77215,1640096767.82049,0
852.52,5.69,0,0,-0.68,77235,1640096767.84103,0
852.52,5.69,0,0,-0.73,77254,1640096767.86147,0
852.52,5.69,0,0.01,-0.78,77275,1640096767.8779,0
852.52,5.69,0,0.01,-0.83,77295,1640096767.89927,0
852.52,5.69,0,0,-0.88,77315,1640096767.92002,0
852.52,5.69,0,0,-0.93,77335,1640096767.93918,0
852.52,5.69,0,0,-0.98,77355,1640096767.9605,0
852.52,5.69,0,0.01,-1.03,77375,1640096767.98086,0
852.52,5.69,0,0.01,-1.08,77394,1640096768.00087,0
852.52,5.69,0,0,-1.1,77415,1640096768.02204,0
852.52,5.69,0,0,-1.12,77434,1640096768.04256,0
852.52,5.69,0,0,-1.13,77455,1640096768.05844,0
852.52,5.69,0,0.01,-1.15,77474,1640096768.07971,0
852.52,5.69,0,0.01,-1.17,77495,1640096768.09899,0
852.52,5.69,0,0,-1.18,77514,1640096768.12076,0
852.52,5.69,0,0,-1.2,77535,1640096768.14104,0
852.52,5.69,0,0,-1.22,77554,1640096768.16119,0
852.52,5.69,0,0.01,-1.25,77575,1640096768.18179,0
852.52,5.69,0,0.01,-1.27,77594,1640096768.20224,0
852.52,5.69,0,0,-1.3,77615,1640096768.22259,0
852.52,5.69,0,0,-1.32,77635,1640096768.23849,0
852.52,5.69,0,0,-1.35,77655,1640096768.25901,0
852.52,5.69,0,0.01,-1.38,77675,1640096768.28045,0
852.52,5.69,0,0.01,-1.4,77694,1640096768.30086,0
852.52,5.69,0,0,-1.43,77715,1640096768.32097,0
852.52,5.69,0,0,-1.45,77734,1640096768.34133,0
852.52,5.69,0,0,-1.48,77755,1640096768.36184,0
852.52,5.69,0,0.01,-1.5,77775,1640096768.38205,0
852.52,5.69,0,0,-1.53,77795,1640096768.39871,0
852.52,5.69,0,0,-1.55,77814,1640096768.41903,0
852.52,5.69,0,0,-1.58,77835,1640096768.44004,0
852.52,5.69,0,0,-1.6,77854,1640096768.46098,0
852.52,5.69,0,0.01,-1.62,77875,1640096768.48129,0
852.52,5.69,0,0.01,-1.65,77894,1640096768.50207,0
852.52,5.69,0,0,-1.67,77915,1640096768.52208,0
852.52,5.69,0,0,-1.68,77935,1640096768.54203,0
852.52,5.69,0,0,-1.7,77955,1640096768.56219,0
852.52,5.69,0,0.01,-1.72,77975,1640096768.5834,0
852.52,5.69,0,0,-1.73,77995,1640096768.60035,0
852.52,5.69,0,0,-1.75,78015,1640096768.62051,0
852.52,5.69,0,0,-1.75,78034,1640096768.64153,0
852.52,5.69,0,0,-1.77,78055,1640096768.66143,0
852.52,5.69,0,0.01,-1.77,78074,1640096768.68186,0
852.52,5.69,0,0.01,-1.77,78095,1640096768.7022,0
852.52,5.69,0,0,-1.77,78115,1640096768.72267,0
852.52,5.69,0,0,-1.78,78135,1640096768.74296,0
852.52,5.69,0,0,-1.78,78154,1640096768.76315,0
852.52,5.69,0,0.01,-1.78,78175,1640096768.78032,0
852.52,5.69,0,0,-1.78,78194,1640096768.80661,0
852.52,5.69,0,0,-1.78,78215,1640096768.82206,0
852.52,5.69,0,0,-1.78,78235,1640096768.84103,0
852.52,5.69,0,0,-1.78,78255,1640096768.86146,0
852.52,5.69,0,0.01,-1.78,78275,1640096768.88186,0
852.52,5.69,0,0.01,-1.78,78295,1640096768.90258,0
852.52,5.69,0,0,-1.78,78315,1640096768.92243,0
852.52,5.69,0,0,-1.78,78334,1640096768.94244,0
852.52,5.69,0,0,-1.78,78355,1640096768.95945,0
852.52,5.69,0,0.01,-1.78,78374,1640096768.98,0
852.52,5.69,0,0.01,-1.78,78395,1640096769.00059,0
852.52,5.69,0,0,-1.78,78414,1640096769.02094,0
852.52,5.69,0,0,-1.78,78435,1640096769.04089,0
852.52,5.69,0,0,-1.78,78454,1640096769.06213,0
852.52,5.69,0,0.01,-1.8,78475,1640096769.08265,0
852.52,5.69,0,0.01,-1.8,78494,1640096769.10314,0
852.52,5.69,0,0,-1.8,78515,1640096769.12297,0
852.52,5.69,0,0,-1.8,78535,1640096769.14454,0
852.52,5.69,0,0,-1.8,78555,1640096769.16036,0
852.52,5.69,0,0.01,-1.8,78574,1640096769.18076,0
852.52,5.69,0,0.01,-1.8,78595,1640096769.20294,0
852.52,5.69,0,0,-1.8,78615,1640096769.22335,0
852.52,5.69,0,0,-1.8,78635,1640096769.24756,0
852.52,5.69,0,0,-1.8,78654,1640096769.2628,0
852.52,5.69,0,0.01,-1.8,78674,1640096769.2826,0
852.52,5.69,0,0.01,-1.8,78695,1640096769.30292,0
852.52,5.69,0,0,-1.82,78714,1640096769.32328,0
852.52,5.69,0,0,-1.82,78735,1640096769.34067,0
852.52,5.69,0,0,-1.82,78754,1640096769.36123,0
852.52,5.69,0,0.01,-1.82,78775,1640096769.38183,0
852.52,5.69,0,0.01,-1.82,78795,1640096769.4017,0
852.52,5.69,0,0,-1.82,78815,1640096769.42187,0
852.52,5.69,0,0,-1.82,78835,1640096769.4423,0
852.52,5.69,0,0,-1.83,78855,1640096769.47096,0
852.52,5.69,0,0.01,-1.85,78875,1640096769.48415,0
852.52,5.69,0,0.01,-1.85,78895,1640096769.5042,0
852.52,5.69,0,0,-1.85,78915,1640096769.52127,0
852.52,5.69,0,0,-1.85,78935,1640096769.54128,0
852.52,5.69,0,0,-1.85,78955,1640096769.56155,0
852.52,5.69,0,0.01,-1.85,78974,1640096769.5817,0
852.52,5.69,0,0.01,-1.85,78995,1640096769.60185,0
852.52,5.69,0,0,-1.85,79014,1640096769.62292,0
852.52,5.69,0,0,-1.87,79035,1640096769.6435,0
852.52,5.69,0,0,-1.87,79054,1640096769.66463,0
852.52,5.69,0,0.01,-1.87,79075,1640096769.68052,0
852.52,5.69,0,0.01,-1.88,79095,1640096769.70109,0
852.52,5.69,0,0,-1.88,79115,1640096769.72137,0
852.52,5.69,0,0,-1.88,79135,1640096769.74178,0
852.52,5.69,0,0.01,-1.9,79155,1640096769.76463,0
852.52,5.69,0,0.01,-1.9,79175,1640096769.78651,0
852.52,5.69,0,0.01,-1.9,79195,1640096769.80442,0
852.52,5.69,0,0,-1.92,79215,1640096769.82286,0
852.52,5.69,0,0,-1.92,79235,1640096769.8441,0
852.52,5.69,0,0.01,-1.93,79255,1640096769.87239,0
852.52,5.69,0,0.01,-1.93,79275,1640096769.88156,0
852.52,5.69,0,0.01,-1.95,79295,1640096769.90231,0
852.52,5.69,0,0,-1.95,79314,1640096769.92423,0
852.52,5.69,0,0,-1.97,79335,1640096769.94482,0
852.52,5.69,0,0.01,-1.97,79355,1640096769.96315,0
852.52,5.69,0,0.01,-1.97,79375,1640096769.98461,0
852.52,5.69,0,0.01,-1.98,79395,1640096770.00423,0
852.52,5.69,0,0,-1.98,79415,1640096770.02406,0
852.52,5.69,0,0,-1.98,79434,1640096770.04525,0
852.52,5.69,0,0.01,-1.98,79455,1640096770.07137,0
852.52,5.69,0,0.01,-1.98,79474,1640096770.08586,0
852.52,5.69,0,0,-1.98,79495,1640096770.10336,0
852.52,5.69,0,0,-1.98,79514,1640096770.12322,0
852.52,5.69,0,0,-1.98,79535,1640096770.14375,0
852.52,5.69,0,0.01,-1.98,79555,1640096770.16519,0
852.52,5.69,0,0.01,-2,79575,1640096770.18466,0
852.52,5.69,0,0.01,-2,79595,1640096770.20505,0
852.52,5.69,0,0,-2,79614,1640096770.22539,0
852.52,5.69,0,0,-2,79635,1640096770.2423,0
852.52,5.69,0,0.01,-2,79654,1640096770.26193,0
852.52,5.69,0,0.01,-2,79675,1640096770.28293,0
852.52,5.69,0,0.01,-2,79694,1640096770.30924,0
852.52,5.69,0,0,-2,79715,1640096770.32461,0
852.52,5.69,0,0,-2,79734,1640096770.3451,0
852.52,5.69,0,0.01,-2,79755,1640096770.36597,0
852.52,5.69,0,0.01,-2,79774,1640096770.38407,0
852.52,5.69,0,0,-2,79795,1640096770.40537,0
852.52,5.69,0,0,-2,79814,1640096770.42171,0
852.52,5.69,0,0,-2,79835,1640096770.442,0
852.52,5.69,0,0.01,-2,79854,1640096770.46215,0
852.52,5.69,0,0.01,-2,79875,1640096770.48238,0
852.52,5.69,0,0,-2.02,79895,1640096770.50434,0
852.52,5.69,0,0,-2.02,79915,1640096770.52431,0
852.52,5.69,0,0,-2.02,79935,1640096770.54481,0
852.52,5.69,0,0.01,-2.02,79954,1640096770.56502,0
852.52,5.69,0,0.01,-2.02,79975,1640096770.58484,0
852.52,5.69,0,0,-2.02,79994,1640096770.60241,0
852.52,5.69,0,0.01,-2.02,80015,1640096770.62253,0
852.52,5.69,0,0,-2.02,80034,1640096770.6452,0
852.52,5.69,0,0.01,-2.02,80055,1640096770.66615,0
852.52,5.69,0,0.01,-2.02,80074,1640096770.68491,0
852.52,5.69,0,0,-2.02,80095,1640096770.70537,0
852.52,5.69,0,0.01,-2.02,80115,1640096770.72464,0
852.52,5.69,0,0,-2.02,80135,1640096770.74527,0
852.52,5.69,0,0.01,-2.03,80155,1640096770.76559,0
852.52,5.69,0,0.01,-2.03,80175,1640096770.78656,0
852.52,5.69,0,0,-2.03,80195,1640096770.80368,0
852.52,5.69,0,0.01,-2.05,80215,1640096770.82343,0
852.52,5.69,0,0,-2.07,80234,1640096770.84382,0
852.52,5.69,0,0.01,-2.1,80254,1640096770.86484,0
852.52,5.69,0,0.01,-2.15,80275,1640096770.88551,0
852.52,5.69,0,0,-2.22,80294,1640096770.90528,0
852.52,5.69,0,0.01,-2.28,80315,1640096770.92617,0
852.52,5.69,0,0,-2.33,80334,1640096770.94562,0
852.52,5.69,0,0.01,-2.4,80355,1640096770.96278,0
852.52,5.69,0,0.01,-2.47,80374,1640096770.98287,0
852.52,5.69,0,0,-2.53,80395,1640096771.00456,0
852.52,5.69,0,0.01,-2.6,80415,1640096771.02395,0
852.52,5.69,0,0,-2.67,80435,1640096771.04416,0
852.52,5.69,0,0.01,-2.75,80454,1640096771.06561,0
852.52,5.69,0,0.01,-2.85,80475,1640096771.086,0
852.52,5.69,0,0,-2.93,80495,1640096771.10596,0
852.52,5.69,0,0.01,-3.02,80515,1640096771.12618,0
852.52,5.69,0,0.01,-3.1,80535,1640096771.14663,0
852.52,5.69,0,0.01,-3.2,80555,1640096771.16371,0
852.52,5.69,0,0.01,-3.28,80575,1640096771.18421,0
852.52,5.69,0,0,-3.4,80594,1640096771.20466,0
852.52,5.69,0,0,-3.5,80615,1640096771.22486,0
852.52,5.69,0,0,-3.6,80634,1640096771.24574,0
852.52,5.69,0,0.01,-3.7,80655,1640096771.26615,0
852.52,5.69,0,0.01,-3.8,80674,1640096771.28631,0
852.52,5.69,0,0,-3.9,80695,1640096771.30713,0
852.52,5.69,0,0.01,-3.98,80715,1640096771.32755,0
852.52,5.69,0,0.01,-4.07,80735,1640096771.34333,0
852.52,5.69,0,0.01,-4.15,80754,1640096771.36501,0
852.52,5.69,0,0.01,-4.23,80775,1640096771.38472,0
852.52,5.69,0,0,-4.35,80795,1640096771.40514,0
852.52,5.69,0,0.01,-4.48,80815,1640096771.426,0
852.52,5.69,0,0,-4.62,80834,1640096771.44655,0
852.52,5.69,0,0.01,-4.77,80855,1640096771.46704,0
852.52,5.69,0,0.01,-4.92,80875,1640096771.48852,0
852.52,5.69,0,0,-5.07,80894,1640096771.50443,0
852.52,5.69,0,0.01,-5.22,80915,1640096771.52366,0
852.52,5.69,0,0.01,-5.35,80934,1640096771.54427,0
852.52,5.69,0,0.01,-5.52,80955,1640096771.56484,0
852.52,5.69,0,0.01,-5.72,80974,1640096771.58627,0
852.52,5.69,0,0,-5.93,80995,1640096771.60631,0
852.52,5.69,0,0.01,-6.22,81015,1640096771.63153,0
852.52,5.69,0,0.01,-6.53,81035,1640096771.64683,0
852.52,5.69,0,0.01,-6.83,81054,1640096771.6676,0
852.52,5.69,0,0.01,-7.1,81075,1640096771.68719,0
852.52,5.69,0,0,-7.32,81095,1640096771.71137,0
852.52,5.69,0,0.01,-7.48,81115,1640096771.72441,0
852.52,5.69,0,0.01,-7.62,81135,1640096771.74534,0
852.52,5.69,0,0.01,-7.73,81155,1640096771.76571,0
852.52,5.69,0,0,-7.85,81175,1640096771.78617,0
852.52,5.69,0,0,-7.95,81195,1640096771.80633,0
852.52,5.69,0,0.01,-8.05,81215,1640096771.82646,0
852.52,5.69,0,0.01,-8.15,81234,1640096771.84672,0
852.52,5.69,0,0.01,-8.23,81255,1640096771.86828,0
852.52,5.69,0,0,-8.32,81274,1640096771.88432,0
852.52,5.69,0,0,-8.38,81295,1640096771.90508,0
852.52,5.69,0,0.01,-8.47,81315,1640096771.92529,0
852.52,5.69,0,0.01,-8.53,81335,1640096771.94543,0
852.52,5.69,0,0.01,-8.62,81354,1640096771.96586,0
852.52,5.69,0,0,-8.68,81375,1640096771.98637,0
852.52,5.69,0,0,-8.75,81394,1640096772.00667,0
852.52,5.69,0,0.01,-8.82,81415,1640096772.0277,0
852.52,5.69,0,0.01,-8.88,81434,1640096772.04807,0
852.52,5.69,0,0.01,-8.95,81455,1640096772.06391,0
852.52,5.69,0,0,-9.03,81475,1640096772.08447,0
852.52,5.69,0,0,-9.12,81495,1640096772.10632,0
852.52,5.69,0,0.01,-9.2,81515,1640096772.1264,0
852.52,5.69,0,0.01,-9.3,81534,1640096772.14654,0
852.52,5.69,0,0.01,-9.4,81555,1640096772.167,0
852.52,5.69,0,0,-9.5,81574,1640096772.18729,0
852.52,5.69,0,0,-9.6,81595,1640096772.20736,0
852.52,5.69,0,0.01,-9.7,81615,1640096772.22792,0
852.52,5.69,0,0.01,-9.8,81635,1640096772.245,0
852.52,5.69,0,0.01,-9.88,81654,1640096772.26555,0
852.52,5.69,0,0,-9.95,81675,1640096772.28595,0
852.52,5.69,0,0,-10.03,81695,1640096772.30652,0
852.52,5.69,0,0.01,-10.12,81715,1640096772.3336,0
852.52,5.69,0,0.01,-10.22,81735,1640096772.34863,0
852.52,5.69,0,0.01,-10.33,81755,1640096772.37166,0
852.52,5.69,0,0,-10.43,81775,1640096772.38794,0
852.52,5.69,0,0,-10.53,81795,1640096772.40809,0
852.52,5.69,0,0.01,-10.65,81815,1640096772.42826,0
852.52,5.69,0,0.01,-10.75,81835,1640096772.44546,0
852.52,5.69,0,0.01,-10.87,81855,1640096772.46556,0
852.52,5.69,0,0,-10.97,81874,1640096772.48669,0
852.52,5.69,0,0,-11.08,81895,1640096772.51552,0
852.52,5.69,0,0.01,-11.18,81915,1640096772.52723,0
852.52,5.69,0,0.01,-11.28,81935,1640096772.54758,0
852.52,5.69,0,0.01,-11.38,81955,1640096772.56754,0
852.52,5.69,0,0,-11.47,81975,1640096772.58795,0
852.52,5.69,0,0,-11.57,81995,1640096772.60579,0
852.52,5.69,0,0.01,-11.65,82015,1640096772.6251,0
852.52,5.69,0,0.01,-11.73,82035,1640096772.64533,0
852.52,5.69,0,0.01,-11.8,82055,1640096772.66618,0
852.52,5.69,0,0,-11.88,82074,1640096772.68638,0
852.52,5.69,0,0,-11.95,82095,1640096772.7073,0
852.52,5.69,0,0.01,-12.03,82115,1640096772.72738,0
852.52,5.69,0,0.01,-12.1,82135,1640096772.74802,0
852.52,5.69,0,0.01,-12.18,82155,1640096772.76855,0
852.52,5.69,0,0,-12.27,82174,1640096772.79813,0
852.52,5.69,0,0.01,-12.37,82195,1640096772.80618,0
852.52,5.69,0,0.01,-12.48,82215,1640096772.82597,0
852.52,5.69,0,0.01,-12.62,82235,1640096772.84652,0
852.52,5.69,0,0.01,-12.77,82255,1640096772.8662,0
852.52,5.69,0,0.01,-12.92,82275,1640096772.88732,0
852.52,5.69,0,0,-13.05,82295,1640096772.90702,0
852.52,5.69,0,0.01,-13.17,82315,1640096772.9285,0
852.52,5.69,0,0.01,-13.3,82335,1640096772.94766,0
852.52,5.69,0,0.01,-13.42,82355,1640096772.96927,0
852.52,5.69,0,0.01,-13.52,82375,1640096772.99802,0
852.52,5.69,0,0,-13.6,82395,1640096773.00833,0
852.52,5.69,0,0.01,-13.67,82415,1640096773.02885,0
852.52,5.69,0,0.01,-13.73,82435,1640096773.05144,0
852.52,5.69,0,0.01,-13.8,82455,1640096773.06812,0
852.52,5.69,0,0.01,-13.85,82475,1640096773.08791,0
852.52,5.69,0,0,-13.92,82495,1640096773.10783,0
852.52,5.69,0,0.01,-13.98,82515,1640096773.1384,0
852.52,5.69,0,0.01,-14.07,82535,1640096773.15122,0
852.52,5.69,0,0.01,-14.13,82554,1640096773.16583,0
852.52,5.69,0,0.01,-14.25,82575,1640096773.18633,0
852.52,5.69,0,0,-14.38,82594,1640096773.2062,0
852.52,5.69,0,0.01,-14.53,82615,1640096773.2278,0
852.52,5.69,0,0.01,-14.7,82635,1640096773.24726,0
852.52,5.69,0,0.01,-14.87,82655,1640096773.26768,0
852.52,5.69,0,0.01,-15.02,82675,1640096773.28965,0
852.52,5.69,0,0,-15.18,82695,1640096773.30957,0
852.52,5.69,0,0.01,-15.33,82715,1640096773.33004,0
852.52,5.69,0,0.01,-15.5,82735,1640096773.34582,0
852.52,5.69,0,0.01,-15.65,82755,1640096773.36637,0
852.52,5.69,0,0,-15.77,82775,1640096773.38719,0
852.52,5.69,0,0,-15.88,82795,1640096773.40708,0
852.52,5.69,0,0.01,-16,82814,1640096773.42754,0
852.52,5.69,0,0.01,-16.13,82835,1640096773.44934,0
852.52,5.69,0,0.01,-16.23,82854,1640096773.46919,0
852.52,5.69,0,0.01,-16.33,82875,1640096773.4898,0
852.52,5.69,0,0,-16.42,82894,1640096773.50633,0
852.52,5.69,0,0.01,-16.48,82915,1640096773.52628,0
852.52,5.69,0,0.01,-16.58,82935,1640096773.54672,0
852.52,5.69,0,0.01,-16.7,82955,1640096773.56756,0
852.52,5.69,0,0,-16.83,82975,1640096773.59502,0
852.52,5.69,0,0,-16.95,82995,1640096773.61381,0
852.52,5.69,0,0,-17.08,83015,1640096773.62933,0
852.52,5.69,0,0.01,-17.2,83035,1640096773.64916,0
852.52,5.69,0,0.01,-17.33,83055,1640096773.67001,0
852.52,5.69,0,0.01,-17.47,83075,1640096773.68967,0
852.52,5.69,0,0.01,-17.62,83095,1640096773.70637,0
852.52,5.69,0,0.01,-17.77,83115,1640096773.72663,0
852.52,5.69,0,0.01,-17.95,83135,1640096773.74786,0
852.52,5.69,0,0.01,-18.13,83154,1640096773.76803,0
852.52,5.69,0,0.01,-18.35,83175,1640096773.78984,0
852.52,5.69,0,0.01,-18.57,83195,1640096773.80912,0
852.52,5.69,0,0,-18.77,83215,1640096773.83074,0
852.52,5.69,0,0.01,-18.98,83235,1640096773.85091,0
852.52,5.69,0,0.01,-19.2,83255,1640096773.87118,0
852.52,5.69,0,0,-19.43,83275,1640096773.8889,0
852.52,5.69,0,0.01,-19.68,83295,1640096773.90827,0
852.52,5.69,0,0.01,-19.93,83315,1640096773.92874,0
852.52,5.69,0,0.01,-20.2,83335,1640096773.94926,0
852.52,5.69,0,0.01,-20.47,83355,1640096773.96972,0
852.52,5.69,0,0,-20.7,83375,1640096773.99048,0
852.52,5.69,0,0,-20.93,83395,1640096774.01049,0
852.52,5.69,0,0,-21.15,83415,1640096774.03123,0
852.52,5.69,0,0.01,-21.35,83435,1640096774.05155,0
852.52,5.69,0,0.01,-21.55,83454,1640096774.06719,0
852.52,5.69,0,0,-21.75,83475,1640096774.0898,0
852.52,5.69,0,0,-21.95,83494,1640096774.10858,0
852.52,5.69,0,0,-22.15,83515,1640096774.12856,0
852.52,5.69,0,0.01,-22.37,83534,1640096774.15018,0
852.52,5.69,0,0.01,-22.57,83555,1640096774.1706,0
852.52,5.69,0,0,-22.78,83575,1640096774.19075,0
852.52,5.69,0,0,-22.98,83595,1640096774.21112,0
852.52,5.69,0,0,-23.15,83615,1640096774.23155,0
852.52,5.69,0,0.01,-23.32,83635,1640096774.24732,0
852.52,5.69,0,0.01,-23.48,83655,1640096774.26775,0
852.52,5.69,0,0,-23.67,83675,1640096774.29008,0
852.52,5.69,0,0.01,-23.85,83695,1640096774.30974,0
852.52,5.69,0,0,-24,83715,1640096774.33014,0
852.52,5.69,0,0.01,-24.17,83735,1640096774.35101,0
852.52,5.69,0,0.01,-24.33,83755,1640096774.3716,0
852.52,5.69,0,0,-24.48,83775,1640096774.39163,0
852.52,5.69,0,0.01,-24.65,83794,1640096774.41155,0
852.52,5.69,0,0,-24.82,83815,1640096774.42846,0
852.52,5.69,0,0.01,-25,83835,1640096774.45424,0
852.52,5.69,0,0.01,-25.17,83855,1640096774.47227,0
852.52,5.69,0,0.01,-25.35,83875,1640096774.48936,0
852.52,5.69,0,0.01,-25.52,83895,1640096774.50942,0
852.52,5.69,0,0,-25.68,83914,1640096774.52996,0
852.52,5.69,0,0.01,-25.83,83935,1640096774.55045,0
852.52,5.69,0,0.01,-26,83955,1640096774.57132,0
852.52,5.69,0,0.01,-26.15,83975,1640096774.59143,0
852.52,5.69,0,0.01,-26.3,83995,1640096774.60715,0
852.52,5.69,0,0,-26.47,84015,1640096774.62862,0
852.52,5.69,0,0.01,-26.63,84035,1640096774.64907,0
852.52,5.69,0,0.01,-26.78,84055,1640096774.67197,0
852.52,5.69,0,0.01,-26.93,84075,1640096774.69096,0
852.52,5.69,0,0.01,-27.07,84094,1640096774.71159,0
852.52,5.69,0,0,-27.22,84115,1640096774.7309,0
852.52,5.69,0,0.01,-27.38,84135,1640096774.75091,0
852.52,5.69,0,0.01,-27.55,84155,1640096774.77291,0
852.52,5.69,0,0.01,-27.72,84175,1640096774.78848,0
852.52,5.69,0,0.01,-27.9,84195,1640096774.80833,0
852.52,5.69,0,0,-28.05,84214,1640096774.82889,0
852.52,5.69,0,0.01,-28.2,84235,1640096774.84922,0
852.52,5.69,0,0.01,-28.35,84255,1640096774.87138,0
852.52,5.69,0,0.01,-28.48,84275,1640096774.8904,0
852.52,5.69,0,0.01,-28.63,84295,1640096774.91089,0
852.52,5.69,0,0,-28.77,84315,1640096774.93155,0
852.52,5.69,0,0.01,-28.93,84335,1640096774.95171,0
852.52,5.69,0,0.01,-29.1,84355,1640096774.9731,0
852.52,5.69,0,0.01,-29.27,84375,1640096774.98983,0
852.52,5.69,0,0.01,-29.45,84395,1640096775.00983,0
852.52,5.69,0,0,-29.63,84415,1640096775.02978,0
852.52,5.69,0,0.01,-29.82,84434,1640096775.05042,0
852.52,5.69,0,0.01,-29.97,84455,1640096775.07081,0
852.52,5.69,0,0.01,-30.13,84475,1640096775.09107,0
852.52,5.69,0,0.01,-30.28,84495,1640096775.11208,0
852.52,5.69,0,0,-30.43,84514,1640096775.13235,0
852.52,5.69,0,0.01,-30.58,84535,1640096775.15282,0
852.52,5.69,0,0.01,-30.75,84555,1640096775.17014,0
852.52,5.69,0,0.01,-30.92,84575,1640096775.19014,0
852.52,5.69,0,0.01,-31.08,84595,1640096775.21032,0
852.52,5.69,0,0.01,-31.25,84615,1640096775.23107,0
852.52,5.69,0,0.01,-31.43,84635,1640096775.25534,0
852.52,5.69,0,0.01,-31.62,84655,1640096775.27191,0
852.52,5.69,0,0.01,-31.82,84675,1640096775.29212,0
852.52,5.69,0,0.01,-32,84695,1640096775.31234,0
852.52,5.69,0,0.01,-32.18,84715,1640096775.33266,0
852.52,5.69,0,0.01,-32.35,84734,1640096775.34844,0
852.52,5.69,0,0.01,-32.5,84755,1640096775.37272,0
852.52,5.69,0,0.01,-32.65,84775,1640096775.39293,0
852.52,5.69,0,0.01,-32.78,84795,1640096775.4109,0
852.52,5.69,0,0.01,-32.92,84815,1640096775.43137,0
852.52,5.69,0,0.01,-33.03,84835,1640096775.45158,0
852.52,5.69,0,0.01,-33.17,84855,1640096775.47184,0
852.52,5.69,0,0.01,-33.3,84875,1640096775.49226,0
852.52,5.69,0,0.01,-33.45,84895,1640096775.51198,0
852.52,5.69,0,0.01,-33.58,84915,1640096775.52858,0
852.52,5.69,0,0.01,-33.73,84935,1640096775.54904,0
852.52,5.69,0,0.01,-33.88,84955,1640096775.57071,0
852.52,5.69,0,0.01,-34.03,84975,1640096775.59014,0
852.52,5.69,0,0.01,-34.18,84995,1640096775.61154,0
852.52,5.69,0,0.01,-34.33,85015,1640096775.63201,0
852.52,5.69,0,0.01,-34.48,85035,1640096775.65215,0
852.52,5.69,0,0.01,-34.65,85055,1640096775.67738,0
852.52,5.69,0,0.01,-34.82,85075,1640096775.69488,0
852.52,5.69,0,0.01,-35,85095,1640096775.70923,0
852.52,5.69,0,0.01,-35.18,85115,1640096775.72942,0
852.52,5.69,0,0.01,-35.38,85135,1640096775.74976,0
852.52,5.69,0,0.01,-35.58,85155,1640096775.77116,0
852.52,5.69,0,0.01,-35.77,85175,1640096775.79268,0
852.52,5.69,0,0.01,-35.95,85195,1640096775.81185,0
852.52,5.69,0,0.01,-36.13,85215,1640096775.83183,0
852.52,5.69,0,0.01,-36.3,85235,1640096775.85878,0
852.52,5.69,0,0,-36.48,85255,1640096775.87681,0
852.52,5.69,0,0.01,-36.65,85275,1640096775.89005,0
852.52,5.69,0,0.01,-36.8,85295,1640096775.91039,0
852.52,5.69,0,0.01,-36.97,85315,1640096775.93074,0
852.52,5.69,0,0.01,-37.15,85335,1640096775.95112,0
852.52,5.69,0,0,-37.33,85355,1640096775.97152,0
852.52,5.69,0,0.01,-37.52,85374,1640096775.99199,0
852.52,5.69,0,0.01,-37.7,85395,1640096776.01314,0
852.52,5.69,0,0.01,-37.87,85414,1640096776.03315,0
852.52,5.69,0,0.01,-38.03,85435,1640096776.05364,0
852.52,5.69,0,0,-38.22,85454,1640096776.07051,0
852.52,5.69,0,0.01,-38.38,85475,1640096776.0904,0
852.52,5.69,0,0.01,-38.55,85495,1640096776.11177,0
852.52,5.69,0,0.01,-38.73,85515,1640096776.13169,0
852.52,5.69,0,0.01,-38.9,85535,1640096776.15199,0
852.52,5.69,0,0,-39.03,85555,1640096776.17223,0
852.52,5.69,0,0.01,-39.15,85575,1640096776.19258,0
852.52,5.69,0,0.01,-39.23,85595,1640096776.21291,0
852.52,5.69,0,0.01,-39.32,85615,1640096776.239,0
852.52,5.69,0,0.01,-39.37,85635,1640096776.2515,0
852.52,5.69,0,0,-39.4,85655,1640096776.27084,0
852.52,5.69,0,0.01,-39.43,85676,1640096776.2915,0
852.52,5.69,0,0.01,-39.47,85695,1640096776.31169,0
852.52,5.69,0,0.01,-39.5,85715,1640096776.33165,0
852.52,5.69,0,0.01,-39.52,85735,1640096776.35225,0
852.52,5.69,0,0,-39.55,85754,1640096776.37415,0
852.52,5.69,0,0,-39.57,85775,1640096776.39325,0
852.52,5.69,0,0.01,-39.6,85795,1640096776.41368,0
852.52,5.69,0,0.01,-39.62,85815,1640096776.42946,0
852.52,5.69,0,0.01,-39.65,85835,1640096776.45076,0
852.52,5.69,0,0,-39.67,85855,1640096776.47221,0
852.52,5.69,0,0.01,-39.68,85875,1640096776.4928,0
852.52,5.69,0,0.01,-39.72,85895,1640096776.51291,0
852.52,5.69,0,0.01,-39.73,85915,1640096776.53295,0
852.52,5.69,0,0.01,-39.75,85935,1640096776.55378,0
852.52,5.69,0,0,-39.77,85955,1640096776.57382,0
852.52,5.69,0,0.01,-39.78,85975,1640096776.59465,0
852.52,5.69,0,0.01,-39.82,85995,1640096776.61004,0
852.52,5.69,0,0.01,-39.83,86016,1640096776.63142,0
852.52,5.69,0,0.01,-39.85,86035,1640096776.6518,0
852.52,5.69,0,0,-39.87,86054,1640096776.67199,0
852.52,5.69,0,0.01,-39.88,86075,1640096776.69199,0
852.52,5.69,0,0.01,-39.9,86095,1640096776.71261,0
852.52,5.69,0,0.01,-39.92,86115,1640096776.73285,0
852.52,5.69,0,0.01,-39.93,86134,1640096776.75444,0
852.52,5.69,0,0,-39.95,86155,1640096776.77418,0
852.52,5.69,0,0,-39.97,86175,1640096776.79465,0
852.52,5.69,0,0.01,-39.98,86195,1640096776.81142,0
852.52,5.69,0,0.01,-40,86215,1640096776.83272,0
852.52,5.69,0,0.01,-40.02,86235,1640096776.8527,0
852.52,5.69,0,0,-40.02,86255,1640096776.87266,0
852.52,5.69,0,0,-40.03,86275,1640096776.89394,0
852.52,5.69,0,0.01,-40.03,86295,1640096776.9144,0
852.52,5.69,0,0.01,-40.05,86316,1640096776.93476,0
852.52,5.69,0,0.01,-40.05,86335,1640096776.95517,0
852.52,5.69,0,0,-40.05,86354,1640096776.97103,0
852.52,5.69,0,0,-40.07,86375,1640096776.99122,0
852.52,5.69,0,0.01,-40.07,86394,1640096777.01245,0
852.52,5.69,0,0.01,-40.08,86415,1640096777.03231,0
852.52,5.69,0,0.01,-40.08,86434,1640096777.05374,0
852.52,5.69,0,0,-40.08,86455,1640096777.07423,0
852.52,5.69,0,0,-40.08,86474,1640096777.09441,0
852.52,5.69,0,0.01,-40.1,86495,1640096777.11461,0
852.52,5.69,0,0.01,-40.1,86515,1640096777.13479,0
852.52,5.69,0,0.01,-40.1,86535,1640096777.15555,0
852.52,5.69,0,0,-40.1,86555,1640096777.17227,0
852.52,5.69,0,0,-40.12,86575,1640096777.19235,0
852.52,5.69,0,0.01,-40.12,86595,1640096777.21296,0
852.52,5.69,0,0.01,-40.12,86615,1640096777.233,0
852.52,5.69,0,0.01,-40.12,86635,1640096777.25406,0
852.52,5.69,0,0,-40.12,86654,1640096777.27426,0
852.52,5.69,0,0,-40.13,86675,1640096777.29541,0
852.52,5.69,0,0.01,-40.13,86694,1640096777.31557,0
852.52,5.69,0,0.01,-40.13,86715,1640096777.33138,0
852.52,5.69,0,0.01,-40.13,86734,1640096777.35198,0
852.52,5.69,0,0,-40.15,86755,1640096777.3725,0
852.52,5.69,0,0,-40.15,86774,1640096777.3937,0
852.52,5.69,0,0.01,-40.15,86795,1640096777.41399,0
852.52,5.69,0,0.01,-40.15,86815,1640096777.43444,0
852.52,5.69,0,0.01,-40.15,86835,1640096777.45471,0
852.52,5.69,0,0,-40.15,86855,1640096777.47575,0
852.52,5.69,0,0,-40.15,86875,1640096777.50306,0
852.52,5.69,0,0.01,-40.15,86895,1640096777.51385,0
852.52,5.69,0,0.01,-40.15,86915,1640096777.53314,0
852.52,5.69,0,0.01,-40.15,86935,1640096777.55337,0
852.52,5.69,0,0,-40.15,86955,1640096777.57427,0
852.52,5.69,0,0,-40.15,86975,1640096777.59951,0
852.52,5.69,0,0.01,-40.15,86994,1640096777.61474,0
852.52,5.69,0,0.01,-40.15,87015,1640096777.6338,0
852.52,5.69,0,0.01,-40.15,87034,1640096777.6544,0
852.52,5.69,0,0,-40.15,87055,1640096777.67493,0
852.52,5.69,0,0,-40.15,87074,1640096777.6919,0
852.52,5.69,0,0.01,-40.15,87095,1640096777.71216,0
852.52,5.69,0,0.01,-40.15,87115,1640096777.73286,0
852.52,5.69,0,0.01,-40.15,87135,1640096777.75308,0
852.52,5.69,0,0,-40.15,87155,1640096777.77342,0
852.52,5.69,0,0,-40.15,87175,1640096777.79469,0
852.52,5.69,0,0.01,-40.15,87195,1640096777.81521,0
852.52,5.69,0,0.01,-40.15,87215,1640096777.83535,0
852.52,5.69,0,0.01,-40.15,87235,1640096777.85567,0
852.52,5.69,0,0,-40.15,87255,1640096777.87283,0
852.52,5.69,0,0,-40.15,87275,1640096777.89284,0
852.52,5.69,0,0.01,-40.15,87294,1640096777.91326,0
852.52,5.69,0,0.01,-40.15,87315,1640096777.93352,0
852.52,5.69,0,0.01,-40.15,87334,1640096777.95416,0
852.52,5.69,0,0,-40.15,87355,1640096777.97386,0
852.52,5.69,0,0,-40.13,87374,1640096777.99567,0
852.52,5.69,0,0.01,-40.13,87395,1640096778.01503,0
852.52,5.69,0,0.01,-40.13,87415,1640096778.03644,0
852.52,5.69,0,0.01,-40.13,87435,1640096778.05676,0
852.52,5.69,0,0,-40.13,87454,1640096778.07371,0
852.52,5.69,0,0,-40.12,87475,1640096778.09299,0
852.52,5.69,0,0,-40.12,87495,1640096778.11349,0
852.52,5.69,0,0.01,-40.12,87515,1640096778.13471,0
852.52,5.69,0,0.01,-40.12,87535,1640096778.15518,0
852.52,5.69,0,0.01,-40.1,87556,1640096778.17538,0
852.52,5.69,0,0.01,-40.1,87575,1640096778.19567,0
852.52,5.69,0,0,-40.1,87595,1640096778.21597,0
852.52,5.69,0,0.01,-40.1,87615,1640096778.23657,0
852.52,5.69,0,0.01,-40.1,87635,1640096778.25687,0
852.52,5.69,0,0.01,-40.1,87655,1640096778.27376,0
852.52,5.69,0,0.01,-40.1,87675,1640096778.29373,0
852.52,5.69,0,0,-40.1,87695,1640096778.31413,0
852.52,5.69,0,0.01,-40.1,87715,1640096778.33559,0
852.52,5.69,0,0.01,-40.1,87735,1640096778.3558,0
852.52,5.69,0,0.01,-40.1,87755,1640096778.37646,0
852.52,5.69,0,0.01,-40.1,87775,1640096778.39748,0
852.52,5.69,0,0,-40.1,87795,1640096778.41673,0
852.52,5.69,0,0.01,-40.1,87815,1640096778.43765,0
852.52,5.69,0,0.01,-40.1,87835,1640096778.45365,0
852.52,5.69,0,0.01,-40.1,87856,1640096778.48412,0
852.52,5.69,0,0.01,-40.1,87875,1640096778.49712,0
852.52,5.69,0,0,-40.1,87895,1640096778.51485,0
852.52,5.69,0,0.01,-40.1,87915,1640096778.53525,0
852.52,5.69,0,0.01,-40.1,87936,1640096778.55585,0
852.52,5.69,0,0.01,-40.1,87955,1640096778.57585,0
852.52,5.69,0,0.01,-40.1,87975,1640096778.59711,0
852.52,5.69,0,0.01,-40.1,87995,1640096778.61315,0
852.52,5.69,0,0.01,-40.1,88015,1640096778.63328,0
852.52,5.69,0,0.01,-40.1,88035,1640096778.65459,0
852.52,5.69,0,0.01,-40.1,88055,1640096778.67503,0
852.52,5.69,0,0.01,-40.1,88075,1640096778.6968,0
852.52,5.69,0,0,-40.1,88095,1640096778.71583,0
852.52,5.69,0,0.01,-40.1,88115,1640096778.73695,0
852.52,5.69,0,0.01,-40.1,88135,1640096778.75736,0
852.52,5.69,0,0.01,-40.1,88155,1640096778.77794,0
852.52,5.69,0,0.01,-40.1,88175,1640096778.79909,0
852.52,5.69,0,0.01,-40.1,88195,1640096778.81374,0
852.52,5.69,0,0.01,-40.1,88215,1640096778.83478,0
852.52,5.69,0,0.01,-40.1,88236,1640096778.85451,0
852.52,5.69,0,0.01,-40.1,88255,1640096778.87501,0
852.52,5.69,0,0.01,-40.1,88275,1640096778.89553,0
852.52,5.69,0,0.01,-40.1,88295,1640096778.9222,0
852.52,5.69,0,0.01,-40.1,88315,1640096778.9398,0
852.52,5.69,0,0.01,-40.1,88335,1640096778.95721,0
852.52,5.69,0,0.01,-40.1,88355,1640096778.97763,0
852.52,5.69,0,0.01,-40.1,88375,1640096778.99806,0
852.52,5.69,0,0.01,-40.1,88395,1640096779.01639,0
852.52,5.69,0,0.01,-40.1,88415,1640096779.0354,0
852.52,5.69,0,0.01,-40.1,88435,1640096779.05563,0
852.52,5.69,0,0.01,-40.1,88455,1640096779.07587,0
852.52,5.69,0,0.01,-40.1,88475,1640096779.09648,0
852.52,5.69,0,0.01,-40.1,88495,1640096779.11677,0
852.52,5.69,0,0.01,-40.1,88515,1640096779.13722,0
852.52,5.69,0,0.01,-40.1,88536,1640096779.15801,0
852.52,5.69,0,0.01,-40.1,88555,1640096779.1751,0
852.52,5.69,0,0.01,-40.1,88576,1640096779.19598,0
852.52,5.69,0,0.01,-40.1,88595,1640096779.21626,0
852.52,5.69,0,0.01,-40.1,88615,1640096779.23677,0
852.52,5.69,0,0.01,-40.1,88635,1640096779.25688,0
852.52,5.69,0,0.01,-40.1,88655,1640096779.27747,0
852.52,5.69,0,0.01,-40.1,88675,1640096779.29727,0
852.52,5.69,0,0.01,-40.1,88695,1640096779.3177,0
852.52,5.69,0,0.01,-40.1,88715,1640096779.33887,0
852.52,5.69,0,0.01,-40.1,88735,1640096779.35477,0
852.52,5.69,0,0,-40.1,88755,1640096779.37574,0
852.52,5.69,0,0,-40.1,88775,1640096779.39642,0
852.52,5.69,0,0.01,-40.1,88795,1640096779.41684,0
852.52,5.69,0,0.01,-40.1,88815,1640096779.43756,0
852.52,5.69,0,0,-40.1,88836,1640096779.45746,0
852.52,5.69,0,0,-40.1,88855,1640096779.48232,0
852.52,5.69,0,0,-40.1,88876,1640096779.49778,0
852.52,5.69,0,0.01,-40.1,88895,1640096779.51752,0
852.52,5.69,0,0.01,-40.1,88915,1640096779.53424,0
852.52,5.69,0,0,-40.1,88935,1640096779.55478,0
852.52,5.69,0,0,-40.1,88955,1640096779.57624,0
852.52,5.69,0,0,-40.1,88975,1640096779.5974,0
852.52,5.69,0,0.01,-40.1,88995,1640096779.61757,0
852.52,5.69,0,0.01,-40.1,89015,1640096779.63767,0
852.52,5.69,0,0,-40.1,89035,1640096779.65835,0
852.52,5.69,0,0,-40.1,89055,1640096779.68457,0
852.52,5.69,0,0,-40.1,89075,1640096779.70232,0
852.52,5.69,0,0.01,-40.1,89095,1640096779.71633,0
852.52,5.69,0,0.01,-40.1,89115,1640096779.73578,0
852.52,5.69,0,0,-40.1,89136,1640096779.75678,0
852.52,5.69,0,0,-40.1,89155,1640096779.77654,0
852.52,5.69,0,0,-40.1,89175,1640096779.7971,0
852.52,5.69,0,0.01,-40.1,89195,1640096779.82256,0
852.52,5.69,0,0.01,-40.1,89214,1640096779.83809,0
852.52,5.69,0,0,-40.1,89235,1640096779.85815,0
852.52,5.69,0,0.01,-40.1,89255,1640096779.87978,0
852.52,5.69,0,0.01,-40.1,89275,1640096779.89618,0
852.52,5.69,0,0.01,-40.1,89295,1640096779.91638,0
852.52,5.69,0,0.01,-40.1,89315,1640096779.93665,0
852.52,5.69,0,0,-40.1,89335,1640096779.95698,0
852.52,5.69,0,0.01,-40.1,89355,1640096779.97727,0
852.52,5.69,0,0.01,-40.1,89375,1640096779.99843,0
852.52,5.69,0,0.01,-40.1,89395,1640096780.01915,0
852.52,5.69,0,0.01,-40.1,89415,1640096780.03931,0
852.52,5.69,0,0,-40.1,89435,1640096780.05963,0
852.52,5.69,0,0.01,-40.1,89455,1640096780.07543,0
852.52,5.69,0,0.01,-40.1,89476,1640096780.09643,0
852.52,5.69,0,0.01,-40.1,89495,1640096780.11659,0
852.52,5.69,0,0.01,-40.1,89516,1640096780.13697,0
852.52,5.69,0,0,-40.1,89535,1640096780.1573,0
852.52,5.69,0,0.01,-40.1,89555,1640096780.18793,0
852.52,5.69,0,0,-40.1,89575,1640096780.19885,0
852.52,5.69,0,0.01,-40.1,89595,1640096780.2191,0
852.52,5.69,0,0.01,-40.1,89615,1640096780.24286,0
852.52,5.69,0,0,-40.1,89635,1640096780.26042,0
852.52,5.69,0,0,-40.1,89655,1640096780.28832,0
852.52,5.69,0,0.01,-40.1,89675,1640096780.2973,0
852.52,5.69,0,0.01,-40.1,89695,1640096780.31673,0
852.52,5.69,0,0.01,-40.1,89715,1640096780.33721,0
852.52,5.69,0,0,-40.1,89735,1640096780.35775,0
852.52,5.69,0,0.01,-40.1,89755,1640096780.38864,0
852.52,5.69,0,0.01,-40.1,89776,1640096780.39955,0
852.52,5.69,0,0.01,-40.1,89795,1640096780.41968,0
852.52,5.69,0,0.01,-40.1,89816,1640096780.43991,0
852.52,5.69,0,0,-40.1,89835,1640096780.4564,0
852.52,5.69,0,0,-40.1,89856,1640096780.47743,0
852.52,5.69,0,0.01,-40.1,89875,1640096780.49721,0
852.52,5.69,0,0.01,-40.1,89895,1640096780.5184,0
852.52,5.69,0,0.01,-40.1,89915,1640096780.53776,0
852.52,5.69,0,0,-40.1,89935,1640096780.55826,0
852.52,5.69,0,0.01,-40.1,89955,1640096780.5789,0
852.52,5.69,0,0.01,-40.1,89975,1640096780.60393,0
852.52,5.69,0,0.01,-40.1,89995,1640096780.61615,0
852.52,5.69,0,0.01,-40.1,90015,1640096780.63697,0
852.52,5.69,0,0.01,-40.1,90035,1640096780.65716,0
852.52,5.69,0,0.01,-40.1,90055,1640096780.67775,0
852.52,5.69,0,0.01,-40.1,90075,1640096780.69791,0
852.52,5.69,0,0.01,-40.1,90095,1640096780.71834,0
852.52,5.69,0,0.01,-40.1,90115,1640096780.73971,0
852.52,5.69,0,0.01,-40.1,90135,1640096780.76468,0
852.52,5.69,0,0.01,-40.1,90156,1640096780.78993,0
852.52,5.69,0,0.01,-40.1,90175,1640096780.80162,0
852.52,5.69,0,0.01,-40.1,90195,1640096780.81665,0
852.52,5.69,0,0.01,-40.1,90215,1640096780.83713,0
852.52,5.69,0,0.01,-40.1,90235,1640096780.8583,0
852.52,5.69,0,0,-40.1,90255,1640096780.87828,0
852.52,5.69,0,0.01,-40.1,90275,1640096780.89936,0
852.52,5.69,0,0.01,-40.1,90295,1640096780.91951,0
852.52,5.69,0,0.01,-40.1,90315,1640096780.94572,0
852.52,5.69,0,0.01,-40.1,90335,1640096780.96276,0
852.52,5.69,0,0,-40.1,90355,1640096780.97669,0
852.52,5.69,0,0.01,-40.1,90375,1640096780.99688,0
852.52,5.69,0,0.01,-40.1,90395,1640096781.01716,0
852.52,5.69,0,0.01,-40.1,90415,1640096781.03757,0
852.52,5.69,0,0.01,-40.1,90435,1640096781.05932,0
852.52,5.69,0,0.01,-40.1,90456,1640096781.07995,0
852.52,5.69,0,0.01,-40.1,90475,1640096781.10054,0
852.52,5.69,0,0.01,-40.1,90496,1640096781.12054,0
852.52,5.69,0,0.01,-40.1,90515,1640096781.14105,0
852.52,5.69,0,0.01,-40.1,90535,1640096781.16087,0
852.52,5.69,0,0.01,-40.1,90555,1640096781.1773,0
852.52,5.69,0,0.01,-40.1,90575,1640096781.19871,0
852.52,5.69,0,0.01,-40.1,90595,1640096781.21906,0
852.52,5.69,0,0.01,-40.1,90615,1640096781.23928,0
852.52,5.69,0,0.01,-40.1,90635,1640096781.25988,0
852.52,5.69,0,0.01,-40.1,90655,1640096781.28032,0
852.52,5.69,0,0.01,-40.1,90675,1640096781.30141,0
852.52,5.69,0,0.01,-40.1,90695,1640096781.32111,0
852.52,5.69,0,0.01,-40.1,90715,1640096781.34141,0
852.52,5.69,0,0.01,-40.1,90735,1640096781.35822,0
852.52,5.69,0,0,-40.1,90755,1640096781.37846,0
852.52,5.69,0,0.01,-40.1,90775,1640096781.39867,0
852.52,5.69,0,0.01,-40.1,90796,1640096781.4187,0
852.52,5.69,0,0.01,-40.1,90815,1640096781.44029,0
852.52,5.69,0,0.01,-40.1,90835,1640096781.4608,0
852.52,5.69,0,0,-40.1,90855,1640096781.48094,0
852.52,5.69,0,0,-40.1,90875,1640096781.50111,0
852.52,5.69,0,0.01,-40.1,90895,1640096781.52226,0
852.52,5.69,0,0.01,-40.1,90915,1640096781.53796,0
852.52,5.69,0,0.01,-40.1,90935,1640096781.55821,0
852.52,5.69,0,0,-40.1,90955,1640096781.57869,0
852.52,5.69,0,0,-40.1,90975,1640096781.59914,0
852.52,5.69,0,0.01,-40.1,90995,1640096781.61949,0
852.52,5.69,0,0.01,-40.1,91015,1640096781.64091,0
852.52,5.69,0,0.01,-40.1,91035,1640096781.66127,0
852.52,5.69,0,0,-40.1,91055,1640096781.68122,0
852.52,5.69,0,0,-40.1,91075,1640096781.70208,0
852.52,5.69,0,0.01,-40.1,91096,1640096781.71868,0
852.52,5.69,0,0.01,-40.1,91115,1640096781.7391,0
852.52,5.69,0,0.01,-40.1,91136,1640096781.75933,0
852.52,5.69,0,0.01,-40.1,91155,1640096781.78024,0
852.52,5.69,0,0,-40.1,91175,1640096781.80063,0
852.52,5.69,0,0.01,-40.1,91195,1640096781.8208,0
852.52,5.69,0,0.01,-40.1,91215,1640096781.84183,0
852.52,5.69,0,0.01,-40.1,91235,1640096781.86245,0
852.52,5.69,0,0.01,-40.1,91255,1640096781.88187,0
852.52,5.69,0,0,-40.1,91275,1640096781.89865,0
852.52,5.69,0,0.01,-40.1,91295,1640096781.919,0
852.52,5.69,0,0.01,-40.1,91315,1640096781.94037,0
852.52,5.69,0,0.01,-40.1,91335,1640096781.96109,0
852.52,5.69,0,0,-40.1,91355,1640096781.98128,0
852.52,5.69,0,0.01,-40.1,91375,1640096782.00925,0
852.52,5.69,0,0.01,-40.1,91396,1640096782.02183,0
852.52,5.69,0,0.01,-40.1,91415,1640096782.04123,0
852.52,5.69,0,0.01,-40.1,91436,1640096782.06188,0
852.52,5.69,0,0.01,-40.1,91455,1640096782.07771,0
852.52,5.69,0,0,-40.1,91475,1640096782.09872,0
852.52,5.69,0,0.01,-40.1,91495,1640096782.12101,0
852.52,5.69,0,0.01,-40.1,91515,1640096782.14008,0
852.52,5.69,0,0.01,-40.1,91535,1640096782.16004,0
852.52,5.69,0,0.01,-40.1,91555,1640096782.18158,0
852.52,5.69,0,0,-40.1,91575,1640096782.21026,0
852.52,5.69,0,0.01,-40.1,91595,1640096782.23051,0
852.52,5.69,0,0.01,-40.1,91615,1640096782.24959,0
852.52,5.69,0,0,-40.1,91635,1640096782.25937,0
852.52,5.69,0,0.01,-40.1,91655,1640096782.27969,0
852.52,5.69,0,0.01,-40.1,91675,1640096782.29966,0
852.52,5.69,0,0.01,-40.1,91696,1640096782.32985,0
852.52,5.69,0,0,-40.1,91715,1640096782.34076,0
852.52,5.69,0,0,-40.1,91736,1640096782.36041,0
852.52,5.69,0,0,-40.1,91755,1640096782.38098,0
852.52,5.69,0,0.01,-40.1,91776,1640096782.40223,0
852.52,5.69,0,0.01,-40.1,91795,1640096782.42255,0
852.52,5.69,0,0,-40.1,91815,1640096782.44325,0
852.52,5.69,0,0,-40.1,91835,1640096782.45918,0
852.52,5.69,0,0,-40.1,91855,1640096782.48031,0
852.52,5.69,0,0.01,-40.1,91875,1640096782.50041,0
852.52,5.69,0,0.01,-40.1,91895,1640096782.52097,0
852.52,5.69,0,0,-40.1,91915,1640096782.54174,0
852.52,5.69,0,0,-40.1,91935,1640096782.56167,0
852.52,5.69,0,0,-40.1,91955,1640096782.58868,0
852.52,5.69,0,0.01,-40.1,91975,1640096782.60562,0
852.52,5.69,0,0.01,-40.1,91995,1640096782.61982,0
852.52,5.69,0,0,-40.1,92015,1640096782.64001,0
852.52,5.69,0,0,-40.1,92036,1640096782.66693,0
852.52,5.69,0,0,-40.1,92055,1640096782.68523,0
852.52,5.69,0,0.01,-40.1,92075,1640096782.7137,0
852.52,5.69,0,0.01,-40.1,92095,1640096782.7214,0
852.52,5.69,0,0,-40.1,92115,1640096782.74206,0
852.52,5.69,0,0,-40.1,92135,1640096782.76237,0
852.52,5.69,0,0,-40.1,92155,1640096782.78255,0
852.52,5.69,0,0.01,-40.1,92175,1640096782.79926,0
852.52,5.69,0,0.01,-40.1,92195,1640096782.82055,0
852.52,5.69,0,0,-40.1,92215,1640096782.84539,0
852.52,5.69,0,0,-40.1,92235,1640096782.86181,0
852.52,5.69,0,0,-40.1,92255,1640096782.88121,0
852.52,5.69,0,0.01,-40.1,92275,1640096782.90177,0
852.52,5.69,0,0.01,-40.1,92295,1640096782.92207,0
852.52,5.69,0,0,-40.1,92315,1640096782.9422,0
852.52,5.69,0,0,-40.1,92336,1640096782.96245,0
852.52,5.69,0,0,-40.1,92355,1640096782.97935,0
852.52,5.69,0,0.01,-40.1,92375,1640096782.99939,0
852.52,5.69,0,0.01,-40.1,92395,1640096783.02,0
852.52,5.69,0,0,-40.1,92416,1640096783.04083,0
852.52,5.69,0,0,-40.1,92435,1640096783.06217,0
852.52,5.69,0,0,-40.1,92455,1640096783.08995,0
852.52,5.69,0,0.01,-40.1,92475,1640096783.1038,0
852.52,5.69,0,0.01,-40.1,92495,1640096783.12286,0
852.52,5.69,0,0,-40.1,92515,1640096783.14272,0
852.52,5.69,0,0,-40.1,92535,1640096783.16381,0
852.52,5.69,0,0,-40.1,92555,1640096783.18079,0
852.52,5.69,0,0.01,-40.1,92575,1640096783.2011,0
852.52,5.69,0,0,-40.1,92595,1640096783.22657,0
852.52,5.69,0,0,-40.1,92615,1640096783.24162,0
852.52,5.69,0,0,-40.1,92636,1640096783.26257,0
852.52,5.69,0,0,-40.1,92655,1640096783.28352,0
852.52,5.69,0,0.01,-40.1,92675,1640096783.3036,0
852.52,5.69,0,0,-40.1,92695,1640096783.32308,0
852.52,5.69,0,0,-40.1,92716,1640096783.34439,0
852.52,5.69,0,0,-40.1,92735,1640096783.36026,0
852.52,5.69,0,0,-40.1,92755,1640096783.38237,0
852.52,5.69,0,0.01,-40.1,92775,1640096783.40154,0
852.52,5.69,0,0,-40.1,92794,1640096783.42756,0
852.52,5.69,0,0,-40.1,92815,1640096783.46656,0
852.52,5.69,0,0,-40.1,92835,1640096783.46715,0
852.52,5.69,0,0,-40.1,92855,1640096783.48324,0
852.52,5.69,0,0.01,-40.1,92875,1640096783.50336,0
852.52,5.69,0,0,-40.1,92895,1640096783.52032,0
852.52,5.69,0,0,-40.1,92915,1640096783.5406,0
852.52,5.69,0,0,-40.1,92936,1640096783.56077,0
852.52,5.69,0,0,-40.1,92955,1640096783.58105,0
852.52,5.69,0,0.01,-40.1,92975,1640096783.60218,0
