611.26,-4.81,0,0,102.95,347735,1640097038.81155,0
611.26,-4.81,0,0,102.95,347754,1640097038.81399,0
611.26,-4.81,0,0,102.95,347774,1640097038.81514,0
611.26,-4.81,0,0,102.95,347795,1640097038.81591,0
611.26,-4.81,0,0,102.95,347814,1640097038.81662,0
611.26,-4.81,0,0,102.95,347834,1640097038.83956,0
611.26,-4.81,0,0,102.95,347854,1640097038.86327,0
611.26,-4.81,0,0,102.95,347874,1640097038.86556,0
611.26,-4.81,0,0,102.95,347894,1640097038.88169,0
611.26,-4.81,0,0,102.95,347914,1640097038.90565,0
611.26,-4.81,0,0,102.95,347934,1640097038.93098,0
611.26,-4.81,0,0,102.95,347954,1640097038.94257,0
611.26,-4.81,0,0,102.95,347974,1640097038.96176,0
611.26,-4.81,0,0,102.95,347994,1640097038.98304,0
611.26,-4.81,0,0,102.95,348014,1640097039.00583,0
611.26,-4.81,0,0,102.95,348035,1640097039.02756,0
611.26,-4.81,0,0,102.95,348054,1640097039.04241,0
611.26,-4.81,0,0,102.95,348075,1640097039.06056,0
611.26,-4.81,0,0,102.95,348094,1640097039.08025,0
611.26,-4.81,0,0,102.95,348114,1640097039.10119,0
611.26,-4.81,0,0,102.95,348134,1640097039.12152,0
611.26,-4.81,0,0,102.95,348154,1640097039.14235,0
611.26,-4.81,0,0,102.95,348174,1640097039.16485,0
611.26,-4.81,0,0,102.95,348194,1640097039.18514,0
611.26,-4.81,0,0,102.95,348214,1640097039.20711,0
611.26,-4.81,0,0,102.95,348234,1640097039.22245,0
611.26,-4.81,0,0,102.95,348255,1640097039.24226,0
611.26,-4.81,0,0,102.95,348274,1640097039.26336,0
611.26,-4.81,0,0,102.95,348295,1640097039.2827,0
611.26,-4.81,0,0,102.95,348314,1640097039.31183,0
611.26,-4.81,0,0,102.95,348335,1640097039.32688,0
611.26,-4.81,0,0,102.95,348354,1640097039.34521,0
611.26,-4.81,0,0,102.95,348375,1640097039.36516,0
611.26,-4.81,0,0,102.95,348394,1640097039.38395,0
611.26,-4.81,0,0,102.95,348414,1640097039.40217,0
611.26,-4.81,0,0,102.95,348434,1640097039.42237,0
611.26,-4.81,0,0,102.95,348454,1640097039.44215,0
611.26,-4.81,0,0,102.95,348474,1640097039.46314,0
611.26,-4.81,0,0,102.95,348494,1640097039.4832,0
611.26,-4.81,0,0,102.95,348514,1640097039.50252,0
611.26,-4.81,0,0,102.95,348534,1640097039.52296,0
611.26,-4.81,0,0,102.95,348554,1640097039.5433,0
611.26,-4.81,0,0,102.95,348574,1640097039.56383,0
611.26,-4.81,0,0,102.95,348595,1640097039.58488,0
611.26,-4.81,0,0,102.95,348614,1640097039.60562,0
611.26,-4.81,0,0,102.95,348635,1640097039.62479,0
611.26,-4.81,0,0,102.95,348654,1640097039.64845,0
611.26,-4.81,0,0,102.95,348675,1640097039.67129,0
611.26,-4.81,0,0,102.95,348694,1640097039.68568,0
611.26,-4.81,0,0,102.95,348715,1640097039.70873,0
611.26,-4.81,0,0,102.95,348734,1640097039.72987,0
611.26,-4.81,0,0,102.95,348754,1640097039.74571,0
611.26,-4.81,0,0,102.95,348774,1640097039.76557,0
611.26,-4.81,0,0,102.95,348794,1640097039.78115,0
611.26,-4.81,0,0,102.95,348814,1640097039.8073,0
611.26,-4.81,0,0,102.95,348834,1640097039.82432,0
611.26,-4.81,0,0,102.95,348854,1640097039.84399,0
611.26,-4.81,0,0,102.95,348874,1640097039.86463,0
611.26,-4.81,0,0,102.95,348895,1640097039.88358,0
611.26,-4.81,0,0,102.95,348914,1640097039.9035,0
611.26,-4.81,0,0,102.95,348935,1640097039.92497,0
611.26,-4.81,0,0,102.95,348954,1640097039.94528,0
611.26,-4.81,0,0,102.95,348975,1640097039.96138,0
611.26,-4.81,0,0,102.95,348994,1640097039.98189,0
611.26,-4.81,0,0,102.95,349015,1640097040.00313,0
611.26,-4.81,0,0,102.95,349034,1640097040.0227,0
611.26,-4.81,0,0,102.95,349054,1640097040.0439,0
611.26,-4.81,0,0,102.95,349074,1640097040.06926,0
611.26,-4.81,0,0,102.95,349094,1640097040.09045,0
611.26,-4.81,0,0,102.95,349114,1640097040.10509,0
611.26,-4.81,0,0,102.95,349134,1640097040.12517,0
611.26,-4.81,0,0,102.95,349154,1640097040.14242,0
611.26,-4.81,0,0,102.95,349174,1640097040.1646,0
611.26,-4.81,0,0,102.95,349194,1640097040.18323,0
611.26,-4.81,0,0,102.95,349214,1640097040.20289,0
611.26,-4.81,0,0,102.95,349235,1640097040.22319,0
611.26,-4.81,0,0,102.95,349254,1640097040.24408,0
611.26,-4.81,0,0,102.95,349275,1640097040.26481,0
611.26,-4.81,0,0,102.95,349294,1640097040.28612,0
611.26,-4.81,0,0,102.95,349315,1640097040.30603,0
611.26,-4.81,0,0,102.95,349334,1640097040.32165,0
611.26,-4.81,0,0,102.95,349355,1640097040.34518,0
611.26,-4.81,0,0,102.95,349374,1640097040.37019,0
611.26,-4.81,0,0,102.95,349394,1640097040.38386,0
611.26,-4.81,0,0,102.95,349414,1640097040.40358,0
611.26,-4.81,0,0,102.95,349434,1640097040.43059,0
611.26,-4.81,0,0,102.95,349454,1640097040.44511,0
611.26,-4.81,0,0,102.95,349474,1640097040.46491,0
611.26,-4.81,0,0,102.95,349494,1640097040.48588,0
611.26,-4.81,0,0,102.95,349514,1640097040.50265,0
611.26,-4.81,0,0,102.95,349534,1640097040.52384,0
611.26,-4.81,0,0,102.95,349554,1640097040.5499,0
611.26,-4.81,0,0,102.95,349575,1640097040.56808,0
611.26,-4.81,0,0,102.95,349594,1640097040.5847,0
611.26,-4.81,0,0,102.95,349615,1640097040.60416,0
611.26,-4.81,0,0,102.95,349634,1640097040.62469,0
611.26,-4.81,0,0,102.95,349655,1640097040.64524,0
611.26,-4.81,0,0,102.95,349674,1640097040.66625,0
611.26,-4.81,0,0,102.95,349694,1640097040.68403,0
611.26,-4.81,0,0,102.95,349714,1640097040.70289,0
611.26,-4.81,0,0,102.95,349734,1640097040.72337,0
611.26,-4.81,0,0,102.95,349754,1640097040.74923,0
611.26,-4.81,0,0,102.95,349774,1640097040.76587,0
611.26,-4.81,0,0,102.95,349794,1640097040.78486,0
611.26,-4.81,0,0,102.95,349814,1640097040.80481,0
611.26,-4.81,0,0,102.95,349835,1640097040.82597,0
611.26,-4.81,0,0,102.95,349854,1640097040.84632,0
611.26,-4.81,0,0,102.95,349875,1640097040.86225,0
611.26,-4.81,0,0,102.95,349894,1640097040.88289,0
611.26,-4.81,0,0,102.95,349915,1640097040.90322,0
611.26,-4.81,0,0,102.95,349934,1640097040.9237,0
611.26,-4.81,0,0,102.95,349955,1640097040.94431,0
611.26,-4.81,0,0,102.95,349974,1640097040.96585,0
611.26,-4.81,0,0,102.95,349995,1640097040.98578,0
611.26,-4.81,0,0,102.95,350014,1640097041.00618,0
611.26,-4.81,0,0,102.95,350034,1640097041.02602,0
611.26,-4.81,0,0,102.95,350054,1640097041.04335,0
611.26,-4.81,0,0,102.95,350074,1640097041.06396,0
611.26,-4.81,0,0,102.95,350094,1640097041.08528,0
611.26,-4.81,0,0,102.95,350114,1640097041.10484,0
611.26,-4.81,0,0,102.95,350135,1640097041.12936,0
611.26,-4.81,0,0,102.95,350154,1640097041.14499,0
611.26,-4.81,0,0,102.95,350174,1640097041.16562,0
611.26,-4.81,0,0,102.95,350194,1640097041.18622,0
611.26,-4.81,0,0,102.95,350215,1640097041.20678,0
611.26,-4.81,0,0,102.95,350234,1640097041.22681,0
611.26,-4.81,0,0,102.95,350255,1640097041.24275,0
611.26,-4.81,0,0,102.95,350274,1640097041.26423,0
611.26,-4.81,0,0,102.95,350295,1640097041.28535,0
611.26,-4.81,0,0,102.95,350314,1640097041.31389,0
611.26,-4.81,0,0,102.95,350334,1640097041.32624,0
611.26,-4.81,0,0,102.95,350354,1640097041.34586,0
611.26,-4.81,0,0,102.95,350374,1640097041.36618,0
611.26,-4.81,0,0,102.95,350394,1640097041.38714,0
611.26,-4.81,0,0,102.95,350414,1640097041.40332,0
611.26,-4.81,0,0,102.95,350434,1640097041.42462,0
611.26,-4.81,0,0,102.95,350454,1640097041.44499,0
611.26,-4.81,0,0,102.95,350474,1640097041.46551,0
611.26,-4.81,0,0,102.95,350494,1640097041.48896,0
611.26,-4.81,0,0,102.95,350515,1640097041.50714,0
611.26,-4.81,0,0,102.95,350534,1640097041.52684,0
611.26,-4.81,0,0,102.95,350555,1640097041.54729,0
611.26,-4.81,0,0,102.95,350574,1640097041.56771,0
611.26,-4.81,0,0,102.95,350595,1640097041.58427,0
611.26,-4.81,0,0,102.95,350614,1640097041.60341,0
611.26,-4.81,0,0,102.95,350635,1640097041.62479,0
611.26,-4.81,0,0,102.95,350654,1640097041.6454,0
611.26,-4.81,0,0,102.95,350674,1640097041.66571,0
611.26,-4.81,0,0,102.95,350694,1640097041.68616,0
611.26,-4.81,0,0,102.95,350714,1640097041.70651,0
611.26,-4.81,0,0,102.95,350734,1640097041.72687,0
611.26,-4.81,0,0,102.95,350754,1640097041.74714,0
611.26,-4.81,0,0,102.95,350775,1640097041.76792,0
611.26,-4.81,0,0,102.95,350794,1640097041.78488,0
611.26,-4.81,0,0,102.95,350814,1640097041.80823,0
611.26,-4.81,0,0,102.95,350834,1640097041.8287,0
611.26,-4.81,0,0,102.95,350855,1640097041.84563,0
611.26,-4.81,0,0,102.95,350874,1640097041.86622,0
611.26,-4.81,0,0,102.95,350895,1640097041.88664,0
611.26,-4.81,0,0,102.95,350914,1640097041.91358,0
611.26,-4.81,0,0,102.95,350935,1640097041.93438,0
611.26,-4.81,0,0,102.95,350954,1640097041.94983,0
611.26,-4.81,0,0,102.95,350974,1640097041.96688,0
611.26,-4.81,0,0,102.95,350994,1640097041.98584,0
611.26,-4.81,0,0,102.95,351014,1640097042.00527,0
611.26,-4.81,0,0,102.95,351034,1640097042.02535,0
611.26,-4.81,0,0,102.95,351054,1640097042.04671,0
611.26,-4.81,0,0,102.95,351074,1640097042.06782,0
611.26,-4.81,0,0,102.95,351094,1640097042.08758,0
611.26,-4.81,0,0,102.95,351114,1640097042.10758,0
611.26,-4.81,0,0,102.95,351134,1640097042.12865,0
611.26,-4.81,0,0,102.95,351155,1640097042.14478,0
611.26,-4.81,0,0,102.95,351174,1640097042.16529,0
611.26,-4.81,0,0,102.95,351195,1640097042.18608,0
611.26,-4.81,0,0,102.95,351214,1640097042.20601,0
611.26,-4.81,0,0,102.95,351235,1640097042.22664,0
611.26,-4.81,0,0,102.95,351254,1640097042.24693,0
611.26,-4.81,0,0,102.95,351275,1640097042.26919,0
611.26,-4.81,0,0,102.95,351294,1640097042.28847,0
611.26,-4.81,0,0,102.95,351314,1640097042.30891,0
611.26,-4.81,0,0,102.95,351334,1640097042.32535,0
611.26,-4.81,0,0,102.95,351354,1640097042.3459,0
611.26,-4.81,0,0,102.95,351375,1640097042.36619,0
611.26,-4.81,0,0,102.95,351394,1640097042.38795,0
611.26,-4.81,0,0,102.95,351414,1640097042.40677,0
611.26,-4.81,0,0,102.95,351434,1640097042.42843,0
611.26,-4.81,0,0,102.95,351455,1640097042.44931,0
611.26,-4.81,0,0,102.95,351474,1640097042.46801,0
611.26,-4.81,0,0,102.95,351495,1640097042.48784,0
611.26,-4.81,0,0,102.95,351514,1640097042.50449,0
611.26,-4.81,0,0,102.95,351535,1640097042.53476,0
611.26,-4.81,0,0,102.95,351554,1640097042.54804,0
611.26,-4.81,0,0,102.95,351575,1640097042.56884,0
611.26,-4.81,0,0,102.95,351594,1640097042.58819,0
611.26,-4.81,0,0,102.95,351614,1640097042.60877,0
611.26,-4.81,0,0,102.95,351634,1640097042.62898,0
611.26,-4.81,0,0,102.95,351654,1640097042.64929,0
611.26,-4.81,0,0,102.95,351674,1640097042.6696,0
611.26,-4.81,0,0,102.95,351694,1640097042.68548,0
611.26,-4.81,0,0,102.95,351714,1640097042.70646,0
611.26,-4.81,0,0,102.95,351734,1640097042.72664,0
611.26,-4.81,0,0,102.95,351754,1640097042.7467,0
611.26,-4.81,0,0,102.95,351774,1640097042.76775,0
611.26,-4.81,0,0,102.95,351795,1640097042.78815,0
611.26,-4.81,0,0,102.95,351814,1640097042.80828,0
611.26,-4.81,0,0,102.95,351835,1640097042.82868,0
611.26,-4.81,0,0,102.95,351854,1640097042.849,0
611.26,-4.81,0,0,102.95,351875,1640097042.86623,0
611.26,-4.81,0,0,102.95,351894,1640097042.8869,0
611.26,-4.81,0,0,102.95,351915,1640097042.90703,0
611.26,-4.81,0,0,102.95,351934,1640097042.9272,0
611.26,-4.81,0,0,102.95,351954,1640097042.94854,0
611.26,-4.81,0,0,102.95,351974,1640097042.96902,0
611.26,-4.81,0,0,102.95,351994,1640097042.98988,0
611.26,-4.81,0,0,102.95,352014,1640097043.00994,0
611.26,-4.81,0,0,102.95,352034,1640097043.03041,0
611.26,-4.81,0,0,102.95,352055,1640097043.0525,0
611.26,-4.81,0,0,102.95,352074,1640097043.06742,0
611.26,-4.81,0,0,102.95,352094,1640097043.08707,0
611.26,-4.81,0,0,102.95,352114,1640097043.11277,0
611.26,-4.81,0,0,102.95,352135,1640097043.12886,0
611.26,-4.81,0,0,102.95,352154,1640097043.14784,0
611.26,-4.81,0,0,102.95,352175,1640097043.16832,0
611.26,-4.81,0,0,102.95,352194,1640097043.18954,0
611.26,-4.81,0,0,102.95,352215,1640097043.20902,0
611.26,-4.81,0,0,102.95,352234,1640097043.22561,0
611.26,-4.81,0,0,102.95,352254,1640097043.247,0
611.26,-4.81,0,0,102.95,352274,1640097043.27285,0
611.26,-4.81,0,0,102.95,352294,1640097043.29418,0
611.26,-4.81,0,0,102.95,352315,1640097043.30812,0
611.26,-4.81,0,0,102.95,352334,1640097043.32886,0
611.26,-4.81,0,0,102.95,352354,1640097043.34943,0
611.26,-4.81,0,0,102.95,352374,1640097043.36876,0
611.26,-4.81,0,0,102.95,352394,1640097043.38991,0
611.26,-4.81,0,0,102.95,352414,1640097043.40599,0
611.26,-4.81,0,0,102.95,352435,1640097043.42714,0
611.26,-4.81,0,0,102.95,352454,1640097043.44862,0
611.26,-4.81,0,0,102.95,352475,1640097043.47253,0
611.26,-4.81,0,0,102.96,352494,1640097043.49067,0
611.26,-4.81,0,0,102.96,352515,1640097043.50783,0
611.26,-4.81,0,0,102.98,352534,1640097043.52926,0
611.26,-4.81,0,0,103,352555,1640097043.54968,0
611.26,-4.81,0,0,103.16,352574,1640097043.57006,0
611.26,-4.81,0,0,103.41,352594,1640097043.58981,0
611.26,-4.81,0,0,103.53,352614,1640097043.60631,0
611.26,-4.81,0,0,103.58,352634,1640097043.62765,0
611.26,-4.81,0,0,103.66,352654,1640097043.64876,0
611.26,-4.81,0,0,103.76,352674,1640097043.67042,0
611.26,-4.81,0,0,103.9,352695,1640097043.69014,0
611.26,-4.81,0,0,104.01,352714,1640097043.71025,0
611.26,-4.81,0,0,104.16,352735,1640097043.73623,0
611.26,-4.81,0,0,104.33,352754,1640097043.75264,0
611.26,-4.81,0,0,104.48,352775,1640097043.77136,0
611.26,-4.81,0,0,104.6,352794,1640097043.78732,0
611.26,-4.81,0,0,104.71,352815,1640097043.81036,0
611.26,-4.81,0,0,104.85,352834,1640097043.83005,0
611.26,-4.81,0,0,104.96,352855,1640097043.84917,0
611.26,-4.81,0,0,105.03,352874,1640097043.87,0
611.26,-4.81,0,0,105.03,352894,1640097043.88939,0
611.26,-4.81,0,0,105.03,352915,1640097043.9105,0
611.26,-4.81,0,0,105.03,352934,1640097043.93075,0
611.26,-4.81,0,0,105.03,352955,1640097043.95078,0
611.26,-4.81,0,0,105.03,352974,1640097043.96746,0
611.26,-4.81,0,0,105.03,352995,1640097043.98782,0
611.26,-4.81,0,0,105.03,353014,1640097044.00783,0
611.26,-4.81,0,0,105.03,353035,1640097044.02832,0
611.26,-4.81,0,0,105.03,353054,1640097044.04979,0
611.26,-4.81,0,0,105.03,353075,1640097044.07026,0
611.26,-4.81,0,0,105.03,353094,1640097044.09015,0
611.26,-4.81,0,0,105.01,353115,1640097044.11111,0
611.26,-4.81,0,0,105,353134,1640097044.13127,0
611.26,-4.81,0,0,104.93,353155,1640097044.14725,0
611.26,-4.81,0,0,104.75,353174,1640097044.16849,0
611.26,-4.81,0,0,104.41,353195,1640097044.18872,0
611.26,-4.81,0,0,104,353214,1640097044.20916,0
611.26,-4.81,0,0,103.51,353234,1640097044.22956,0
611.26,-4.81,0,0,103,353254,1640097044.25,0
611.26,-4.81,0,0,102.45,353274,1640097044.2706,0
611.26,-4.81,0,0,101.78,353295,1640097044.29102,0
611.26,-4.81,0,0,101.08,353314,1640097044.31178,0
611.26,-4.81,0,0,100.43,353335,1640097044.32844,0
611.26,-4.81,0,0,99.8,353354,1640097044.34871,0
611.26,-4.81,0,0,99.2,353374,1640097044.36895,0
611.26,-4.81,0,0,98.5,353394,1640097044.38905,0
611.26,-4.81,0,0,97.7,353415,1640097044.40968,0
611.26,-4.81,0,0,96.81,353434,1640097044.43,0
611.26,-4.81,0,0,95.83,353455,1640097044.4555,0
611.26,-4.81,0,0,94.81,353474,1640097044.47434,0
611.26,-4.81,0,0,93.68,353495,1640097044.49145,0
611.26,-4.81,0,0,92.5,353514,1640097044.50724,0
611.26,-4.81,0,0,91.25,353534,1640097044.52768,0
611.26,-4.81,0,0,89.93,353554,1640097044.54842,0
611.26,-4.81,0,0,88.55,353574,1640097044.56893,0
611.26,-4.81,0,0,87.13,353594,1640097044.59688,0
611.26,-4.81,0,0,85.73,353614,1640097044.61054,0
611.26,-4.81,0,0,84.4,353634,1640097044.63092,0
611.26,-4.81,0,0,83.11,353654,1640097044.65121,0
611.26,-4.81,0,0,81.95,353674,1640097044.6726,0
611.26,-4.81,0,0,80.88,353694,1640097044.68816,0
611.26,-4.81,0,0,79.75,353715,1640097044.7093,0
611.26,-4.81,0,0,78.5,353734,1640097044.73,0
611.26,-4.81,0,0,77.06,353755,1640097044.75066,0
611.26,-4.81,0,0,75.53,353774,1640097044.7708,0
611.26,-4.81,0,0,73.93,353795,1640097044.79137,0
611.26,-4.81,0,0,72.43,353814,1640097044.81761,0
611.26,-4.81,0,0,71.06,353835,1640097044.83234,0
611.26,-4.81,0,0,69.91,353854,1640097044.85165,0
611.26,-4.81,0,0,68.93,353874,1640097044.86881,0
611.26,-4.81,0,0,68.08,353894,1640097044.88865,0
611.26,-4.81,0,0,67.26,353914,1640097044.90904,0
611.26,-4.81,0,0,66.55,353934,1640097044.92991,0
611.26,-4.81,0,0,65.88,353954,1640097044.95045,0
611.26,-4.81,0,0,65.23,353974,1640097044.97079,0
611.26,-4.81,0,0,64.58,353994,1640097044.99195,0
611.26,-4.81,0,0,63.93,354014,1640097045.01139,0
611.26,-4.81,0,0,63.26,354034,1640097045.03284,0
611.26,-4.81,0,0,62.61,354055,1640097045.04834,0
611.26,-4.81,0,0,62,354074,1640097045.07003,0
611.26,-4.81,0,0,61.4,354095,1640097045.08965,0
611.26,-4.81,0,0,60.8,354114,1640097045.11018,0
611.26,-4.81,0,0,60.2,354135,1640097045.13154,0
611.26,-4.81,0,0,59.58,354154,1640097045.1517,0
611.26,-4.81,0,0,58.98,354174,1640097045.17248,0
611.26,-4.81,0,0,58.36,354194,1640097045.1918,0
611.26,-4.81,0,0,57.73,354214,1640097045.21584,0
611.26,-4.81,0,0,57.06,354234,1640097045.23028,0
611.26,-4.81,0,0,56.35,354254,1640097045.24973,0
611.26,-4.81,0,0,55.6,354275,1640097045.28145,0
611.26,-4.81,0,0,54.83,354294,1640097045.29244,0
611.26,-4.81,0,0,53.98,354315,1640097045.31174,0
611.26,-4.81,0,0,53.15,354334,1640097045.33177,0
611.26,-4.81,0,0,52.3,354354,1640097045.35215,0
611.26,-4.81,0,0,51.47,354374,1640097045.37265,0
611.26,-4.81,0,0,50.6,354395,1640097045.39302,0
611.26,-4.81,0,0,49.78,354414,1640097045.40979,0
611.26,-4.81,0,0,49.02,354435,1640097045.43002,0
611.26,-4.81,0,0,48.27,354454,1640097045.45047,0
611.26,-4.81,0,0,47.55,354475,1640097045.47107,0
611.26,-4.81,0,0,46.9,354494,1640097045.49175,0
611.26,-4.81,0,0,46.25,354514,1640097045.51199,0
611.26,-4.81,0,0,45.62,354534,1640097045.53236,0
611.26,-4.81,0,0,45.03,354554,1640097045.55265,0
611.26,-4.81,0,0,44.48,354574,1640097045.57303,0
611.26,-4.81,0,0,43.92,354594,1640097045.589,0
611.26,-4.81,0,0.01,43.33,354615,1640097045.61937,0
611.26,-4.81,0,0,42.78,354634,1640097045.63182,0
611.26,-4.81,0,0,42.23,354654,1640097045.65117,0
611.26,-4.81,0,0,41.68,354674,1640097045.67177,0
611.26,-4.81,0,0,41.12,354694,1640097045.69224,0
611.26,-4.81,0,0.01,40.52,354714,1640097045.71249,0
611.26,-4.81,0,0,39.93,354735,1640097045.73288,0
611.26,-4.81,0,0,39.38,354754,1640097045.75368,0
611.26,-4.81,0,0,38.83,354775,1640097045.76987,0
611.26,-4.81,0,0,38.28,354794,1640097045.79048,0
611.26,-4.81,0,0.01,37.75,354814,1640097045.82178,0
611.26,-4.81,0,0,37.25,354834,1640097045.8328,0
611.26,-4.81,0,0,36.75,354854,1640097045.85144,0
611.26,-4.81,0,0,36.22,354874,1640097045.87196,0
611.26,-4.81,0,0,35.65,354894,1640097045.89186,0
611.26,-4.81,0,0.01,35.1,354914,1640097045.91264,0
611.26,-4.81,0,0,34.53,354934,1640097045.93314,0
611.26,-4.81,0,0,33.95,354955,1640097045.95335,0
611.26,-4.81,0,0,33.37,354974,1640097045.97034,0
611.26,-4.81,0,0,32.78,354994,1640097045.99157,0
611.26,-4.81,0,0,32.15,355014,1640097046.01179,0
611.26,-4.81,0,0,31.53,355035,1640097046.03258,0
611.26,-4.81,0,0,30.88,355054,1640097046.05253,0
611.26,-4.81,0,0,30.18,355075,1640097046.07301,0
611.26,-4.81,0,0,29.53,355094,1640097046.09335,0
611.26,-4.81,0,0,28.92,355115,1640097046.11421,0
611.26,-4.81,0,0,28.35,355134,1640097046.13002,0
611.26,-4.81,0,0,27.82,355154,1640097046.15036,0
611.26,-4.81,0,0,27.35,355174,1640097046.17101,0
611.26,-4.81,0,0,26.9,355194,1640097046.1966,0
611.26,-4.81,0,0,26.5,355214,1640097046.21359,0
611.26,-4.81,0,0,26.07,355234,1640097046.23194,0
611.26,-4.81,0,0,25.62,355255,1640097046.25326,0
611.26,-4.81,0,0,25.15,355274,1640097046.27334,0
611.26,-4.81,0,0,24.67,355294,1640097046.29374,0
611.26,-4.81,0,0,24.18,355314,1640097046.31011,0
611.26,-4.81,0,0,23.7,355334,1640097046.33124,0
611.26,-4.81,0,0,23.25,355354,1640097046.35154,0
611.26,-4.81,0,0,22.82,355375,1640097046.37302,0
611.26,-4.81,0,0,22.4,355394,1640097046.39473,0
611.26,-4.81,0,0,21.97,355415,1640097046.41399,0
611.26,-4.81,0,0,21.52,355434,1640097046.43415,0
611.26,-4.81,0,0,21.07,355454,1640097046.45412,0
611.26,-4.81,0,0,20.63,355474,1640097046.47911,0
611.26,-4.81,0,0,20.2,355494,1640097046.49188,0
611.26,-4.81,0,0,19.75,355514,1640097046.51099,0
611.26,-4.81,0,0,19.25,355534,1640097046.53117,0
611.26,-4.81,0,0,18.67,355555,1640097046.55174,0
611.26,-4.81,0,0,18.1,355574,1640097046.57204,0
611.26,-4.81,0,0,17.5,355595,1640097046.59278,0
611.26,-4.81,0,0,16.92,355614,1640097046.61276,0
611.26,-4.81,0,0,16.3,355634,1640097046.63387,0
611.26,-4.81,0,0,15.73,355654,1640097046.65392,0
611.26,-4.81,0,0,15.18,355675,1640097046.675,0
611.26,-4.81,0,0,14.65,355694,1640097046.69107,0
611.26,-4.81,0,0,14.17,355714,1640097046.71104,0
611.26,-4.81,0,0,13.75,355734,1640097046.73234,0
611.26,-4.81,0,0,13.43,355755,1640097046.7545,0
611.26,-4.81,0,0,13.17,355774,1640097046.77428,0
611.26,-4.81,0,0,12.97,355794,1640097046.79501,0
611.26,-4.81,0,0,12.82,355814,1640097046.81426,0
611.26,-4.81,0,0,12.68,355834,1640097046.83371,0
611.26,-4.81,0,0,12.57,355854,1640097046.85411,0
611.26,-4.81,0,0,12.45,355874,1640097046.87107,0
611.26,-4.81,0,0,12.3,355894,1640097046.89127,0
611.26,-4.81,0,0,12.13,355914,1640097046.91282,0
611.26,-4.81,0,0,11.98,355934,1640097046.93322,0
611.26,-4.81,0,0,11.83,355954,1640097046.95361,0
611.26,-4.81,0,0,11.7,355974,1640097046.97399,0
611.26,-4.81,0,0,11.57,355994,1640097047.0029,0
611.26,-4.81,0,0,11.45,356014,1640097047.01468,0
611.26,-4.81,0,0,11.32,356034,1640097047.03145,0
611.26,-4.81,0,0,11.17,356055,1640097047.05093,0
611.26,-4.81,0,0,11.03,356074,1640097047.07146,0
611.26,-4.81,0,0,10.9,356094,1640097047.09323,0
611.26,-4.81,0,0,10.73,356114,1640097047.11322,0
611.26,-4.81,0,0,10.57,356134,1640097047.13479,0
611.26,-4.81,0,0,10.4,356154,1640097047.15509,0
611.26,-4.81,0,0,10.22,356174,1640097047.17551,0
611.26,-4.81,0,0,10.03,356194,1640097047.19573,0
611.26,-4.81,0,0,9.87,356214,1640097047.21175,0
611.26,-4.81,0,0,9.7,356234,1640097047.23232,0
611.26,-4.81,0,0,9.53,356254,1640097047.25287,0
611.26,-4.81,0,0,9.37,356274,1640097047.27819,0
611.26,-4.81,0,0.01,9.2,356294,1640097047.29328,0
611.26,-4.81,0,0,9.03,356314,1640097047.31746,0
611.26,-4.81,0,0,8.87,356334,1640097047.33456,0
611.26,-4.81,0,0,8.7,356354,1640097047.35465,0
611.26,-4.81,0,0,8.53,356374,1640097047.37506,0
611.26,-4.81,0,0.01,8.37,356395,1640097047.39512,0
611.26,-4.81,0,0,8.18,356414,1640097047.41202,0
611.26,-4.81,0,0,8.02,356433,1640097047.43249,0
611.26,-4.81,0,0,7.87,356454,1640097047.45267,0
611.26,-4.81,0,0,7.75,356474,1640097047.47872,0
611.26,-4.81,0,0.01,7.65,356494,1640097047.49394,0
611.26,-4.81,0,0,7.57,356514,1640097047.51399,0
611.26,-4.81,0,0,7.47,356534,1640097047.53407,0
611.26,-4.81,0,0,7.37,356554,1640097047.55523,0
611.26,-4.81,0,0,7.28,356574,1640097047.57548,0
611.26,-4.81,0,0.01,7.18,356594,1640097047.59216,0
611.26,-4.81,0,0,7.08,356614,1640097047.61201,0
611.26,-4.81,0,0,7,356634,1640097047.63375,0
611.26,-4.81,0,0,6.93,356654,1640097047.66269,0
611.26,-4.81,0,0,6.85,356674,1640097047.67813,0
611.26,-4.81,0,0.01,6.77,356695,1640097047.69428,0
611.26,-4.81,0,0,6.68,356714,1640097047.72045,0
611.26,-4.81,0,0,6.58,356733,1640097047.73636,0
611.26,-4.81,0,0,6.48,356754,1640097047.75602,0
611.26,-4.81,0,0,6.37,356774,1640097047.77187,0
611.26,-4.81,0,0.01,6.25,356794,1640097047.79265,0
611.26,-4.81,0,0,6.15,356814,1640097047.81368,0
611.26,-4.81,0,0,6.03,356834,1640097047.8339,0
611.26,-4.81,0,0,5.92,356854,1640097047.85435,0
611.26,-4.81,0,0,5.82,356874,1640097047.87526,0
611.26,-4.81,0,0.01,5.72,356894,1640097047.89494,0
611.26,-4.81,0,0,5.63,356914,1640097047.92154,0
611.26,-4.81,0,0,5.53,356934,1640097047.93944,0
611.26,-4.81,0,0,5.43,356954,1640097047.95533,0
611.26,-4.81,0,0,5.33,356974,1640097047.97554,0
611.26,-4.81,0,0.01,5.2,356995,1640097047.99372,0
611.26,-4.81,0,0,5.08,357014,1640097048.01481,0
611.26,-4.81,0,0,4.95,357035,1640097048.03532,0
611.26,-4.81,0,0,4.83,357054,1640097048.05912,0
611.26,-4.81,0,0,4.7,357074,1640097048.07744,0
611.26,-4.81,0,0.01,4.58,357094,1640097048.09602,0
611.26,-4.81,0,0,4.47,357114,1640097048.11634,0
611.26,-4.81,0,0,4.37,357134,1640097048.13232,0
611.26,-4.81,0,0,4.25,357154,1640097048.15257,0
611.26,-4.81,0,0,4.17,357174,1640097048.1737,0
611.26,-4.81,0,0.01,4.07,357194,1640097048.19445,0
611.26,-4.81,0,0,3.98,357214,1640097048.21442,0
611.26,-4.81,0,0,3.88,357234,1640097048.23597,0
611.26,-4.81,0,0,3.8,357254,1640097048.26016,0
611.26,-4.81,0,0,3.72,357274,1640097048.27697,0
611.26,-4.81,0,0.01,3.62,357295,1640097048.29591,0
611.26,-4.81,0,0,3.53,357314,1640097048.3125,0
611.26,-4.81,0,0,3.43,357335,1640097048.33393,0
611.26,-4.81,0,0,3.32,357354,1640097048.35401,0
611.26,-4.81,0,0,3.22,357373,1640097048.37476,0
611.26,-4.81,0,0.01,3.1,357394,1640097048.39558,0
611.26,-4.81,0,0,3,357413,1640097048.41566,0
611.26,-4.81,0,0,2.9,357434,1640097048.43627,0
611.26,-4.81,0,0,2.8,357454,1640097048.45635,0
611.26,-4.81,0,0,2.72,357474,1640097048.47732,0
611.26,-4.81,0,0.01,2.65,357494,1640097048.49402,0
611.26,-4.81,0,0,2.58,357514,1640097048.51438,0
611.26,-4.81,0,0,2.5,357534,1640097048.5346,0
611.26,-4.81,0,0,2.43,357554,1640097048.55494,0
611.26,-4.81,0,0,2.35,357574,1640097048.57536,0
611.26,-4.81,0,0.01,2.28,357595,1640097048.59545,0
611.26,-4.81,0,0,2.2,357614,1640097048.61657,0
611.26,-4.81,0,0,2.13,357635,1640097048.64245,0
611.26,-4.81,0,0,2.03,357654,1640097048.65928,0
611.26,-4.81,0,0,1.95,357675,1640097048.67564,0
611.26,-4.81,0,0.01,1.83,357694,1640097048.69383,0
611.26,-4.81,0,0,1.73,357713,1640097048.71407,0
611.26,-4.81,0,0,1.62,357734,1640097048.73475,0
611.26,-4.81,0,0,1.5,357754,1640097048.7558,0
611.26,-4.81,0,0,1.38,357774,1640097048.77631,0
611.26,-4.81,0,0.01,1.28,357794,1640097048.79637,0
611.26,-4.81,0,0,1.2,357814,1640097048.82221,0
611.26,-4.81,0,0,1.12,357834,1640097048.83712,0
611.26,-4.81,0,0,1.05,357854,1640097048.85407,0
611.26,-4.81,0,0,0.97,357874,1640097048.88804,0
611.26,-4.81,0,0.01,0.9,357894,1640097048.89491,0
611.26,-4.81,0,0,0.83,357914,1640097048.91487,0
611.26,-4.81,0,0,0.77,357934,1640097048.93503,0
611.26,-4.81,0,0,0.72,357954,1640097048.95563,0
611.26,-4.81,0,0,0.68,357974,1640097048.97643,0
611.26,-4.81,0,0.01,0.63,357994,1640097048.99753,0
611.26,-4.81,0,0,0.58,358013,1640097049.0172,0
611.26,-4.81,0,0,0.53,358034,1640097049.03366,0
611.26,-4.81,0,0,0.48,358053,1640097049.05446,0
611.26,-4.81,0,0,0.42,358074,1640097049.07571,0
611.26,-4.81,0,0.01,0.35,358094,1640097049.09661,0
611.26,-4.81,0,0,0.3,358114,1640097049.11648,0
611.26,-4.81,0,0,0.23,358134,1640097049.13662,0
611.26,-4.81,0,0,0.17,358154,1640097049.15733,0
611.26,-4.81,0,0,0.1,358174,1640097049.17763,0
611.26,-4.81,0,0.01,0.05,358194,1640097049.19884,0
611.26,-4.81,0,0,0,358213,1640097049.2151,0
611.26,-4.81,0,0,-0.05,358235,1640097049.2355,0
611.26,-4.81,0,0,-0.08,358254,1640097049.25621,0
611.26,-4.81,0,0,-0.12,358274,1640097049.27636,0
611.26,-4.81,0,0.01,-0.17,358294,1640097049.29693,0
611.26,-4.81,0,0,-0.2,358313,1640097049.317,0
611.26,-4.81,0,0,-0.25,358334,1640097049.33723,0
611.26,-4.81,0,0,-0.3,358354,1640097049.35874,0
611.26,-4.81,0,0,-0.35,358374,1640097049.37909,0
611.26,-4.81,0,0.01,-0.4,358394,1640097049.39587,0
611.26,-4.81,0,0,-0.45,358414,1640097049.4162,0
611.26,-4.81,0,0,-0.5,358434,1640097049.43643,0
611.26,-4.81,0,0,-0.57,358454,1640097049.45707,0
611.26,-4.81,0,0,-0.62,358474,1640097049.47753,0
611.26,-4.81,0,0.01,-0.68,358494,1640097049.49798,0
611.26,-4.81,0,0,-0.75,358514,1640097049.51765,0
611.26,-4.81,0,0,-0.8,358534,1640097049.53869,0
611.26,-4.81,0,0,-0.85,358554,1640097049.56449,0
611.26,-4.81,0,0,-0.92,358574,1640097049.57929,0
611.26,-4.81,0,0.01,-0.97,358594,1640097049.59486,0
611.26,-4.81,0,0,-1.03,358614,1640097049.61461,0
611.26,-4.81,0,0,-1.08,358634,1640097049.63628,0
611.26,-4.81,0,0,-1.13,358654,1640097049.65671,0
611.26,-4.81,0,0,-1.18,358674,1640097049.67713,0
611.26,-4.81,0,0.01,-1.23,358694,1640097049.6982,0
611.26,-4.81,0,0,-1.3,358714,1640097049.71886,0
611.26,-4.81,0,0,-1.35,358734,1640097049.73841,0
611.26,-4.81,0,0,-1.42,358754,1640097049.75959,0
611.26,-4.81,0,0,-1.47,358774,1640097049.77521,0
611.26,-4.81,0,0.01,-1.53,358794,1640097049.79603,0
611.26,-4.81,0,0,-1.6,358814,1640097049.81645,0
611.26,-4.81,0,0,-1.65,358834,1640097049.83765,0
611.26,-4.81,0,0,-1.7,358854,1640097049.85798,0
611.26,-4.81,0,0,-1.75,358874,1640097049.87751,0
611.26,-4.81,0,0.01,-1.8,358894,1640097049.89905,0
611.26,-4.81,0,0,-1.83,358915,1640097049.91976,0
611.26,-4.81,0,0,-1.87,358934,1640097049.93918,0
611.26,-4.81,0,0,-1.88,358955,1640097049.95593,0
611.26,-4.81,0,0,-1.9,358974,1640097049.97784,0
611.26,-4.81,0,0.01,-1.92,358994,1640097049.99757,0
611.26,-4.81,0,0,-1.92,359014,1640097050.01815,0
611.26,-4.81,0,0,-1.93,359034,1640097050.0371,0
611.26,-4.81,0,0,-1.93,359054,1640097050.0631,0
611.26,-4.81,0,0,-1.93,359074,1640097050.08067,0
611.26,-4.81,0,0,-1.95,359094,1640097050.09814,0
611.26,-4.81,0,0,-1.95,359114,1640097050.11964,0
611.26,-4.81,0,0,-1.95,359134,1640097050.13542,0
611.26,-4.81,0,0,-1.95,359154,1640097050.15574,0
611.26,-4.81,0,0,-1.95,359174,1640097050.17648,0
611.26,-4.81,0,0,-1.95,359194,1640097050.20013,0
611.26,-4.81,0,0,-1.97,359215,1640097050.22081,0
611.26,-4.81,0,0,-1.97,359234,1640097050.23768,0
611.26,-4.81,0,0,-1.97,359255,1640097050.25805,0
611.26,-4.81,0,0,-1.97,359274,1640097050.27916,0
611.26,-4.81,0,0,-1.97,359294,1640097050.2996,0
611.26,-4.81,0,0,-1.97,359314,1640097050.3156,0
611.26,-4.81,0,0,-1.97,359334,1640097050.33605,0
611.26,-4.81,0,0,-1.98,359354,1640097050.35741,0
611.26,-4.81,0,0,-1.98,359373,1640097050.37678,0
611.26,-4.81,0,0.01,-1.98,359394,1640097050.39891,0
611.26,-4.81,0,0,-1.98,359414,1640097050.42467,0
611.26,-4.81,0,0,-1.98,359434,1640097050.44086,0
611.26,-4.81,0,0,-1.98,359454,1640097050.45908,0
611.26,-4.81,0,0.01,-1.98,359474,1640097050.48002,0
611.26,-4.81,0,0,-1.98,359494,1640097050.4965,0
611.26,-4.81,0,0,-1.98,359514,1640097050.51707,0
611.26,-4.81,0,0,-1.98,359534,1640097050.54107,0
611.26,-4.81,0,0,-1.98,359555,1640097050.56118,0
611.26,-4.81,0,0.01,-1.98,359574,1640097050.57816,0
611.26,-4.81,0,0,-1.98,359593,1640097050.59865,0
611.26,-4.81,0,0,-2,359614,1640097050.61882,0
611.26,-4.81,0,0,-2,359634,1640097050.6395,0
611.26,-4.81,0,0,-2,359654,1640097050.66073,0
611.26,-4.81,0,0,-2,359673,1640097050.67655,0
611.26,-4.81,0,0,-2,359694,1640097050.69749,0
611.26,-4.81,0,0,-2,359713,1640097050.71785,0
611.26,-4.81,0,0,-2,359734,1640097050.74333,0
611.26,-4.81,0,0,-2.02,359754,1640097050.76136,0
611.26,-4.81,0,0.01,-2.02,359774,1640097050.7784,0
611.26,-4.81,0,0,-2.02,359794,1640097050.79962,0
611.26,-4.81,0,0,-2.02,359814,1640097050.81972,0
611.26,-4.81,0,0,-2.02,359834,1640097050.84033,0
611.26,-4.81,0,0,-2.02,359854,1640097050.85723,0
611.26,-4.81,0,0.01,-2.02,359874,1640097050.87739,0
611.26,-4.81,0,0,-2.03,359894,1640097050.89717,0
611.26,-4.81,0,0,-2.03,359914,1640097050.9186,0
611.26,-4.81,0,0,-2.03,359934,1640097050.93892,0
611.26,-4.81,0,0,-2.03,359954,1640097050.95975,0
611.26,-4.81,0,0.01,-2.03,359974,1640097050.98005,0
611.26,-4.81,0,0,-2.03,359994,1640097051.00026,0
611.26,-4.81,0,0,-2.03,360014,1640097051.02058,0
611.26,-4.81,0,0,-2.03,360034,1640097051.04173,0
611.26,-4.81,0,0,-2.05,360054,1640097051.05758,0
611.26,-4.81,0,0.01,-2.05,360074,1640097051.07894,0
611.26,-4.81,0,0,-2.05,360094,1640097051.098,0
611.26,-4.81,0,0,-2.05,360114,1640097051.11908,0
611.26,-4.81,0,0,-2.05,360134,1640097051.13955,0
611.26,-4.81,0,0,-2.05,360154,1640097051.16517,0
611.26,-4.81,0,0.01,-2.05,360174,1640097051.18344,0
611.26,-4.81,0,0,-2.05,360194,1640097051.20102,0
611.26,-4.81,0,0,-2.05,360214,1640097051.21738,0
611.26,-4.81,0,0,-2.05,360233,1640097051.24679,0
611.26,-4.81,0,0,-2.05,360254,1640097051.25947,0
611.26,-4.81,0,0.01,-2.05,360274,1640097051.27846,0
611.26,-4.81,0,0,-2.05,360294,1640097051.30083,0
611.26,-4.81,0,0,-2.07,360313,1640097051.31944,0
611.26,-4.81,0,0,-2.07,360334,1640097051.34016,0
611.26,-4.81,0,0,-2.07,360354,1640097051.3604,0
611.26,-4.81,0,0.01,-2.07,360374,1640097051.38053,0
611.26,-4.81,0,0,-2.07,360394,1640097051.39713,0
611.26,-4.81,0,0,-2.07,360414,1640097051.41789,0
611.26,-4.81,0,0,-2.07,360434,1640097051.44816,0
611.26,-4.81,0,0,-2.07,360454,1640097051.46145,0
611.26,-4.81,0,0.01,-2.07,360474,1640097051.47898,0
611.26,-4.81,0,0,-2.07,360494,1640097051.49918,0
611.26,-4.81,0,0,-2.08,360514,1640097051.51927,0
611.26,-4.81,0,0,-2.08,360534,1640097051.54079,0
611.26,-4.81,0,0,-2.08,360554,1640097051.56132,0
611.26,-4.81,0,0.01,-2.08,360574,1640097051.58181,0
611.26,-4.81,0,0,-2.08,360594,1640097051.59861,0
611.26,-4.81,0,0,-2.08,360613,1640097051.61883,0
611.26,-4.81,0,0,-2.08,360634,1640097051.6396,0
611.26,-4.81,0,0,-2.08,360654,1640097051.66026,0
611.26,-4.81,0,0.01,-2.08,360674,1640097051.68106,0
611.26,-4.81,0,0,-2.1,360694,1640097051.70197,0
611.26,-4.81,0,0,-2.1,360715,1640097051.72191,0
611.26,-4.81,0,0,-2.1,360734,1640097051.74234,0
611.26,-4.81,0,0,-2.1,360754,1640097051.76193,0
611.26,-4.81,0,0.01,-2.12,360774,1640097051.77849,0
611.26,-4.81,0,0,-2.12,360794,1640097051.79878,0
611.26,-4.81,0,0,-2.12,360814,1640097051.82085,0
611.26,-4.81,0,0,-2.12,360834,1640097051.84008,0
611.26,-4.81,0,0,-2.12,360854,1640097051.8594,0
611.26,-4.81,0,0.01,-2.12,360875,1640097051.88088,0
611.26,-4.81,0,0,-2.12,360894,1640097051.90047,0
611.26,-4.81,0,0,-2.13,360914,1640097051.92173,0
611.26,-4.81,0,0,-2.13,360934,1640097051.93703,0
611.26,-4.81,0,0,-2.13,360953,1640097051.96083,0
611.26,-4.81,0,0.01,-2.13,360974,1640097051.98234,0
611.26,-4.81,0,0,-2.13,360993,1640097051.99877,0
611.26,-4.81,0,0,-2.13,361014,1640097052.01914,0
611.26,-4.81,0,0,-2.13,361034,1640097052.04056,0
611.26,-4.81,0,0,-2.13,361054,1640097052.06084,0
611.26,-4.81,0,0.01,-2.13,361074,1640097052.0816,0
611.26,-4.81,0,0,-2.13,361094,1640097052.10215,0
611.26,-4.81,0,0,-2.13,361114,1640097052.11839,0
611.26,-4.81,0,0,-2.13,361134,1640097052.13878,0
611.26,-4.81,0,0,-2.13,361154,1640097052.15931,0
611.26,-4.81,0,0.01,-2.13,361174,1640097052.17943,0
611.26,-4.81,0,0,-2.13,361194,1640097052.19965,0
611.26,-4.81,0,0,-2.13,361213,1640097052.22079,0
611.26,-4.81,0,0,-2.13,361234,1640097052.24104,0
611.26,-4.81,0,0,-2.13,361253,1640097052.26235,0
611.26,-4.81,0,0.01,-2.13,361274,1640097052.29021,0
611.26,-4.81,0,0,-2.15,361294,1640097052.30455,0
611.26,-4.81,0,0,-2.15,361314,1640097052.31903,0
611.26,-4.81,0,0,-2.15,361334,1640097052.33917,0
611.26,-4.81,0,0,-2.15,361354,1640097052.35983,0
611.26,-4.81,0,0.01,-2.15,361374,1640097052.38055,0
611.26,-4.81,0,0,-2.15,361394,1640097052.4012,0
611.26,-4.81,0,0,-2.15,361414,1640097052.42105,0
611.26,-4.81,0,0,-2.15,361434,1640097052.4415,0
611.26,-4.81,0,0,-2.17,361454,1640097052.46202,0
611.26,-4.81,0,0.01,-2.22,361474,1640097052.48685,0
611.26,-4.81,0,0,-2.28,361494,1640097052.50214,0
611.26,-4.81,0,0,-2.35,361513,1640097052.51966,0
611.26,-4.81,0,0,-2.43,361534,1640097052.54953,0
611.26,-4.81,0,0,-2.53,361553,1640097052.56391,0
611.26,-4.81,0,0.01,-2.65,361574,1640097052.58136,0
611.26,-4.81,0,0,-2.78,361594,1640097052.601,0
611.26,-4.81,0,0,-2.93,361614,1640097052.62226,0
611.26,-4.81,0,0,-3.08,361634,1640097052.64298,0
611.26,-4.81,0,0,-3.25,361654,1640097052.66354,0
611.26,-4.81,0,0.01,-3.43,361674,1640097052.67931,0
611.26,-4.81,0,0,-3.62,361694,1640097052.70023,0
611.26,-4.81,0,0,-3.82,361714,1640097052.72331,0
611.26,-4.81,0,0,-4,361734,1640097052.74465,0
611.26,-4.81,0,0,-4.18,361754,1640097052.76121,0
611.26,-4.81,0,0.01,-4.38,361775,1640097052.78151,0
611.26,-4.81,0,0,-4.57,361794,1640097052.80149,0
611.26,-4.81,0,0,-4.75,361815,1640097052.82173,0
611.26,-4.81,0,0,-4.93,361834,1640097052.84229,0
611.26,-4.81,0,0,-5.1,361853,1640097052.85944,0
611.26,-4.81,0,0.01,-5.3,361874,1640097052.88011,0
611.26,-4.81,0,0,-5.5,361893,1640097052.90079,0
611.26,-4.81,0,0,-5.75,361914,1640097052.9211,0
611.26,-4.81,0,0,-6,361934,1640097052.94154,0
611.26,-4.81,0,0,-6.28,361954,1640097052.96165,0
611.26,-4.81,0,0.01,-6.58,361974,1640097052.9818,0
611.26,-4.81,0,0,-6.87,361994,1640097053.00356,0
611.26,-4.81,0,0,-7.15,362014,1640097053.02365,0
611.26,-4.81,0,0,-7.43,362034,1640097053.04827,0
611.26,-4.81,0,0,-7.75,362054,1640097053.06122,0
611.26,-4.81,0,0.01,-8.07,362075,1640097053.08084,0
611.26,-4.81,0,0,-8.3,362094,1640097053.1015,0
611.26,-4.81,0,0,-8.52,362115,1640097053.12251,0
611.26,-4.81,0,0,-8.7,362134,1640097053.14294,0
611.26,-4.81,0,0,-8.9,362153,1640097053.16338,0
611.26,-4.81,0,0.01,-9.07,362174,1640097053.18365,0
611.26,-4.81,0,0,-9.22,362193,1640097053.20425,0
611.26,-4.81,0,0,-9.4,362214,1640097053.22116,0
611.26,-4.81,0,0,-9.57,362234,1640097053.24124,0
611.26,-4.81,0,0,-9.75,362254,1640097053.26152,0
611.26,-4.81,0,0.01,-9.93,362274,1640097053.28679,0
611.26,-4.81,0,0,-10.13,362294,1640097053.30522,0
611.26,-4.81,0,0,-10.32,362314,1640097053.32194,0
611.26,-4.81,0,0,-10.52,362335,1640097053.34343,0
611.26,-4.81,0,0,-10.68,362354,1640097053.36299,0
611.26,-4.81,0,0.01,-10.88,362375,1640097053.38333,0
611.26,-4.81,0,0,-11.08,362394,1640097053.40508,0
611.26,-4.81,0,0,-11.32,362415,1640097053.42108,0
611.26,-4.81,0,0,-11.55,362434,1640097053.44119,0
611.26,-4.81,0,0,-11.77,362455,1640097053.46243,0
611.26,-4.81,0,0.01,-11.97,362474,1640097053.48239,0
611.26,-4.81,0,0,-12.17,362494,1640097053.50237,0
611.26,-4.81,0,0,-12.37,362514,1640097053.523,0
611.26,-4.81,0,0,-12.52,362534,1640097053.5441,0
611.26,-4.81,0,0,-12.67,362554,1640097053.56457,0
611.26,-4.81,0,0.01,-12.8,362574,1640097053.58553,0
611.26,-4.81,0,0,-12.93,362594,1640097053.60266,0
611.26,-4.81,0,0,-13.05,362614,1640097053.62116,0
611.26,-4.81,0,0,-13.17,362634,1640097053.64243,0
611.26,-4.81,0,0,-13.27,362654,1640097053.66283,0
611.26,-4.81,0,0.01,-13.37,362675,1640097053.68297,0
611.26,-4.81,0,0,-13.45,362694,1640097053.70322,0
611.26,-4.81,0,0,-13.55,362714,1640097053.72377,0
611.26,-4.81,0,0,-13.65,362734,1640097053.74391,0
611.26,-4.81,0,0,-13.73,362755,1640097053.76546,0
611.26,-4.81,0,0.01,-13.83,362774,1640097053.78133,0
611.26,-4.81,0,0,-13.97,362795,1640097053.80275,0
611.26,-4.81,0,0,-14.1,362814,1640097053.82774,0
611.26,-4.81,0,0,-14.23,362834,1640097053.84237,0
611.26,-4.81,0,0,-14.38,362854,1640097053.86233,0
611.26,-4.81,0,0,-14.53,362874,1640097053.88361,0
611.26,-4.81,0,0,-14.68,362894,1640097053.90379,0
611.26,-4.81,0,0,-14.85,362914,1640097053.92413,0
611.26,-4.81,0,0,-15,362934,1640097053.94489,0
611.26,-4.81,0,0,-15.13,362954,1640097053.96081,0
611.26,-4.81,0,0,-15.25,362974,1640097053.98287,0
611.26,-4.81,0,0,-15.38,362994,1640097054.00241,0
611.26,-4.81,0,0,-15.5,363014,1640097054.02823,0
611.26,-4.81,0,0,-15.62,363034,1640097054.04585,0
611.26,-4.81,0,0,-15.8,363054,1640097054.06753,0
611.26,-4.81,0,0.01,-16.08,363074,1640097054.08457,0
611.26,-4.81,0,0,-16.33,363095,1640097054.104,0
611.26,-4.81,0,0,-16.55,363114,1640097054.12423,0
611.26,-4.81,0,0,-16.7,363134,1640097054.14128,0
611.26,-4.81,0,0,-16.82,363154,1640097054.16149,0
611.26,-4.81,0,0,-16.98,363174,1640097054.18292,0
611.26,-4.81,0,0,-17.18,363194,1640097054.20297,0
611.26,-4.81,0,0,-17.43,363214,1640097054.22365,0
611.26,-4.81,0,0,-17.7,363234,1640097054.24419,0
611.26,-4.81,0,0,-17.97,363254,1640097054.26815,0
611.26,-4.81,0,0,-18.25,363274,1640097054.28618,0
611.26,-4.81,0,0,-18.57,363294,1640097054.30993,0
611.26,-4.81,0,0,-18.95,363314,1640097054.32253,0
611.26,-4.81,0,0,-19.45,363334,1640097054.34256,0
611.26,-4.81,0,0,-19.98,363354,1640097054.36294,0
611.26,-4.81,0,0,-20.53,363374,1640097054.38366,0
611.26,-4.81,0,0,-21,363395,1640097054.40426,0
611.26,-4.81,0,0,-21.37,363414,1640097054.42406,0
611.26,-4.81,0,0,-21.67,363435,1640097054.44537,0
611.26,-4.81,0,0.01,-21.97,363454,1640097054.46582,0
611.26,-4.81,0,0,-22.23,363474,1640097054.48688,0
611.26,-4.81,0,0,-22.47,363494,1640097054.50223,0
611.26,-4.81,0,0,-22.7,363514,1640097054.5229,0
611.26,-4.81,0,0,-22.97,363534,1640097054.54305,0
611.26,-4.81,0,0.01,-23.28,363554,1640097054.56362,0
611.26,-4.81,0,0,-23.62,363574,1640097054.58403,0
611.26,-4.81,0,0,-23.97,363594,1640097054.60433,0
611.26,-4.81,0,0,-24.32,363614,1640097054.62477,0
611.26,-4.81,0,0,-24.68,363634,1640097054.64553,0
611.26,-4.81,0,0.01,-25.05,363655,1640097054.66588,0
611.26,-4.81,0,0,-25.38,363674,1640097054.68273,0
611.26,-4.81,0,0,-25.67,363695,1640097054.70309,0
611.26,-4.81,0,0,-25.9,363714,1640097054.72332,0
611.26,-4.81,0,0,-26.1,363735,1640097054.74351,0
611.26,-4.81,0,0.01,-26.28,363754,1640097054.76482,0
611.26,-4.81,0,0,-26.48,363774,1640097054.79038,0
611.26,-4.81,0,0,-26.67,363794,1640097054.80511,0
611.26,-4.81,0,0,-26.88,363814,1640097054.82529,0
611.26,-4.81,0,0,-27.08,363834,1640097054.84572,0
611.26,-4.81,0,0.01,-27.27,363854,1640097054.86608,0
611.26,-4.81,0,0,-27.43,363874,1640097054.88269,0
611.26,-4.81,0,0,-27.58,363894,1640097054.90311,0
611.26,-4.81,0,0,-27.72,363914,1640097054.9231,0
611.26,-4.81,0,0,-27.85,363934,1640097054.94352,0
611.26,-4.81,0,0.01,-27.97,363955,1640097054.96494,0
611.26,-4.81,0,0,-28.1,363974,1640097054.98577,0
611.26,-4.81,0,0,-28.25,363995,1640097055.00525,0
611.26,-4.81,0,0,-28.4,364014,1640097055.02542,0
611.26,-4.81,0,0,-28.58,364035,1640097055.04247,0
611.26,-4.81,0,0.01,-28.75,364054,1640097055.06408,0
611.26,-4.81,0,0,-28.93,364075,1640097055.08582,0
611.26,-4.81,0,0,-29.12,364094,1640097055.10536,0
611.26,-4.81,0,0,-29.3,364114,1640097055.1248,0
611.26,-4.81,0,0,-29.47,364134,1640097055.15005,0
611.26,-4.81,0,0.01,-29.65,364154,1640097055.16645,0
611.26,-4.81,0,0,-29.82,364174,1640097055.18752,0
611.26,-4.81,0,0,-30,364194,1640097055.20704,0
611.26,-4.81,0,0,-30.17,364214,1640097055.22405,0
611.26,-4.81,0,0,-30.35,364234,1640097055.24414,0
611.26,-4.81,0,0.01,-30.53,364255,1640097055.26503,0
611.26,-4.81,0,0,-30.73,364274,1640097055.28602,0
611.26,-4.81,0,0,-30.93,364295,1640097055.30485,0
611.26,-4.81,0,0,-31.15,364314,1640097055.32525,0
611.26,-4.81,0,0,-31.37,364335,1640097055.34559,0
611.26,-4.81,0,0.01,-31.57,364354,1640097055.36724,0
611.26,-4.81,0,0,-31.75,364375,1640097055.38758,0
611.26,-4.81,0,0,-31.9,364394,1640097055.4032,0
611.26,-4.81,0,0,-32.05,364414,1640097055.42336,0
611.26,-4.81,0,0,-32.2,364434,1640097055.44386,0
611.26,-4.81,0,0.01,-32.35,364454,1640097055.46529,0
611.26,-4.81,0,0,-32.48,364474,1640097055.48639,0
611.26,-4.81,0,0,-32.62,364494,1640097055.50606,0
611.26,-4.81,0,0,-32.77,364514,1640097055.53241,0
611.26,-4.81,0,0,-32.9,364534,1640097055.54589,0
611.26,-4.81,0,0.01,-33.02,364554,1640097055.56699,0
611.26,-4.81,0,0,-33.13,364574,1640097055.58757,0
611.26,-4.81,0,0,-33.27,364594,1640097055.60373,0
611.26,-4.81,0,0,-33.38,364614,1640097055.62387,0
611.26,-4.81,0,0,-33.5,364634,1640097055.64435,0
611.26,-4.81,0,0.01,-33.63,364654,1640097055.66473,0
611.26,-4.81,0,0,-33.78,364675,1640097055.68523,0
611.26,-4.81,0,0,-33.93,364694,1640097055.70553,0
611.26,-4.81,0,0,-34.08,364715,1640097055.7259,0
611.26,-4.81,0,0,-34.23,364734,1640097055.7474,0
611.26,-4.81,0,0.01,-34.37,364754,1640097055.76744,0
611.26,-4.81,0,0,-34.48,364774,1640097055.78428,0
611.26,-4.81,0,0,-34.58,364794,1640097055.80433,0
611.26,-4.81,0,0,-34.7,364814,1640097055.82481,0
611.26,-4.81,0,0,-34.8,364834,1640097055.84516,0
611.26,-4.81,0,0.01,-34.9,364854,1640097055.86513,0
611.26,-4.81,0,0,-34.98,364874,1640097055.88628,0
611.26,-4.81,0,0,-35.08,364894,1640097055.90615,0
611.26,-4.81,0,0,-35.17,364914,1640097055.92715,0
611.26,-4.81,0,0,-35.23,364935,1640097055.94701,0
611.26,-4.81,0,0.01,-35.32,364954,1640097055.96397,0
611.26,-4.81,0,0,-35.38,364975,1640097055.98446,0
611.26,-4.81,0,0,-35.47,364994,1640097056.00479,0
611.26,-4.81,0,0,-35.55,365015,1640097056.0317,0
611.26,-4.81,0,0,-35.63,365034,1640097056.04617,0
611.26,-4.81,0,0.01,-35.73,365054,1640097056.06681,0
611.26,-4.81,0,0,-35.85,365074,1640097056.08684,0
611.26,-4.81,0,0,-35.95,365094,1640097056.10731,0
611.26,-4.81,0,0,-36.08,365114,1640097056.12785,0
611.26,-4.81,0,0,-36.22,365134,1640097056.14503,0
611.26,-4.81,0,0.01,-36.37,365155,1640097056.16598,0
611.26,-4.81,0,0,-36.5,365174,1640097056.18616,0
611.26,-4.81,0,0,-36.63,365194,1640097056.20609,0
611.26,-4.81,0,0,-36.77,365214,1640097056.23148,0
611.26,-4.81,0,0,-36.92,365234,1640097056.24678,0
611.26,-4.81,0,0.01,-37.05,365254,1640097056.26692,0
611.26,-4.81,0,0,-37.2,365274,1640097056.28721,0
611.26,-4.81,0,0,-37.35,365294,1640097056.31615,0
611.26,-4.81,0,0,-37.5,365315,1640097056.32648,0
611.26,-4.81,0,0,-37.65,365334,1640097056.34556,0
611.26,-4.81,0,0.01,-37.82,365355,1640097056.36614,0
611.26,-4.81,0,0,-38,365374,1640097056.38612,0
611.26,-4.81,0,0,-38.17,365394,1640097056.40733,0
611.26,-4.81,0,0,-38.37,365414,1640097056.42657,0
611.26,-4.81,0,0,-38.53,365434,1640097056.44809,0
611.26,-4.81,0,0.01,-38.72,365454,1640097056.46845,0
611.26,-4.81,0,0,-38.88,365474,1640097056.49015,0
611.26,-4.81,0,0,-39.03,365494,1640097056.50931,0
611.26,-4.81,0,0,-39.17,365514,1640097056.5259,0
611.26,-4.81,0,0,-39.28,365534,1640097056.54582,0
611.26,-4.81,0,0.01,-39.4,365554,1640097056.56601,0
611.26,-4.81,0,0,-39.48,365575,1640097056.58597,0
611.26,-4.81,0,0,-39.55,365594,1640097056.61473,0
611.26,-4.81,0,0,-39.6,365614,1640097056.6274,0
611.26,-4.81,0,0,-39.63,365634,1640097056.64751,0
611.26,-4.81,0,0.01,-39.67,365655,1640097056.67557,0
611.26,-4.81,0,0,-39.7,365674,1640097056.69138,0
611.26,-4.81,0,0,-39.72,365694,1640097056.70607,0
611.26,-4.81,0,0,-39.73,365714,1640097056.72657,0
611.26,-4.81,0,0,-39.75,365734,1640097056.75197,0
611.26,-4.81,0,0.01,-39.77,365755,1640097056.7685,0
611.26,-4.81,0,0,-39.78,365774,1640097056.79091,0
611.26,-4.81,0,0,-39.8,365794,1640097056.81264,0
611.26,-4.81,0,0,-39.82,365814,1640097056.82838,0
611.26,-4.81,0,0,-39.82,365834,1640097056.84837,0
611.26,-4.81,0,0,-39.83,365854,1640097056.86932,0
611.26,-4.81,0,0,-39.85,365875,1640097056.88586,0
611.26,-4.81,0,0,-39.87,365894,1640097056.90626,0
611.26,-4.81,0,0,-39.87,365914,1640097056.93179,0
611.26,-4.81,0,0,-39.88,365934,1640097056.94823,0
611.26,-4.81,0,0,-39.9,365955,1640097056.96686,0
611.26,-4.81,0,0,-39.92,365974,1640097056.98729,0
611.26,-4.81,0,0,-39.92,365995,1640097057.00841,0
611.26,-4.81,0,0,-39.93,366014,1640097057.03492,0
611.26,-4.81,0,0,-39.95,366034,1640097057.04987,0
611.26,-4.81,0,0,-39.97,366054,1640097057.0667,0
611.26,-4.81,0,0,-39.98,366074,1640097057.08623,0
611.26,-4.81,0,0,-40,366094,1640097057.11255,0
611.26,-4.81,0,0,-40.02,366114,1640097057.12822,0
611.26,-4.81,0,0,-40.02,366134,1640097057.14874,0
611.26,-4.81,0,0,-40.03,366154,1640097057.16904,0
611.26,-4.81,0,0,-40.03,366175,1640097057.19045,0
611.26,-4.81,0,0,-40.05,366194,1640097057.2104,0
611.26,-4.81,0,0,-40.05,366214,1640097057.22625,0
611.26,-4.81,0,0,-40.05,366234,1640097057.24688,0
611.26,-4.81,0,0,-40.05,366254,1640097057.26697,0
611.26,-4.81,0,0,-40.05,366274,1640097057.28915,0
611.26,-4.81,0,0,-40.05,366295,1640097057.31192,0
611.26,-4.81,0,0,-40.05,366314,1640097057.32833,0
611.26,-4.81,0,0,-40.07,366333,1640097057.34871,0
611.26,-4.81,0,0,-40.07,366354,1640097057.36891,0
611.26,-4.81,0,0,-40.07,366374,1640097057.39773,0
611.26,-4.81,0,0,-40.07,366394,1640097057.40827,0
611.26,-4.81,0,0,-40.07,366414,1640097057.42627,0
611.26,-4.81,0,0,-40.07,366434,1640097057.4475,0
611.26,-4.81,0,0,-40.07,366454,1640097057.46783,0
611.26,-4.81,0,0,-40.07,366474,1640097057.48818,0
611.26,-4.81,0,0,-40.07,366494,1640097057.51428,0
611.26,-4.81,0,0,-40.07,366514,1640097057.53174,0
611.26,-4.81,0,0,-40.07,366534,1640097057.54924,0
611.26,-4.81,0,0,-40.07,366554,1640097057.56979,0
611.26,-4.81,0,0,-40.07,366574,1640097057.59631,0
611.26,-4.81,0,0,-40.07,366594,1640097057.60779,0
611.26,-4.81,0,0,-40.07,366614,1640097057.62804,0
611.26,-4.81,0,0,-40.07,366633,1640097057.64846,0
611.26,-4.81,0,0,-40.07,366654,1640097057.67319,0
611.26,-4.81,0,0,-40.07,366674,1640097057.69236,0
611.26,-4.81,0,0,-40.07,366694,1640097057.71087,0
611.26,-4.81,0,0,-40.07,366714,1640097057.72919,0
611.26,-4.81,0,0,-40.07,366734,1640097057.74934,0
611.26,-4.81,0,0,-40.07,366754,1640097057.76654,0
611.26,-4.81,0,0,-40.07,366774,1640097057.78634,0
611.26,-4.81,0,0,-40.07,366794,1640097057.80769,0
611.26,-4.81,0,0,-40.07,366814,1640097057.82764,0
611.26,-4.81,0,0,-40.07,366834,1640097057.84809,0
611.26,-4.81,0,0,-40.07,366854,1640097057.87039,0
611.26,-4.81,0,0,-40.07,366874,1640097057.88836,0
611.26,-4.81,0,0,-40.07,366894,1640097057.90882,0
611.26,-4.81,0,0,-40.07,366914,1640097057.92952,0
611.26,-4.81,0,0,-40.07,366934,1640097057.94673,0
611.26,-4.81,0,0,-40.07,366954,1640097057.9673,0
611.26,-4.81,0,0,-40.07,366974,1640097057.98675,0
611.26,-4.81,0,0,-40.07,366994,1640097058.00757,0
611.26,-4.81,0,0,-40.07,367014,1640097058.02887,0
611.26,-4.81,0,0,-40.07,367034,1640097058.04912,0
611.26,-4.81,0,0,-40.07,367054,1640097058.06931,0
611.26,-4.81,0,0,-40.07,367074,1640097058.08968,0
611.26,-4.81,0,0,-40.05,367094,1640097058.10994,0
611.26,-4.81,0,0,-40.05,367114,1640097058.13155,0
611.26,-4.81,0,0,-40.05,367134,1640097058.14726,0
611.26,-4.81,0,0,-40.03,367155,1640097058.16769,0
611.26,-4.81,0,0,-40.03,367174,1640097058.18884,0
611.26,-4.81,0,0,-40.03,367195,1640097058.21469,0
611.26,-4.81,0,0,-40.03,367214,1640097058.23198,0
611.26,-4.81,0,0.01,-40.02,367235,1640097058.25037,0
611.26,-4.81,0,0,-40.02,367254,1640097058.27119,0
611.26,-4.81,0,0,-40.02,367275,1640097058.29074,0
611.26,-4.81,0,0,-40.02,367294,1640097058.31076,0
611.26,-4.81,0,0,-40.02,367314,1640097058.3279,0
611.26,-4.81,0,0,-40.02,367334,1640097058.35669,0
611.26,-4.81,0,0,-40.02,367354,1640097058.37112,0
611.26,-4.81,0,0,-40.02,367374,1640097058.3888,0
611.26,-4.81,0,0,-40.02,367394,1640097058.40912,0
611.26,-4.81,0,0,-40.02,367414,1640097058.42999,0
611.26,-4.81,0,0.01,-40.02,367434,1640097058.45112,0
611.26,-4.81,0,0,-40.02,367454,1640097058.4714,0
611.26,-4.81,0,0,-40.02,367474,1640097058.49125,0
611.26,-4.81,0,0,-40.02,367494,1640097058.50802,0
611.26,-4.81,0,0,-40.02,367514,1640097058.52815,0
611.26,-4.81,0,0.01,-40.02,367535,1640097058.54929,0
611.26,-4.81,0,0,-40.02,367554,1640097058.57085,0
611.26,-4.81,0,0,-40.02,367575,1640097058.59029,0
611.26,-4.81,0,0,-40.02,367594,1640097058.61012,0
611.26,-4.81,0,0,-40.02,367614,1640097058.63053,0
611.26,-4.81,0,0,-40.02,367634,1640097058.65185,0
611.26,-4.81,0,0,-40.02,367654,1640097058.67143,0
611.26,-4.81,0,0,-40.02,367674,1640097058.68758,0
611.26,-4.81,0,0,-40.02,367694,1640097058.70913,0
611.26,-4.81,0,0,-40.02,367714,1640097058.72969,0
611.26,-4.81,0,0,-40.02,367734,1640097058.7502,0
611.26,-4.81,0,0,-40.02,367754,1640097058.77088,0
611.26,-4.81,0,0,-40.02,367774,1640097058.79104,0
611.26,-4.81,0,0,-40.02,367794,1640097058.8112,0
611.26,-4.81,0,0,-40.02,367814,1640097058.83125,0
611.26,-4.81,0,0,-40.02,367835,1640097058.85248,0
611.26,-4.81,0,0,-40.02,367854,1640097058.86833,0
611.26,-4.81,0,0,-40.02,367874,1640097058.88859,0
611.26,-4.81,0,0,-40,367894,1640097058.90969,0
611.26,-4.81,0,0,-40,367913,1640097058.93049,0
611.26,-4.81,0,0,-40,367934,1640097058.95062,0
611.26,-4.81,0,0,-40,367954,1640097058.97102,0
611.26,-4.81,0,0,-40,367974,1640097058.99137,0
611.26,-4.81,0,0,-40,367994,1640097059.01127,0
611.26,-4.81,0,0,-40,368014,1640097059.03351,0
611.26,-4.81,0,0,-39.98,368034,1640097059.04887,0
611.26,-4.81,0,0,-39.98,368054,1640097059.06924,0
611.26,-4.81,0,0,-39.98,368074,1640097059.08969,0
611.26,-4.81,0,0,-39.98,368094,1640097059.1095,0
611.26,-4.81,0,0,-39.98,368114,1640097059.13101,0
611.26,-4.81,0,0,-39.98,368134,1640097059.15156,0
611.26,-4.81,0,0,-39.98,368154,1640097059.17192,0
611.26,-4.81,0,0,-39.98,368174,1640097059.19224,0
611.26,-4.81,0,0,-39.98,368194,1640097059.21248,0
611.26,-4.81,0,0,-39.98,368214,1640097059.2291,0
611.26,-4.81,0,0,-39.98,368234,1640097059.24967,0
611.26,-4.81,0,0,-39.98,368254,1640097059.27286,0
611.26,-4.81,0,0,-39.98,368274,1640097059.29311,0
611.26,-4.81,0,0,-39.98,368294,1640097059.31063,0
611.26,-4.81,0,0,-39.98,368314,1640097059.33096,0
611.26,-4.81,0,0,-39.98,368334,1640097059.35148,0
611.26,-4.81,0,0,-39.98,368354,1640097059.37222,0
611.26,-4.81,0,0,-39.98,368374,1640097059.39177,0
611.26,-4.81,0,0,-39.98,368394,1640097059.40842,0
611.26,-4.81,0,0,-39.98,368414,1640097059.42986,0
611.26,-4.81,0,0,-39.98,368435,1640097059.45035,0
611.26,-4.81,0,0,-39.98,368454,1640097059.4707,0
611.26,-4.81,0,0,-39.98,368474,1640097059.49171,0
611.26,-4.81,0,0,-39.98,368494,1640097059.51143,0
611.26,-4.81,0,0,-39.98,368514,1640097059.5316,0
611.26,-4.81,0,0,-39.98,368534,1640097059.55164,0
611.26,-4.81,0,0,-39.98,368555,1640097059.57267,0
611.26,-4.81,0,0,-39.98,368574,1640097059.59025,0
611.26,-4.81,0,0,-39.98,368594,1640097059.6099,0
611.26,-4.81,0,0,-39.98,368614,1640097059.62992,0
611.26,-4.81,0,0,-39.98,368634,1640097059.65163,0
611.26,-4.81,0,0,-39.98,368654,1640097059.6717,0
611.26,-4.81,0,0,-39.98,368674,1640097059.69287,0
611.26,-4.81,0,0,-39.98,368694,1640097059.7115,0
611.26,-4.81,0,0,-39.98,368714,1640097059.734,0
611.26,-4.81,0,0,-39.98,368734,1640097059.75287,0
611.26,-4.81,0,0,-39.98,368754,1640097059.77316,0
611.26,-4.81,0,0,-39.98,368774,1640097059.79077,0
611.26,-4.81,0,0,-39.98,368794,1640097059.81012,0
611.26,-4.81,0,0,-39.98,368814,1640097059.83113,0
611.26,-4.81,0,0,-39.98,368834,1640097059.85138,0
611.26,-4.81,0,0,-39.98,368855,1640097059.87148,0
611.26,-4.81,0,0,-39.98,368874,1640097059.892,0
611.26,-4.81,0,0,-39.98,368894,1640097059.9124,0
611.26,-4.81,0,0,-39.98,368914,1640097059.93253,0
611.26,-4.81,0,0,-39.98,368934,1640097059.9531,0
611.26,-4.81,0,0,-39.98,368954,1640097059.97859,0
611.26,-4.81,0,0,-39.98,368974,1640097059.99927,0
611.26,-4.81,0,0,-39.98,368994,1640097060.01146,0
611.26,-4.81,0,0,-39.98,369014,1640097060.03154,0
611.26,-4.81,0,0,-39.98,369034,1640097060.05237,0
611.26,-4.81,0,0,-39.98,369054,1640097060.07228,0
611.26,-4.81,0,0,-39.98,369074,1640097060.09269,0
611.26,-4.81,0,0,-39.98,369094,1640097060.11247,0
611.26,-4.81,0,0,-39.98,369114,1640097060.12913,0
611.26,-4.81,0,0,-39.98,369134,1640097060.15926,0
611.26,-4.81,0,0,-39.98,369154,1640097060.17218,0
611.26,-4.81,0,0,-39.98,369174,1640097060.19068,0
611.26,-4.81,0,0,-39.98,369193,1640097060.21132,0
611.26,-4.81,0,0,-39.98,369214,1640097060.23136,0
611.26,-4.81,0,0,-39.98,369234,1640097060.25291,0
611.26,-4.81,0,0,-39.98,369254,1640097060.27227,0
611.26,-4.81,0,0,-39.98,369274,1640097060.29303,0
611.26,-4.81,0,0,-39.98,369294,1640097060.30994,0
611.26,-4.81,0,0,-39.98,369314,1640097060.3298,0
611.26,-4.81,0,0,-39.98,369334,1640097060.35054,0
611.26,-4.81,0,0,-39.98,369354,1640097060.37251,0
611.26,-4.81,0,0,-39.98,369374,1640097060.39271,0
611.26,-4.81,0,0,-39.98,369394,1640097060.41269,0
611.26,-4.81,0,0,-39.98,369414,1640097060.43336,0
611.26,-4.81,0,0,-39.98,369434,1640097060.45342,0
611.26,-4.81,0,0,-39.98,369454,1640097060.47347,0
611.26,-4.81,0,0,-39.98,369474,1640097060.49409,0
611.26,-4.81,0,0,-39.98,369494,1640097060.51088,0
611.26,-4.81,0,0,-39.98,369514,1640097060.53147,0
611.26,-4.81,0,0,-39.98,369534,1640097060.55305,0
611.26,-4.81,0,0,-39.98,369554,1640097060.57358,0
611.26,-4.81,0,0,-39.98,369574,1640097060.59432,0
611.26,-4.81,0,0,-39.98,369594,1640097060.61439,0
611.26,-4.81,0,0,-39.98,369614,1640097060.63374,0
611.26,-4.81,0,0,-39.98,369634,1640097060.6541,0
611.26,-4.81,0,0,-39.98,369654,1640097060.67449,0
611.26,-4.81,0,0,-39.98,369674,1640097060.69132,0
611.26,-4.81,0,0,-39.98,369694,1640097060.71152,0
611.26,-4.81,0,0,-39.98,369714,1640097060.73199,0
611.26,-4.81,0,0,-39.98,369734,1640097060.75247,0
611.26,-4.81,0,0,-39.98,369754,1640097060.77378,0
611.26,-4.81,0,0,-39.98,369774,1640097060.79292,0
611.26,-4.81,0,0,-39.98,369795,1640097060.82193,0
611.26,-4.81,0,0,-39.98,369814,1640097060.83826,0
611.26,-4.81,0,0,-39.98,369835,1640097060.85548,0
611.26,-4.81,0,0,-39.98,369854,1640097060.87842,0
611.26,-4.81,0,0,-39.98,369874,1640097060.89217,0
611.26,-4.81,0,0,-39.98,369894,1640097060.91214,0
611.26,-4.81,0,0,-39.98,369914,1640097060.93272,0
611.26,-4.81,0,0,-39.98,369934,1640097060.95247,0
611.26,-4.81,0,0,-39.98,369954,1640097060.97251,0
611.26,-4.81,0,0,-39.98,369974,1640097060.9933,0
611.26,-4.81,0,0,-39.98,369994,1640097061.01325,0
611.26,-4.81,0,0,-39.98,370014,1640097061.0408,0
611.26,-4.81,0,0,-39.98,370034,1640097061.05166,0
611.26,-4.81,0,0,-39.98,370054,1640097061.07216,0
611.26,-4.81,0,0,-39.98,370074,1640097061.0922,0
611.26,-4.81,0,0,-39.98,370094,1640097061.11329,0
611.26,-4.81,0,0,-39.98,370114,1640097061.13351,0
611.26,-4.81,0,0,-39.98,370135,1640097061.15407,0
611.26,-4.81,0,0,-39.98,370154,1640097061.17584,0
611.26,-4.81,0,0,-39.98,370174,1640097061.19545,0
611.26,-4.81,0,0,-39.98,370194,1640097061.21512,0
611.26,-4.81,0,0,-39.98,370214,1640097061.2324,0
611.26,-4.81,0,0,-39.98,370234,1640097061.25215,0
611.26,-4.81,0,0,-39.98,370254,1640097061.27366,0
611.26,-4.81,0,0,-39.98,370274,1640097061.30548,0
611.26,-4.81,0,0,-39.98,370294,1640097061.31275,0
611.26,-4.81,0,0,-39.98,370314,1640097061.33467,0
611.26,-4.81,0,0,-39.98,370334,1640097061.35546,0
611.26,-4.81,0,0,-39.98,370355,1640097061.38051,0
611.26,-4.81,0,0,-39.98,370374,1640097061.39765,0
611.26,-4.81,0,0,-39.98,370395,1640097061.4113,0
611.26,-4.81,0,0,-39.98,370414,1640097061.43132,0
611.26,-4.81,0,0,-39.98,370434,1640097061.45203,0
611.26,-4.81,0,0,-39.98,370454,1640097061.4732,0
611.26,-4.81,0,0,-39.98,370475,1640097061.49312,0
611.26,-4.81,0,0,-39.98,370494,1640097061.51611,0
611.26,-4.81,0,0,-39.98,370514,1640097061.53629,0
611.26,-4.81,0,0,-39.98,370534,1640097061.55538,0
611.26,-4.81,0,0,-39.98,370554,1640097061.57844,0
611.26,-4.81,0,0,-39.98,370574,1640097061.5923,0
611.26,-4.81,0,0,-39.98,370594,1640097061.61262,0
611.26,-4.81,0,0,-39.98,370614,1640097061.63597,0
611.26,-4.81,0,0,-39.98,370634,1640097061.65327,0
611.26,-4.81,0,0,-39.98,370654,1640097061.67374,0
611.26,-4.81,0,0,-39.98,370674,1640097061.69366,0
611.26,-4.81,0,0,-39.98,370694,1640097061.7183,0
611.26,-4.81,0,0,-39.98,370714,1640097061.73489,0
611.26,-4.81,0,0,-39.98,370734,1640097061.75474,0
611.26,-4.81,0,0,-39.98,370754,1640097061.77219,0
611.26,-4.81,0,0,-39.98,370774,1640097061.79255,0
611.26,-4.81,0,0,-39.98,370794,1640097061.81242,0
611.26,-4.81,0,0,-39.98,370814,1640097061.83387,0
611.26,-4.81,0,0,-39.98,370834,1640097061.85395,0
611.26,-4.81,0,0,-39.98,370854,1640097061.87435,0
611.26,-4.81,0,0,-39.98,370874,1640097061.8946,0
611.26,-4.81,0,0,-39.98,370894,1640097061.9148,0
611.26,-4.81,0,0,-39.98,370914,1640097061.93535,0
611.26,-4.81,0,0,-39.98,370934,1640097061.95245,0
611.26,-4.81,0,0,-39.98,370955,1640097061.97243,0
611.26,-4.81,0,0,-39.98,370974,1640097061.99328,0
611.26,-4.81,0,0,-39.98,370994,1640097062.01325,0
611.26,-4.81,0,0,-39.98,371014,1640097062.03868,0
611.26,-4.81,0,0,-39.98,371034,1640097062.05554,0
611.26,-4.81,0,0,-39.98,371054,1640097062.07553,0
611.26,-4.81,0,0,-39.98,371075,1640097062.09873,0
611.26,-4.81,0,0,-39.98,371094,1640097062.11596,0
611.26,-4.81,0,0,-39.98,371113,1640097062.13277,0
611.26,-4.81,0,0,-39.98,371134,1640097062.15233,0
611.26,-4.81,0,0,-39.98,371154,1640097062.17322,0
