481.64,3.39,0,0.01,40.6,55760,1641906280.93862,0
481.64,3.39,0,0.01,40.6,55781,1641906280.93933,0
481.64,3.39,0,0.01,40.6,55800,1641906280.94,0
481.64,3.39,0,0.01,40.6,55821,1641906280.94069,0
481.64,3.39,0,0.01,40.6,55840,1641906280.94189,0
481.64,3.39,0,0.01,40.6,55861,1641906280.97964,0
481.64,3.39,0,0.01,40.6,55880,1641906280.98077,0
481.64,3.39,0,0.01,40.6,55901,1641906281.04169,0
481.64,3.39,0,0.01,40.6,55920,1641906281.04329,0
481.64,3.39,0,0.01,40.6,55941,1641906281.04458,0
481.64,3.39,0,0.01,40.6,55961,1641906281.07152,0
481.64,3.39,0,0.01,40.6,55981,1641906281.08023,0
481.64,3.39,0,0.01,40.6,56001,1641906281.10013,0
481.64,3.39,0,0.01,40.6,56020,1641906281.11974,0
481.64,3.39,0,0.01,40.6,56041,1641906281.1442,0
481.64,3.39,0,0.01,40.6,56060,1641906281.16226,0
481.64,3.39,0,0.01,40.6,56081,1641906281.18274,0
481.64,3.39,0,0.01,40.6,56100,1641906281.19866,0
481.64,3.39,0,0.01,40.6,56121,1641906281.21867,0
481.64,3.39,0,0.01,40.6,56140,1641906281.23942,0
481.64,3.39,0,0.01,40.6,56161,1641906281.25984,0
481.64,3.39,0,0.01,40.6,56180,1641906281.2803,0
481.64,3.39,0,0.01,40.6,56201,1641906281.30123,0
481.64,3.39,0,0.01,40.6,56220,1641906281.32624,0
481.64,3.39,0,0.01,40.6,56241,1641906281.34338,0
481.64,3.39,0,0.01,40.6,56260,1641906281.3664,0
481.64,3.39,0,0.01,40.6,56281,1641906281.38085,0
481.64,3.39,0,0.01,40.6,56301,1641906281.40164,0
481.64,3.39,0,0.01,40.6,56321,1641906281.42576,0
481.64,3.39,0,0.01,40.6,56341,1641906281.44087,0
481.64,3.39,0,0.01,40.6,56360,1641906281.46463,0
481.64,3.39,0,0.01,40.6,56381,1641906281.48625,0
481.64,3.39,0,0.01,40.6,56400,1641906281.5034,0
481.64,3.39,0,0.01,40.6,56421,1641906281.52229,0
481.64,3.39,0,0.01,40.6,56440,1641906281.54317,0
481.64,3.39,0,0.01,40.6,56461,1641906281.55931,0
481.64,3.39,0,0.01,40.6,56480,1641906281.58813,0
481.64,3.39,0,0.01,40.6,56501,1641906281.60728,0
481.64,3.39,0,0.01,40.6,56520,1641906281.62103,0
481.64,3.39,0,0.01,40.6,56541,1641906281.64613,0
481.64,3.39,0,0.01,40.6,56560,1641906281.66325,0
481.64,3.39,0,0.01,40.6,56581,1641906281.68443,0
481.64,3.39,0,0.01,40.6,56601,1641906281.70307,0
481.64,3.39,0,0.01,40.6,56621,1641906281.72265,0
481.64,3.39,0,0.01,40.6,56641,1641906281.73983,0
481.64,3.39,0,0.01,40.6,56660,1641906281.7595,0
481.64,3.39,0,0.01,40.6,56681,1641906281.77987,0
481.64,3.39,0,0.01,40.6,56700,1641906281.80103,0
481.64,3.39,0,0.01,40.6,56721,1641906281.8211,0
481.64,3.39,0,0.01,40.6,56740,1641906281.84135,0
481.64,3.39,0,0.01,40.6,56761,1641906281.86178,0
481.64,3.39,0,0.01,40.6,56780,1641906281.88229,0
481.64,3.39,0,0.01,40.6,56801,1641906281.90263,0
481.64,3.39,0,0.01,40.6,56820,1641906281.92368,0
481.64,3.39,0,0.01,40.6,56841,1641906281.94041,0
481.64,3.39,0,0.01,40.6,56860,1641906281.96068,0
481.64,3.39,0,0.01,40.6,56881,1641906281.98097,0
481.64,3.39,0,0.01,40.6,56900,1641906282.00121,0
481.64,3.39,0,0.01,40.6,56921,1641906282.02157,0
481.64,3.39,0,0.01,40.6,56941,1641906282.04266,0
481.64,3.39,0,0.01,40.6,56961,1641906282.0632,0
481.64,3.39,0,0.01,40.6,56981,1641906282.08345,0
481.64,3.39,0,0.01,40.6,57000,1641906282.1039,0
481.64,3.39,0,0.01,40.6,57021,1641906282.13009,0
481.64,3.39,0,0.01,40.6,57040,1641906282.14226,0
481.64,3.39,0,0.01,40.6,57061,1641906282.16136,0
481.64,3.39,0,0.01,40.6,57080,1641906282.18103,0
481.64,3.39,0,0.01,40.6,57101,1641906282.20263,0
481.64,3.39,0,0.01,40.6,57120,1641906282.22248,0
481.64,3.39,0,0.01,40.6,57141,1641906282.24311,0
481.64,3.39,0,0.01,40.6,57160,1641906282.26344,0
481.64,3.39,0,0.01,40.6,57181,1641906282.28376,0
481.64,3.39,0,0.01,40.6,57200,1641906282.29974,0
481.64,3.39,0,0.01,40.6,57221,1641906282.32084,0
481.64,3.39,0,0.01,40.6,57241,1641906282.34169,0
481.64,3.39,0,0.01,40.6,57261,1641906282.36227,0
481.64,3.39,0,0.01,40.6,57281,1641906282.38258,0
481.64,3.39,0,0.01,40.6,57300,1641906282.4024,0
481.64,3.39,0,0.01,40.6,57321,1641906282.42317,0
481.64,3.39,0,0.01,40.6,57340,1641906282.45254,0
481.64,3.39,0,0.01,40.6,57361,1641906282.46484,0
481.64,3.39,0,0.01,40.6,57380,1641906282.48046,0
481.64,3.39,0,0.01,40.6,57401,1641906282.50103,0
481.64,3.39,0,0.01,40.6,57420,1641906282.52051,0
481.64,3.39,0,0.01,40.6,57441,1641906282.54225,0
481.64,3.39,0,0.01,40.6,57460,1641906282.56606,0
481.64,3.39,0,0.01,40.6,57481,1641906282.58569,0
481.64,3.39,0,0.01,40.6,57500,1641906282.60413,0
481.64,3.39,0,0.01,40.6,57521,1641906282.62356,0
481.64,3.39,0,0.01,40.6,57540,1641906282.64398,0
481.64,3.39,0,0.01,40.6,57561,1641906282.6608,0
481.64,3.39,0,0.01,40.6,57581,1641906282.68132,0
481.64,3.39,0,0.01,40.6,57601,1641906282.70164,0
481.64,3.39,0,0.01,40.6,57621,1641906282.72153,0
481.64,3.39,0,0.01,40.6,57640,1641906282.74869,0
481.64,3.39,0,0.01,40.6,57661,1641906282.7641,0
481.64,3.39,0,0.01,40.6,57680,1641906282.78464,0
481.64,3.39,0,0.01,40.6,57701,1641906282.80516,0
481.64,3.39,0,0.01,40.6,57720,1641906282.82458,0
481.64,3.39,0,0.01,40.6,57741,1641906282.8415,0
481.64,3.39,0,0.01,40.6,57760,1641906282.86091,0
481.64,3.39,0,0.01,40.6,57781,1641906282.88145,0
481.64,3.39,0,0.01,40.6,57800,1641906282.90827,0
481.64,3.39,0,0.01,40.6,57821,1641906282.92255,0
481.64,3.39,0,0.01,40.6,57840,1641906282.94474,0
481.64,3.39,0,0.01,40.6,57861,1641906282.96507,0
481.64,3.39,0,0.01,40.6,57881,1641906282.98669,0
481.64,3.39,0,0.01,40.6,57901,1641906283.00768,0
481.64,3.39,0,0.01,40.6,57921,1641906283.02124,0
481.64,3.39,0,0.01,40.6,57940,1641906283.04183,0
481.64,3.39,0,0.01,40.6,57961,1641906283.06249,0
481.64,3.39,0,0.01,40.6,57980,1641906283.08279,0
481.64,3.39,0,0.01,40.6,58001,1641906283.10388,0
481.64,3.39,0,0.01,40.6,58020,1641906283.12989,0
481.64,3.39,0,0.01,40.6,58041,1641906283.14431,0
481.64,3.39,0,0.01,40.6,58060,1641906283.16792,0
481.64,3.39,0,0.01,40.6,58081,1641906283.18691,0
481.64,3.39,0,0.01,40.6,58100,1641906283.2032,0
481.64,3.39,0,0.01,40.6,58121,1641906283.22244,0
481.64,3.39,0,0.01,40.6,58140,1641906283.24281,0
481.64,3.39,0,0.01,40.6,58161,1641906283.2631,0
481.64,3.39,0,0.01,40.6,58180,1641906283.28422,0
481.64,3.39,0,0.01,40.6,58201,1641906283.30406,0
481.64,3.39,0,0.01,40.6,58221,1641906283.32416,0
481.64,3.39,0,0.01,40.6,58241,1641906283.34542,0
481.64,3.39,0,0.01,40.6,58261,1641906283.36581,0
481.64,3.39,0,0.01,40.6,58280,1641906283.38154,0
481.64,3.39,0,0.01,40.6,58301,1641906283.40319,0
481.64,3.39,0,0.01,40.6,58320,1641906283.42843,0
481.64,3.39,0,0.01,40.6,58341,1641906283.44552,0
481.64,3.39,0,0.01,40.6,58360,1641906283.46888,0
481.64,3.39,0,0.01,40.6,58381,1641906283.48791,0
481.64,3.39,0,0.01,40.6,58400,1641906283.50398,0
481.64,3.39,0,0.01,40.6,58421,1641906283.5262,0
481.64,3.39,0,0.01,40.6,58440,1641906283.54547,0
481.64,3.39,0,0.01,40.6,58461,1641906283.56152,0
481.64,3.39,0,0.01,40.6,58480,1641906283.58154,0
481.64,3.39,0,0.01,40.6,58501,1641906283.60347,0
481.64,3.39,0,0.01,40.6,58521,1641906283.62285,0
481.64,3.39,0,0.01,40.6,58541,1641906283.64357,0
481.64,3.39,0,0.01,40.6,58561,1641906283.66346,0
481.64,3.39,0,0.01,40.6,58580,1641906283.68414,0
481.64,3.39,0,0.01,40.6,58601,1641906283.7046,0
481.64,3.39,0,0.01,40.6,58620,1641906283.7252,0
481.64,3.39,0,0.01,40.6,58641,1641906283.74155,0
481.64,3.39,0,0.01,40.6,58660,1641906283.7628,0
481.64,3.39,0,0.01,40.6,58681,1641906283.78279,0
481.64,3.39,0,0.01,40.6,58700,1641906283.8034,0
481.64,3.39,0,0.01,40.6,58721,1641906283.8238,0
481.64,3.39,0,0.01,40.6,58740,1641906283.84433,0
481.64,3.39,0,0.01,40.6,58761,1641906283.86501,0
481.64,3.39,0,0.01,40.6,58780,1641906283.88449,0
481.64,3.39,0,0.01,40.6,58801,1641906283.90573,0
481.64,3.39,0,0.01,40.6,58820,1641906283.92655,0
481.64,3.39,0,0.01,40.6,58841,1641906283.94318,0
481.64,3.39,0,0.01,40.6,58861,1641906283.96255,0
481.64,3.39,0,0.01,40.6,58881,1641906283.98312,0
481.64,3.39,0,0.01,40.6,58901,1641906284.00374,0
481.64,3.39,0,0.01,40.6,58920,1641906284.02456,0
481.64,3.39,0,0.01,40.6,58941,1641906284.04419,0
481.64,3.39,0,0.01,40.6,58960,1641906284.06562,0
481.64,3.39,0,0.01,40.6,58981,1641906284.08596,0
481.64,3.39,0,0.01,40.6,59000,1641906284.10628,0
481.64,3.39,0,0.01,40.6,59021,1641906284.12247,0
481.64,3.39,0,0.01,40.6,59040,1641906284.14334,0
481.64,3.39,0,0.01,40.6,59061,1641906284.16401,0
481.64,3.39,0,0.01,40.6,59080,1641906284.18448,0
481.64,3.39,0,0.01,40.6,59101,1641906284.2039,0
481.64,3.39,0,0.01,40.6,59120,1641906284.22505,0
481.64,3.39,0,0.01,40.6,59141,1641906284.24537,0
481.64,3.39,0,0.01,40.6,59161,1641906284.26556,0
481.64,3.39,0,0.01,40.6,59181,1641906284.28648,0
481.64,3.39,0,0.01,40.6,59201,1641906284.30784,0
481.64,3.39,0,0.01,40.6,59220,1641906284.32481,0
481.64,3.39,0,0.01,40.6,59241,1641906284.34425,0
481.64,3.39,0,0.01,40.6,59260,1641906284.3647,0
481.64,3.39,0,0.01,40.6,59281,1641906284.3852,0
481.64,3.39,0,0.01,40.6,59300,1641906284.40532,0
481.64,3.39,0,0.01,40.6,59321,1641906284.42597,0
481.64,3.39,0,0.01,40.6,59340,1641906284.44604,0
481.64,3.39,0,0.01,40.6,59361,1641906284.46724,0
481.64,3.39,0,0.01,40.6,59380,1641906284.48327,0
481.64,3.39,0,0.01,40.6,59401,1641906284.51298,0
481.64,3.39,0,0.01,40.6,59420,1641906284.52549,0
481.64,3.39,0,0.01,40.6,59441,1641906284.54388,0
481.64,3.39,0,0.01,40.6,59460,1641906284.56615,0
481.64,3.39,0,0.01,40.6,59481,1641906284.58616,0
481.64,3.39,0,0.01,40.6,59501,1641906284.60565,0
481.64,3.39,0,0.01,40.6,59521,1641906284.62692,0
481.64,3.39,0,0.01,40.6,59541,1641906284.64708,0
481.64,3.39,0,0.01,40.6,59560,1641906284.66418,0
481.64,3.39,0,0.01,40.6,59581,1641906284.68391,0
481.64,3.39,0,0.01,40.6,59600,1641906284.70426,0
481.64,3.39,0,0.01,40.6,59621,1641906284.72458,0
481.64,3.39,0,0.01,40.6,59640,1641906284.74559,0
481.64,3.39,0,0.01,40.6,59661,1641906284.76611,0
481.64,3.39,0,0.01,40.6,59680,1641906284.78716,0
481.64,3.39,0,0.01,40.6,59701,1641906284.80751,0
481.64,3.39,0,0.01,40.6,59720,1641906284.82778,0
481.64,3.39,0,0.01,40.6,59741,1641906284.84361,0
481.64,3.39,0,0.01,40.6,59760,1641906284.86489,0
481.64,3.39,0,0.01,40.6,59781,1641906284.88511,0
481.64,3.39,0,0.01,40.6,59801,1641906284.91202,0
481.64,3.39,0,0.01,40.6,59821,1641906284.92485,0
481.64,3.39,0,0.01,40.6,59841,1641906284.94571,0
481.64,3.39,0,0.01,40.6,59860,1641906284.96652,0
481.64,3.39,0,0.01,40.6,59881,1641906284.98693,0
481.64,3.39,0,0.01,40.6,59900,1641906285.00756,0
481.64,3.39,0,0.01,40.6,59921,1641906285.02831,0
481.64,3.39,0,0.01,40.6,59940,1641906285.0449,0
481.64,3.39,0,0.01,40.6,59961,1641906285.06448,0
481.64,3.39,0,0.01,40.6,59980,1641906285.0851,0
481.64,3.39,0,0.01,40.6,60001,1641906285.11406,0
481.64,3.39,0,0.01,40.6,60020,1641906285.12765,0
481.64,3.39,0,0.01,40.6,60041,1641906285.14745,0
481.64,3.39,0,0.01,40.6,60060,1641906285.16719,0
481.64,3.39,0,0.01,40.6,60081,1641906285.18758,0
481.64,3.39,0,0.01,40.6,60100,1641906285.20449,0
481.64,3.39,0,0.01,40.6,60121,1641906285.2251,0
481.64,3.39,0,0.01,40.6,60141,1641906285.24543,0
481.64,3.39,0,0.01,40.6,60161,1641906285.26578,0
481.64,3.39,0,0.01,40.6,60181,1641906285.28611,0
481.64,3.39,0,0.01,40.6,60200,1641906285.30627,0
481.64,3.39,0,0.01,40.6,60221,1641906285.33108,0
481.64,3.39,0,0.01,40.6,60240,1641906285.3475,0
481.64,3.39,0,0.01,40.6,60261,1641906285.36749,0
481.64,3.39,0,0.01,40.6,60280,1641906285.3842,0
481.64,3.39,0,0.01,40.6,60301,1641906285.40516,0
481.64,3.39,0,0.01,40.6,60320,1641906285.4265,0
481.64,3.39,0,0.01,40.6,60341,1641906285.44671,0
481.64,3.39,0,0.01,40.6,60360,1641906285.46702,0
481.64,3.39,0,0.01,40.6,60381,1641906285.48753,0
481.64,3.39,0,0.01,40.6,60400,1641906285.50764,0
481.64,3.39,0,0.01,40.6,60421,1641906285.52794,0
481.64,3.39,0,0.01,40.6,60440,1641906285.54784,0
481.64,3.39,0,0.01,40.6,60461,1641906285.56942,0
481.64,3.39,0,0.01,40.6,60481,1641906285.58542,0
481.64,3.39,0,0.01,40.6,60500,1641906285.60594,0
481.64,3.39,0,0.01,40.6,60521,1641906285.62675,0
481.64,3.39,0,0.01,40.6,60540,1641906285.64676,0
481.64,3.39,0,0.01,40.6,60561,1641906285.66714,0
481.64,3.39,0,0.01,40.6,60580,1641906285.68847,0
481.64,3.39,0,0.01,40.6,60601,1641906285.709,0
481.64,3.39,0,0.01,40.6,60620,1641906285.72829,0
481.64,3.39,0,0.01,40.6,60641,1641906285.745,0
481.64,3.39,0,0.01,40.6,60660,1641906285.76608,0
481.64,3.39,0,0.01,40.6,60681,1641906285.78666,0
481.64,3.39,0,0.01,40.6,60700,1641906285.80825,0
481.64,3.39,0,0.01,40.6,60721,1641906285.82717,0
481.64,3.39,0,0.01,40.6,60740,1641906285.84751,0
481.64,3.39,0,0.01,40.6,60761,1641906285.868,0
481.64,3.39,0,0.01,40.6,60781,1641906285.88872,0
481.64,3.39,0,0.01,40.6,60801,1641906285.9091,0
481.64,3.39,0,0.01,40.6,60821,1641906285.92896,0
481.64,3.39,0,0.01,40.6,60840,1641906285.94617,0
481.64,3.39,0,0.01,40.6,60861,1641906285.96655,0
481.64,3.39,0,0.01,40.6,60880,1641906285.98704,0
481.64,3.39,0,0.01,40.6,60901,1641906286.00791,0
481.64,3.39,0,0.01,40.6,60920,1641906286.02731,0
481.64,3.39,0,0.01,40.6,60941,1641906286.04893,0
481.64,3.39,0,0.01,40.6,60960,1641906286.06942,0
481.64,3.39,0,0.01,40.6,60981,1641906286.08881,0
481.64,3.39,0,0.01,40.6,61000,1641906286.10921,0
481.64,3.39,0,0.01,40.6,61021,1641906286.12647,0
481.64,3.39,0,0.01,40.6,61040,1641906286.14716,0
481.64,3.39,0,0.01,40.6,61061,1641906286.16726,0
481.64,3.39,0,0.01,40.6,61080,1641906286.19179,0
481.64,3.39,0,0.01,40.6,61101,1641906286.20832,0
481.64,3.39,0,0.01,40.6,61121,1641906286.23008,0
481.64,3.39,0,0.01,40.6,61140,1641906286.25045,0
481.64,3.39,0,0.01,40.6,61161,1641906286.26881,0
481.64,3.39,0,0.01,40.6,61180,1641906286.28993,0
481.64,3.39,0,0.01,40.6,61201,1641906286.30653,0
481.64,3.39,0,0.01,40.6,61220,1641906286.32618,0
481.64,3.39,0,0.01,40.6,61241,1641906286.34638,0
481.64,3.39,0,0.01,40.6,61260,1641906286.37251,0
481.64,3.39,0,0.01,40.6,61281,1641906286.38974,0
481.64,3.39,0,0.01,40.6,61300,1641906286.41384,0
481.64,3.39,0,0.01,40.6,61321,1641906286.42862,0
481.64,3.39,0,0.01,40.6,61340,1641906286.45151,0
481.64,3.39,0,0.01,40.6,61361,1641906286.47022,0
481.64,3.39,0,0.01,40.6,61380,1641906286.486,0
481.64,3.39,0,0.01,40.6,61401,1641906286.50613,0
481.64,3.39,0,0.01,40.6,61421,1641906286.52698,0
481.64,3.39,0,0.01,40.6,61441,1641906286.54719,0
481.64,3.39,0,0.01,40.6,61461,1641906286.56767,0
481.64,3.39,0,0.01,40.6,61480,1641906286.58842,0
481.64,3.39,0,0.01,40.6,61501,1641906286.60867,0
481.64,3.39,0,0.01,40.6,61520,1641906286.63009,0
481.64,3.39,0,0.01,40.6,61541,1641906286.65087,0
481.64,3.39,0,0.01,40.6,61560,1641906286.66679,0
481.64,3.39,0,0.01,40.6,61581,1641906286.6869,0
481.64,3.39,0,0.01,40.6,61600,1641906286.71431,0
481.64,3.39,0,0.01,40.6,61621,1641906286.72945,0
481.64,3.39,0,0.01,40.6,61640,1641906286.7486,0
481.64,3.39,0,0.01,40.6,61661,1641906286.76852,0
481.64,3.39,0,0.01,40.6,61680,1641906286.78872,0
481.64,3.39,0,0.01,40.6,61701,1641906286.81549,0
481.64,3.39,0,0.01,40.6,61720,1641906286.83282,0
481.64,3.39,0,0.01,40.6,61741,1641906286.8462,0
481.64,3.39,0,0.01,40.6,61761,1641906286.86637,0
481.64,3.39,0,0.01,40.6,61780,1641906286.88681,0
481.64,3.39,0,0.01,40.6,61801,1641906286.91465,0
481.64,3.39,0,0.01,40.6,61820,1641906286.92933,0
481.64,3.39,0,0.01,40.6,61841,1641906286.94919,0
481.64,3.39,0,0.01,40.6,61860,1641906286.96969,0
481.64,3.39,0,0.01,40.6,61881,1641906286.99,0
481.64,3.39,0,0.01,40.6,61900,1641906287.00991,0
481.64,3.39,0,0.01,40.6,61921,1641906287.0272,0
481.64,3.39,0,0.01,40.6,61940,1641906287.04772,0
481.64,3.39,0,0.01,40.6,61961,1641906287.06801,0
481.64,3.39,0,0.01,40.6,61980,1641906287.08875,0
481.64,3.39,0,0.01,40.6,62001,1641906287.10885,0
481.64,3.39,0,0.01,40.6,62020,1641906287.12921,0
481.64,3.39,0,0.01,40.6,62041,1641906287.14977,0
481.64,3.39,0,0.01,40.6,62061,1641906287.1701,0
481.64,3.39,0,0.01,40.6,62081,1641906287.1903,0
481.64,3.39,0,0.01,40.6,62101,1641906287.21624,0
481.64,3.39,0,0.01,40.6,62120,1641906287.23071,0
481.64,3.39,0,0.01,40.6,62141,1641906287.24731,0
481.64,3.39,0,0.01,40.6,62160,1641906287.26987,0
481.64,3.39,0,0.01,40.6,62181,1641906287.28891,0
481.64,3.39,0,0.01,40.6,62200,1641906287.31013,0
481.64,3.39,0,0.01,40.6,62221,1641906287.33039,0
481.64,3.39,0,0.01,40.6,62240,1641906287.35095,0
481.64,3.39,0,0.01,40.6,62261,1641906287.37119,0
481.64,3.39,0,0.01,40.6,62280,1641906287.38744,0
481.64,3.39,0,0.01,40.6,62301,1641906287.40824,0
481.64,3.39,0,0.01,40.6,62320,1641906287.42841,0
481.64,3.39,0,0.01,40.6,62341,1641906287.4489,0
481.64,3.39,0,0.01,40.6,62360,1641906287.46887,0
481.64,3.39,0,0.01,40.6,62381,1641906287.49088,0
481.64,3.39,0,0.01,40.6,62401,1641906287.51014,0
481.64,3.39,0,0.01,40.6,62420,1641906287.5304,0
481.64,3.39,0,0.01,40.6,62441,1641906287.55074,0
481.64,3.39,0,0.01,40.6,62460,1641906287.56749,0
481.64,3.39,0,0.01,40.6,62481,1641906287.58858,0
481.64,3.39,0,0.01,40.6,62500,1641906287.60912,0
481.64,3.39,0,0.01,40.6,62521,1641906287.62946,0
481.64,3.39,0,0.01,40.6,62540,1641906287.64993,0
481.64,3.39,0,0.01,40.6,62561,1641906287.67045,0
481.64,3.39,0,0.01,40.6,62580,1641906287.69092,0
481.64,3.39,0,0.01,40.6,62601,1641906287.71137,0
481.64,3.39,0,0.01,40.6,62620,1641906287.73144,0
481.64,3.39,0,0.01,40.6,62641,1641906287.74841,0
481.64,3.39,0,0.01,40.6,62660,1641906287.7686,0
481.64,3.39,0,0.01,40.6,62681,1641906287.78932,0
481.64,3.39,0,0.01,40.6,62701,1641906287.80953,0
481.64,3.39,0,0.01,40.6,62721,1641906287.83032,0
481.64,3.39,0,0.01,40.6,62741,1641906287.85099,0
481.64,3.39,0,0.01,40.6,62760,1641906287.87107,0
481.64,3.39,0,0.01,40.6,62781,1641906287.89146,0
481.64,3.39,0,0.01,40.6,62800,1641906287.91212,0
481.64,3.39,0,0.01,40.6,62821,1641906287.93248,0
481.64,3.39,0,0.01,40.6,62840,1641906287.9494,0
481.64,3.39,0,0.01,40.6,62861,1641906287.96969,0
481.64,3.39,0,0.01,40.6,62880,1641906287.99102,0
481.64,3.39,0,0.01,40.6,62901,1641906288.01511,0
481.64,3.39,0,0.01,40.6,62920,1641906288.03101,0
481.64,3.39,0,0.01,40.6,62941,1641906288.05156,0
481.64,3.39,0,0.01,40.6,62960,1641906288.0722,0
481.64,3.39,0,0.01,40.6,62981,1641906288.09271,0
481.64,3.39,0,0.01,40.6,63000,1641906288.1132,0
481.64,3.39,0,0.01,40.6,63021,1641906288.12993,0
481.64,3.39,0,0.01,40.6,63041,1641906288.15034,0
481.64,3.39,0,0.01,40.6,63060,1641906288.17018,0
481.64,3.39,0,0.01,40.6,63081,1641906288.19083,0
481.64,3.39,0,0.01,40.6,63100,1641906288.21114,0
481.64,3.39,0,0.01,40.6,63121,1641906288.23145,0
481.64,3.39,0,0.01,40.6,63140,1641906288.25357,0
481.64,3.39,0,0.01,40.6,63161,1641906288.27344,0
481.64,3.39,0,0.01,40.6,63180,1641906288.29529,0
481.64,3.39,0,0.01,40.6,63201,1641906288.3095,0
481.64,3.39,0,0.01,40.6,63220,1641906288.33694,0
481.64,3.39,0,0.01,40.6,63241,1641906288.35038,0
481.64,3.39,0,0.01,40.6,63260,1641906288.37031,0
481.64,3.39,0,0.01,40.6,63281,1641906288.39071,0
481.64,3.39,0,0.01,40.6,63300,1641906288.41068,0
481.64,3.39,0,0.01,40.6,63321,1641906288.43171,0
481.64,3.39,0,0.01,40.6,63341,1641906288.45127,0
481.64,3.39,0,0.01,40.6,63361,1641906288.47241,0
481.64,3.39,0,0.01,40.6,63381,1641906288.48974,0
481.64,3.39,0,0.01,40.6,63400,1641906288.51005,0
481.64,3.39,0,0.01,40.6,63421,1641906288.52997,0
481.64,3.39,0,0.01,40.6,63440,1641906288.55022,0
481.64,3.39,0,0.01,40.6,63461,1641906288.57051,0
481.64,3.39,0,0.01,40.6,63480,1641906288.59166,0
481.64,3.39,0,0.01,40.6,63501,1641906288.61261,0
481.64,3.39,0,0.01,40.6,63520,1641906288.63851,0
481.64,3.39,0,0.01,40.6,63541,1641906288.65341,0
481.64,3.39,0,0.01,40.6,63560,1641906288.66997,0
481.64,3.39,0,0.01,40.6,63581,1641906288.68987,0
481.64,3.39,0,0.01,40.6,63600,1641906288.71142,0
481.64,3.39,0,0.01,40.6,63621,1641906288.7389,0
481.64,3.39,0,0.01,40.6,63640,1641906288.75119,0
481.64,3.39,0,0.01,40.6,63661,1641906288.77099,0
481.64,3.39,0,0.01,40.6,63681,1641906288.79214,0
481.64,3.39,0,0.01,40.6,63700,1641906288.81329,0
481.64,3.39,0,0.01,40.6,63721,1641906288.83327,0
481.64,3.39,0,0.01,40.6,63740,1641906288.8496,0
481.64,3.39,0,0.01,40.6,63761,1641906288.86997,0
481.64,3.39,0,0.01,40.6,63780,1641906288.89151,0
481.64,3.39,0,0.01,40.6,63801,1641906288.91275,0
481.64,3.39,0,0.01,40.6,63820,1641906288.93197,0
481.64,3.39,0,0.01,40.6,63841,1641906288.95269,0
481.64,3.39,0,0.01,40.6,63860,1641906288.97217,0
481.64,3.39,0,0.01,40.6,63881,1641906288.99268,0
481.64,3.39,0,0.01,40.6,63900,1641906289.01422,0
481.64,3.39,0,0.01,40.6,63921,1641906289.03935,0
481.64,3.39,0,0.01,40.6,63940,1641906289.05121,0
481.64,3.39,0,0.01,40.6,63961,1641906289.07048,0
481.64,3.39,0,0.01,40.6,63981,1641906289.09078,0
481.64,3.39,0,0.01,40.6,64001,1641906289.11113,0
481.64,3.39,0,0.01,40.6,64021,1641906289.13268,0
481.64,3.39,0,0.01,40.6,64040,1641906289.15289,0
481.64,3.39,0,0.01,40.6,64061,1641906289.17338,0
481.64,3.39,0,0.01,40.6,64080,1641906289.19435,0
481.64,3.39,0,0.01,40.6,64101,1641906289.21031,0
481.64,3.39,0,0.01,40.6,64120,1641906289.23149,0
481.64,3.39,0,0.01,40.6,64141,1641906289.25171,0
481.64,3.39,0,0.01,40.6,64160,1641906289.27259,0
481.64,3.39,0,0.01,40.6,64181,1641906289.29291,0
481.64,3.39,0,0.01,40.6,64200,1641906289.31232,0
481.64,3.39,0,0.01,40.6,64221,1641906289.33288,0
481.64,3.39,0,0.01,40.6,64240,1641906289.35683,0
481.64,3.39,0,0.01,40.6,64261,1641906289.37405,0
481.64,3.39,0,0.01,40.6,64280,1641906289.39111,0
481.64,3.39,0,0.01,40.6,64301,1641906289.41086,0
481.64,3.39,0,0.01,40.6,64321,1641906289.43167,0
481.64,3.39,0,0.01,40.6,64340,1641906289.45146,0
481.64,3.39,0,0.01,40.6,64361,1641906289.47304,0
481.64,3.39,0,0.01,40.6,64380,1641906289.49301,0
481.64,3.39,0,0.01,40.6,64401,1641906289.51306,0
481.64,3.39,0,0.01,40.6,64420,1641906289.53438,0
481.64,3.39,0,0.01,40.6,64441,1641906289.55421,0
481.64,3.39,0,0.01,40.6,64460,1641906289.57008,0
481.64,3.39,0,0.01,40.6,64481,1641906289.59147,0
481.64,3.39,0,0.01,40.6,64500,1641906289.61098,0
481.64,3.39,0,0.01,40.6,64521,1641906289.63429,0
481.64,3.39,0,0.01,40.6,64540,1641906289.65476,0
481.64,3.39,0,0.01,40.6,64561,1641906289.6729,0
481.64,3.39,0,0.01,40.6,64580,1641906289.6932,0
481.64,3.39,0,0.01,40.6,64601,1641906289.71377,0
481.64,3.39,0,0.01,40.6,64621,1641906289.73411,0
481.64,3.39,0,0.01,40.6,64641,1641906289.75086,0
481.64,3.39,0,0.01,40.6,64661,1641906289.77047,0
481.64,3.39,0,0.01,40.6,64680,1641906289.79227,0
481.64,3.39,0,0.01,40.6,64701,1641906289.81334,0
481.64,3.39,0,0.01,40.6,64720,1641906289.8337,0
481.64,3.39,0,0.01,40.6,64741,1641906289.85386,0
481.64,3.39,0,0.01,40.6,64760,1641906289.87448,0
481.64,3.39,0,0.01,40.6,64781,1641906289.89412,0
481.64,3.39,0,0.01,40.6,64800,1641906289.91529,0
481.64,3.39,0,0.01,40.6,64821,1641906289.93113,0
481.64,3.39,0,0.01,40.6,64840,1641906289.95143,0
481.64,3.39,0,0.01,40.6,64861,1641906289.97185,0
481.64,3.39,0,0.01,40.6,64880,1641906289.99243,0
481.64,3.39,0,0.01,40.6,64901,1641906290.01402,0
481.64,3.39,0,0.01,40.6,64920,1641906290.0383,0
481.64,3.39,0,0.01,40.6,64941,1641906290.05507,0
481.64,3.39,0,0.01,40.6,64961,1641906290.07453,0
481.64,3.39,0,0.01,40.6,64980,1641906290.09562,0
481.64,3.39,0,0.01,40.6,65001,1641906290.11545,0
481.64,3.39,0,0.01,40.6,65020,1641906290.13493,0
481.64,3.39,0,0.01,40.6,65041,1641906290.15208,0
481.64,3.39,0,0.01,40.6,65060,1641906290.17259,0
481.64,3.39,0,0.01,40.6,65081,1641906290.20038,0
481.64,3.39,0,0.01,40.6,65100,1641906290.21348,0
481.64,3.39,0,0.01,40.6,65121,1641906290.23338,0
481.64,3.39,0,0.01,40.6,65140,1641906290.25366,0
481.64,3.39,0,0.01,40.6,65161,1641906290.27434,0
481.64,3.39,0,0.01,40.6,65180,1641906290.29467,0
481.64,3.39,0,0.01,40.6,65201,1641906290.31175,0
481.64,3.39,0,0.01,40.6,65220,1641906290.33832,0
481.64,3.39,0,0.01,40.6,65241,1641906290.35711,0
481.64,3.39,0,0.01,40.6,65261,1641906290.37294,0
481.64,3.39,0,0.01,40.6,65281,1641906290.39386,0
481.64,3.39,0,0.01,40.6,65301,1641906290.41389,0
481.64,3.39,0,0.01,40.6,65320,1641906290.43928,0
481.64,3.39,0,0.01,40.6,65341,1641906290.45508,0
481.64,3.39,0,0.01,40.6,65360,1641906290.47499,0
481.64,3.39,0,0.01,40.6,65381,1641906290.50148,0
481.64,3.39,0,0.01,40.6,65400,1641906290.51347,0
481.64,3.39,0,0.01,40.6,65421,1641906290.53359,0
481.64,3.39,0,0.01,40.6,65440,1641906290.5536,0
481.64,3.39,0,0.01,40.6,65461,1641906290.57371,0
481.64,3.39,0,0.01,40.6,65480,1641906290.59522,0
481.64,3.39,0,0.01,40.6,65501,1641906290.61515,0
481.64,3.39,0,0.01,40.6,65520,1641906290.63558,0
481.64,3.39,0,0.01,40.6,65541,1641906290.66095,0
481.64,3.39,0,0.01,40.6,65560,1641906290.67332,0
481.64,3.39,0,0.01,40.6,65581,1641906290.69349,0
481.64,3.39,0,0.01,40.6,65601,1641906290.71365,0
481.64,3.39,0,0.01,40.6,65620,1641906290.73394,0
481.64,3.39,0,0.01,40.6,65641,1641906290.75412,0
481.64,3.39,0,0.01,40.6,65660,1641906290.77457,0
481.64,3.39,0,0.01,40.6,65681,1641906290.79489,0
481.64,3.39,0,0.01,40.6,65700,1641906290.81493,0
481.64,3.39,0,0.01,40.6,65721,1641906290.83608,0
481.64,3.39,0,0.01,40.6,65740,1641906290.85182,0
481.64,3.39,0,0.01,40.6,65761,1641906290.87253,0
481.64,3.39,0,0.01,40.6,65780,1641906290.89299,0
481.64,3.39,0,0.01,40.6,65801,1641906290.91372,0
481.64,3.39,0,0.01,40.6,65820,1641906290.93491,0
481.64,3.39,0,0.01,40.6,65841,1641906290.95954,0
481.64,3.39,0,0.01,40.6,65860,1641906290.97547,0
481.64,3.39,0,0.01,40.6,65881,1641906290.99571,0
481.64,3.39,0,0.01,40.6,65901,1641906291.01603,0
481.64,3.39,0,0.01,40.6,65921,1641906291.03304,0
481.64,3.39,0,0.01,40.6,65941,1641906291.0524,0
481.64,3.39,0,0.01,40.6,65960,1641906291.07303,0
481.64,3.39,0,0.01,40.6,65981,1641906291.09374,0
481.64,3.39,0,0.01,40.6,66000,1641906291.11417,0
481.64,3.39,0,0.01,40.6,66021,1641906291.13495,0
481.64,3.39,0,0.01,40.6,66040,1641906291.15492,0
481.64,3.39,0,0.01,40.6,66061,1641906291.17563,0
481.64,3.39,0,0.01,40.6,66080,1641906291.19612,0
481.64,3.39,0,0.01,40.6,66101,1641906291.21334,0
481.64,3.39,0,0.01,40.6,66120,1641906291.23359,0
481.64,3.39,0,0.01,40.6,66141,1641906291.25959,0
481.64,3.39,0,0.01,40.6,66160,1641906291.27704,0
481.64,3.39,0,0.01,40.6,66181,1641906291.29678,0
481.64,3.39,0,0.01,40.6,66200,1641906291.3161,0
481.64,3.39,0,0.01,40.6,66221,1641906291.33784,0
481.64,3.39,0,0.01,40.6,66241,1641906291.35651,0
481.64,3.39,0,0.01,40.6,66260,1641906291.37688,0
481.64,3.39,0,0.01,40.6,66281,1641906291.39289,0
481.64,3.39,0,0.01,40.6,66300,1641906291.42269,0
481.64,3.39,0,0.01,40.6,66321,1641906291.43452,0
481.64,3.39,0,0.01,40.6,66340,1641906291.455,0
481.64,3.39,0,0.01,40.6,66361,1641906291.47557,0
481.64,3.39,0,0.01,40.6,66380,1641906291.4956,0
481.64,3.39,0,0.01,40.6,66401,1641906291.5163,0
481.64,3.39,0,0.01,40.6,66420,1641906291.54497,0
481.64,3.39,0,0.01,40.6,66441,1641906291.55828,0
481.64,3.39,0,0.01,40.6,66460,1641906291.57421,0
481.64,3.39,0,0.01,40.6,66481,1641906291.59444,0
481.64,3.39,0,0.01,40.6,66500,1641906291.61571,0
481.64,3.39,0,0.01,40.6,66521,1641906291.63685,0
481.64,3.39,0,0.01,40.6,66541,1641906291.6563,0
481.64,3.39,0,0.01,40.6,66561,1641906291.67677,0
481.64,3.39,0,0.01,40.6,66581,1641906291.69729,0
481.64,3.39,0,0.01,40.6,66600,1641906291.71957,0
481.64,3.39,0,0.01,40.6,66621,1641906291.73643,0
481.64,3.39,0,0.01,40.6,66640,1641906291.75338,0
481.64,3.39,0,0.01,40.6,66661,1641906291.78374,0
481.64,3.39,0,0.01,40.6,66680,1641906291.79694,0
481.64,3.39,0,0.01,40.6,66701,1641906291.81522,0
481.64,3.39,0,0.01,40.6,66720,1641906291.83518,0
481.64,3.39,0,0.01,40.6,66741,1641906291.85581,0
481.64,3.39,0,0.01,40.6,66760,1641906291.87523,0
481.64,3.39,0,0.01,40.6,66781,1641906291.8965,0
481.64,3.39,0,0.01,40.6,66800,1641906291.91783,0
481.64,3.39,0,0.01,40.6,66821,1641906291.93795,0
481.64,3.39,0,0.01,40.6,66840,1641906291.95464,0
481.64,3.39,0,0.01,40.6,66861,1641906291.9751,0
481.64,3.39,0,0.01,40.6,66881,1641906291.99729,0
481.64,3.39,0,0.01,40.6,66900,1641906292.01958,0
481.64,3.39,0,0.01,40.6,66921,1641906292.0351,0
481.64,3.39,0,0.01,40.6,66940,1641906292.05655,0
481.64,3.39,0,0.01,40.6,66961,1641906292.07681,0
481.64,3.39,0,0.01,40.6,66980,1641906292.09754,0
481.64,3.39,0,0.01,40.6,67001,1641906292.11867,0
481.64,3.39,0,0.01,40.6,67020,1641906292.13531,0
481.64,3.39,0,0.01,40.6,67041,1641906292.1552,0
481.64,3.39,0,0.01,40.6,67060,1641906292.17593,0
481.64,3.39,0,0.01,40.6,67081,1641906292.19567,0
481.64,3.39,0,0.01,40.6,67100,1641906292.21635,0
481.64,3.39,0,0.01,40.6,67121,1641906292.2374,0
481.64,3.39,0,0.01,40.6,67140,1641906292.25768,0
481.64,3.39,0,0.01,40.6,67161,1641906292.27818,0
481.64,3.39,0,0.01,40.6,67181,1641906292.29852,0
481.64,3.39,0,0.01,40.6,67201,1641906292.31513,0
481.64,3.39,0,0.01,40.6,67221,1641906292.33582,0
481.64,3.39,0,0.01,40.6,67240,1641906292.35588,0
481.64,3.39,0,0.01,40.6,67261,1641906292.37643,0
481.64,3.39,0,0.01,40.6,67280,1641906292.39654,0
481.64,3.39,0,0.01,40.6,67301,1641906292.42531,0
481.64,3.39,0,0.01,40.6,67320,1641906292.43931,0
481.64,3.39,0,0.01,40.6,67341,1641906292.46293,0
481.64,3.39,0,0.01,40.6,67360,1641906292.47863,0
481.64,3.39,0,0.01,40.6,67381,1641906292.4947,0
481.64,3.39,0,0.01,40.6,67400,1641906292.51568,0
481.64,3.39,0,0.01,40.6,67421,1641906292.53629,0
481.64,3.39,0,0.01,40.6,67440,1641906292.55643,0
481.64,3.39,0,0.01,40.6,67461,1641906292.57733,0
481.64,3.39,0,0.01,40.6,67480,1641906292.59762,0
481.64,3.39,0,0.01,40.6,67501,1641906292.61848,0
481.64,3.39,0,0.01,40.6,67521,1641906292.63806,0
481.64,3.39,0,0.01,40.6,67540,1641906292.65822,0
481.64,3.39,0,0.01,40.6,67561,1641906292.67542,0
481.64,3.39,0,0.01,40.6,67580,1641906292.69555,0
481.64,3.39,0,0.01,40.6,67601,1641906292.72499,0
481.64,3.39,0,0.01,40.6,67620,1641906292.73738,0
481.64,3.39,0,0.01,40.6,67641,1641906292.75683,0
481.64,3.39,0,0.01,40.6,67660,1641906292.77803,0
481.64,3.39,0,0.01,40.6,67681,1641906292.79828,0
481.64,3.39,0,0.01,40.6,67700,1641906292.82472,0
481.64,3.39,0,0.01,40.6,67721,1641906292.84337,0
481.64,3.39,0,0.01,40.6,67740,1641906292.85544,0
481.64,3.39,0,0.01,40.6,67761,1641906292.87589,0
481.64,3.39,0,0.01,40.6,67780,1641906292.8965,0
481.64,3.39,0,0.01,40.6,67801,1641906292.91745,0
481.64,3.39,0,0.01,40.6,67821,1641906292.93695,0
481.64,3.39,0,0.01,40.6,67841,1641906292.95775,0
481.64,3.39,0,0.01,40.6,67861,1641906292.97821,0
481.64,3.39,0,0.01,40.6,67880,1641906292.999,0
481.64,3.39,0,0.01,40.6,67901,1641906293.0195,0
481.64,3.39,0,0.01,40.6,67920,1641906293.03539,0
481.64,3.39,0,0.01,40.6,67941,1641906293.05614,0
481.64,3.39,0,0.01,40.6,67960,1641906293.07657,0
481.64,3.39,0,0.01,40.6,67981,1641906293.10167,0
481.64,3.39,0,0.01,40.6,68000,1641906293.12056,0
481.64,3.39,0,0.01,40.6,68021,1641906293.13762,0
481.64,3.39,0,0.01,40.6,68040,1641906293.15774,0
481.64,3.39,0,0.01,40.6,68061,1641906293.18448,0
481.64,3.39,0,0.01,40.6,68080,1641906293.20549,0
481.64,3.39,0,0.01,40.6,68101,1641906293.2158,0
481.64,3.39,0,0.01,40.6,68120,1641906293.23553,0
481.64,3.39,0,0.01,40.6,68141,1641906293.2568,0
481.64,3.39,0,0.01,40.6,68161,1641906293.2771,0
481.64,3.39,0,0.01,40.6,68180,1641906293.29787,0
481.64,3.39,0,0.01,40.6,68201,1641906293.31769,0
481.64,3.39,0,0.01,40.6,68220,1641906293.34418,0
481.64,3.39,0,0.01,40.6,68241,1641906293.35944,0
481.64,3.39,0,0.01,40.6,68260,1641906293.37972,0
481.64,3.39,0,0.01,40.6,68281,1641906293.39553,0
481.64,3.39,0,0.01,40.6,68300,1641906293.41658,0
481.64,3.39,0,0.01,40.6,68321,1641906293.44304,0
481.64,3.39,0,0.01,40.6,68340,1641906293.45736,0
481.64,3.39,0,0.01,40.6,68361,1641906293.47754,0
481.64,3.39,0,0.01,40.6,68380,1641906293.49808,0
481.64,3.39,0,0.01,40.6,68401,1641906293.51892,0
481.64,3.39,0,0.01,40.6,68420,1641906293.53902,0
481.64,3.39,0,0.01,40.6,68441,1641906293.55964,0
481.64,3.39,0,0.01,40.6,68461,1641906293.57651,0
481.64,3.39,0,0.01,40.6,68481,1641906293.59851,0
481.64,3.39,0,0.01,40.6,68501,1641906293.62629,0
481.64,3.39,0,0.01,40.6,68520,1641906293.63851,0
481.64,3.39,0,0.01,40.6,68541,1641906293.66142,0
481.64,3.39,0,0.01,40.6,68560,1641906293.67789,0
481.64,3.39,0,0.01,40.6,68581,1641906293.70551,0
481.64,3.39,0,0.01,40.6,68600,1641906293.72359,0
481.64,3.39,0,0.01,40.6,68621,1641906293.73987,0
481.64,3.39,0,0.01,40.6,68640,1641906293.75601,0
481.64,3.39,0,0.01,40.6,68661,1641906293.77629,0
481.64,3.39,0,0.01,40.6,68680,1641906293.79672,0
481.64,3.39,0,0.01,40.6,68701,1641906293.81712,0
481.64,3.39,0,0.01,40.6,68720,1641906293.84214,0
481.64,3.39,0,0.01,40.6,68741,1641906293.85941,0
481.64,3.39,0,0.01,40.6,68760,1641906293.87956,0
481.64,3.39,0,0.01,40.6,68781,1641906293.90026,0
481.64,3.39,0,0.01,40.6,68801,1641906293.92024,0
481.64,3.39,0,0.01,40.6,68820,1641906293.94084,0
481.64,3.39,0,0.01,40.6,68841,1641906293.95701,0
481.64,3.39,0,0.01,40.6,68860,1641906293.9776,0
481.64,3.39,0,0.01,40.6,68881,1641906293.99764,0
481.64,3.39,0,0.01,40.6,68900,1641906294.01879,0
481.64,3.39,0,0.01,40.6,68921,1641906294.03892,0
481.64,3.39,0,0.01,40.6,68940,1641906294.05944,0
481.64,3.39,0,0.01,40.6,68961,1641906294.07989,0
481.64,3.39,0,0.01,40.6,68980,1641906294.10048,0
481.64,3.39,0,0.01,40.6,69001,1641906294.1267,0
481.64,3.39,0,0.01,40.6,69020,1641906294.13747,0
481.64,3.39,0,0.01,40.6,69041,1641906294.15739,0
481.64,3.39,0,0.01,40.6,69060,1641906294.17873,0
481.64,3.39,0,0.01,40.6,69081,1641906294.19924,0
481.64,3.39,0,0.01,40.6,69101,1641906294.21929,0
481.64,3.39,0,0.01,40.6,69121,1641906294.2397,0
481.64,3.39,0,0.01,40.6,69141,1641906294.25992,0
481.64,3.39,0,0.01,40.6,69160,1641906294.28016,0
481.64,3.39,0,0.01,40.6,69181,1641906294.30241,0
481.64,3.39,0,0.01,40.6,69200,1641906294.3174,0
481.64,3.39,0,0.01,40.6,69221,1641906294.33761,0
481.64,3.39,0,0.01,40.6,69240,1641906294.35884,0
481.64,3.39,0,0.01,40.6,69261,1641906294.37959,0
481.64,3.39,0,0.01,40.6,69280,1641906294.40019,0
481.64,3.39,0,0.01,40.6,69301,1641906294.42121,0
481.64,3.39,0,0.01,40.6,69320,1641906294.44064,0
481.64,3.39,0,0.01,40.6,69341,1641906294.46079,0
481.64,3.39,0,0,40.6,69360,1641906294.48117,0
481.64,3.39,0,0,40.6,69381,1641906294.49834,0
481.64,3.39,0,0,40.6,69400,1641906294.51979,0
481.64,3.39,0,0.01,40.6,69421,1641906294.53917,0
481.64,3.39,0,0.01,40.6,69440,1641906294.55916,0
481.64,3.39,0,0,40.6,69460,1641906294.57953,0
481.64,3.39,0,0,40.6,69481,1641906294.60154,0
481.64,3.39,0,0,40.6,69500,1641906294.62132,0
481.64,3.39,0,0.01,40.6,69521,1641906294.64177,0
481.64,3.39,0,0.01,40.6,69540,1641906294.66212,0
481.64,3.39,0,0,40.6,69561,1641906294.67862,0
481.64,3.39,0,0,40.6,69580,1641906294.69895,0
481.64,3.39,0,0,40.6,69601,1641906294.72007,0
481.64,3.39,0,0.01,40.6,69620,1641906294.74477,0
481.64,3.39,0,0.01,40.6,69641,1641906294.76054,0
481.64,3.39,0,0,40.6,69660,1641906294.78052,0
481.64,3.39,0,0,40.6,69681,1641906294.80096,0
481.64,3.39,0,0,40.6,69700,1641906294.82131,0
481.64,3.39,0,0.01,40.6,69721,1641906294.84665,0
481.64,3.39,0,0.01,40.6,69740,1641906294.86093,0
481.64,3.39,0,0,40.6,69761,1641906294.87883,0
481.64,3.39,0,0,40.6,69781,1641906294.89885,0
481.64,3.39,0,0,40.6,69800,1641906294.9198,0
481.64,3.39,0,0.01,40.6,69821,1641906294.94062,0
481.64,3.39,0,0.01,40.6,69840,1641906294.96098,0
481.64,3.39,0,0,40.6,69861,1641906294.98147,0
481.64,3.39,0,0,40.6,69880,1641906295.00178,0
481.64,3.39,0,0,40.6,69901,1641906295.02145,0
481.64,3.39,0,0.01,40.6,69920,1641906295.03851,0
481.64,3.39,0,0.01,40.6,69941,1641906295.05879,0
481.64,3.39,0,0,40.6,69960,1641906295.07912,0
481.64,3.39,0,0,40.6,69981,1641906295.10035,0
481.64,3.39,0,0,40.6,70000,1641906295.12669,0
481.64,3.39,0,0.01,40.6,70021,1641906295.14078,0
481.64,3.39,0,0.01,40.6,70041,1641906295.16081,0
481.64,3.39,0,0,40.6,70061,1641906295.18109,0
481.64,3.39,0,0,40.6,70081,1641906295.20217,0
481.64,3.39,0,0,40.6,70100,1641906295.21931,0
481.64,3.39,0,0.01,40.6,70120,1641906295.2386,0
481.64,3.39,0,0.01,40.6,70140,1641906295.26813,0
481.64,3.39,0,0,40.6,70161,1641906295.28362,0
481.64,3.39,0,0,40.6,70180,1641906295.30095,0
481.64,3.39,0,0.01,40.6,70201,1641906295.32049,0
481.64,3.39,0,0.01,40.6,70220,1641906295.34072,0
481.64,3.39,0,0.01,40.6,70241,1641906295.37073,0
481.64,3.39,0,0,40.6,70260,1641906295.38383,0
481.64,3.39,0,0,40.6,70281,1641906295.39834,0
481.64,3.39,0,0,40.6,70300,1641906295.41944,0
481.64,3.39,0,0.01,40.6,70321,1641906295.4393,0
481.64,3.39,0,0,40.6,70340,1641906295.45999,0
481.64,3.39,0,0,40.6,70361,1641906295.48039,0
481.64,3.39,0,0,40.6,70380,1641906295.50069,0
481.64,3.39,0,0.01,40.6,70401,1641906295.52102,0
481.64,3.39,0,0.01,40.6,70420,1641906295.54158,0
481.64,3.39,0,0.01,40.6,70440,1641906295.56699,0
481.64,3.39,0,0,40.6,70461,1641906295.58382,0
481.64,3.39,0,0,40.6,70480,1641906295.60055,0
481.64,3.39,0,0.01,40.6,70501,1641906295.61934,0
481.64,3.39,0,0.01,40.6,70520,1641906295.64929,0
481.64,3.39,0,0.01,40.6,70541,1641906295.66178,0
481.64,3.39,0,0,40.6,70560,1641906295.68163,0
481.64,3.39,0,0,40.6,70581,1641906295.70175,0
481.64,3.39,0,0.01,40.6,70600,1641906295.72301,0
481.64,3.39,0,0.01,40.6,70621,1641906295.74248,0
481.64,3.39,0,0.01,40.6,70641,1641906295.76381,0
481.64,3.39,0,0,40.6,70661,1641906295.77981,0
481.64,3.39,0,0,40.6,70681,1641906295.80042,0
481.64,3.39,0,0.01,40.6,70701,1641906295.82158,0
481.64,3.39,0,0.01,40.6,70720,1641906295.842,0
481.64,3.39,0,0.01,40.6,70740,1641906295.86158,0
481.64,3.39,0,0,40.6,70761,1641906295.88319,0
481.64,3.39,0,0,40.6,70780,1641906295.90375,0
481.64,3.39,0,0.01,40.6,70801,1641906295.93019,0
481.64,3.39,0,0.01,40.6,70820,1641906295.93985,0
481.64,3.39,0,0.01,40.6,70841,1641906295.95976,0
481.64,3.39,0,0,40.6,70860,1641906295.98008,0
481.64,3.39,0,0,40.6,70881,1641906296.00246,0
481.64,3.39,0,0.01,40.6,70900,1641906296.02174,0
481.64,3.39,0,0.01,40.6,70921,1641906296.04209,0
481.64,3.39,0,0.01,40.6,70940,1641906296.0627,0
481.64,3.39,0,0,40.6,70961,1641906296.08325,0
481.64,3.39,0,0,40.6,70980,1641906296.10434,0
481.64,3.39,0,0.01,40.6,71001,1641906296.12005,0
481.64,3.39,0,0.01,40.6,71021,1641906296.14928,0
481.64,3.39,0,0.01,40.6,71041,1641906296.16584,0
481.64,3.39,0,0.01,40.6,71061,1641906296.18058,0
481.64,3.39,0,0.01,40.6,71080,1641906296.20121,0
481.64,3.39,0,0.01,40.6,71100,1641906296.22198,0
481.64,3.39,0,0.01,40.6,71120,1641906296.24247,0
481.64,3.39,0,0.01,40.6,71141,1641906296.26282,0
481.64,3.39,0,0,40.6,71160,1641906296.28372,0
481.64,3.39,0,0.01,40.6,71181,1641906296.30364,0
481.64,3.39,0,0.01,40.6,71200,1641906296.32408,0
481.64,3.39,0,0.01,40.6,71221,1641906296.34053,0
481.64,3.39,0,0.01,40.6,71240,1641906296.3669,0
481.64,3.39,0,0,40.6,71261,1641906296.38151,0
481.64,3.39,0,0.01,40.6,71281,1641906296.40435,0
481.64,3.39,0,0.01,40.6,71301,1641906296.4243,0
481.64,3.39,0,0.01,40.6,71321,1641906296.44323,0
481.64,3.39,0,0.01,40.6,71341,1641906296.46312,0
481.64,3.39,0,0,40.6,71361,1641906296.48419,0
481.64,3.39,0,0,40.6,71380,1641906296.50164,0
481.64,3.39,0,0.01,40.6,71400,1641906296.52148,0
481.64,3.39,0,0.01,40.6,71420,1641906296.54206,0
481.64,3.39,0,0.01,40.6,71441,1641906296.56195,0
481.64,3.39,0,0.01,40.6,71460,1641906296.58226,0
481.64,3.39,0,0.01,40.6,71481,1641906296.60267,0
481.64,3.39,0,0.01,40.6,71500,1641906296.62308,0
481.64,3.39,0,0.01,40.6,71521,1641906296.64332,0
481.64,3.39,0,0.01,40.6,71540,1641906296.66386,0
481.64,3.39,0,0.01,40.6,71561,1641906296.68061,0
481.64,3.39,0,0.01,40.6,71580,1641906296.7046,0
481.64,3.39,0,0.01,40.6,71601,1641906296.72294,0
481.64,3.39,0,0.01,40.6,71620,1641906296.74358,0
481.64,3.39,0,0.01,40.6,71641,1641906296.764,0
481.64,3.39,0,0.01,40.6,71661,1641906296.78381,0
481.64,3.39,0,0.01,40.6,71681,1641906296.8044,0
481.64,3.39,0,0.01,40.6,71701,1641906296.83042,0
481.64,3.39,0,0.01,40.6,71720,1641906296.84492,0
481.64,3.39,0,0.01,40.6,71741,1641906296.86141,0
481.64,3.39,0,0.01,40.6,71760,1641906296.8822,0
481.64,3.39,0,0.01,40.6,71781,1641906296.90233,0
481.64,3.39,0,0.01,40.6,71800,1641906296.92246,0
481.64,3.39,0,0.01,40.6,71821,1641906296.94309,0
481.64,3.39,0,0.01,40.6,71840,1641906296.96362,0
481.64,3.39,0,0.01,40.6,71861,1641906296.98366,0
481.64,3.39,0,0.01,40.6,71880,1641906297.00488,0
481.64,3.39,0,0.01,40.6,71901,1641906297.02497,0
481.64,3.39,0,0.01,40.6,71920,1641906297.04167,0
481.64,3.39,0,0.01,40.6,71941,1641906297.06286,0
481.64,3.39,0,0.01,40.6,71961,1641906297.08346,0
481.64,3.39,0,0.01,40.6,71981,1641906297.10434,0
481.64,3.39,0,0.01,40.6,72001,1641906297.12415,0
481.64,3.39,0,0.01,40.6,72020,1641906297.14416,0
481.64,3.39,0,0.01,40.6,72041,1641906297.16464,0
481.64,3.39,0,0.01,40.6,72060,1641906297.18492,0
481.64,3.39,0,0.01,40.6,72081,1641906297.20495,0
481.64,3.39,0,0.01,40.6,72100,1641906297.22184,0
481.64,3.39,0,0.01,40.6,72121,1641906297.24269,0
481.64,3.39,0,0.01,40.6,72140,1641906297.26309,0
481.64,3.39,0,0.01,40.6,72161,1641906297.28388,0
481.64,3.39,0,0.01,40.6,72180,1641906297.3076,0
481.64,3.39,0,0.01,40.6,72201,1641906297.32409,0
481.64,3.39,0,0.01,40.6,72220,1641906297.3444,0
481.64,3.39,0,0.01,40.6,72241,1641906297.36878,0
481.64,3.39,0,0.01,40.6,72260,1641906297.38618,0
481.64,3.39,0,0.01,40.6,72281,1641906297.40255,0
481.64,3.39,0,0.01,40.6,72301,1641906297.42209,0
481.64,3.39,0,0.01,40.6,72321,1641906297.45063,0
481.64,3.39,0,0.01,40.6,72341,1641906297.46416,0
481.64,3.39,0,0.01,40.6,72360,1641906297.48402,0
481.64,3.39,0,0.01,40.6,72381,1641906297.50453,0
481.64,3.39,0,0.01,40.6,72400,1641906297.52589,0
481.64,3.39,0,0.01,40.6,72421,1641906297.54517,0
481.64,3.39,0,0.01,40.6,72440,1641906297.56619,0
481.64,3.39,0,0.01,40.6,72461,1641906297.58242,0
481.64,3.39,0,0.01,40.6,72480,1641906297.60291,0
481.64,3.39,0,0.01,40.6,72501,1641906297.62421,0
481.64,3.39,0,0.01,40.6,72520,1641906297.64407,0
481.64,3.39,0,0.01,40.6,72541,1641906297.66441,0
481.64,3.39,0,0.01,40.6,72560,1641906297.68484,0
481.64,3.39,0,0.01,40.6,72581,1641906297.70533,0
481.64,3.39,0,0.01,40.6,72601,1641906297.72551,0
481.64,3.39,0,0.01,40.6,72621,1641906297.7454,0
481.64,3.39,0,0.01,40.6,72641,1641906297.76215,0
481.64,3.39,0,0.01,40.6,72660,1641906297.78287,0
481.64,3.39,0,0.01,40.6,72681,1641906297.80374,0
481.64,3.39,0,0.01,40.6,72700,1641906297.82473,0
481.64,3.39,0,0.01,40.6,72721,1641906297.84466,0
481.64,3.39,0,0.01,40.6,72740,1641906297.86496,0
481.64,3.39,0,0.01,40.6,72761,1641906297.88579,0
481.64,3.39,0,0.01,40.6,72780,1641906297.90956,0
481.64,3.39,0,0.01,40.6,72801,1641906297.9253,0
481.64,3.39,0,0.01,40.6,72820,1641906297.94183,0
481.64,3.39,0,0.01,40.6,72841,1641906297.96226,0
481.64,3.39,0,0.01,40.6,72860,1641906297.98282,0
481.64,3.39,0,0.01,40.6,72881,1641906298.00299,0
481.64,3.39,0,0.01,40.6,72900,1641906298.02414,0
481.64,3.39,0,0.01,40.6,72921,1641906298.04438,0
481.64,3.39,0,0.01,40.6,72941,1641906298.06963,0
481.64,3.39,0,0.01,40.6,72961,1641906298.08688,0
481.64,3.39,0,0.01,40.6,72981,1641906298.10579,0
481.64,3.39,0,0.01,40.6,73000,1641906298.12696,0
481.64,3.39,0,0.01,40.6,73021,1641906298.1438,0
481.64,3.39,0,0.01,40.6,73040,1641906298.16373,0
481.64,3.39,0,0.01,40.6,73061,1641906298.18394,0
481.64,3.39,0,0.01,40.6,73080,1641906298.20504,0
481.64,3.39,0,0.01,40.6,73101,1641906298.22538,0
481.64,3.39,0,0.01,40.6,73120,1641906298.24584,0
481.64,3.39,0,0.01,40.6,73141,1641906298.26635,0
481.64,3.39,0,0.01,40.6,73160,1641906298.28706,0
481.64,3.39,0,0.01,40.6,73181,1641906298.30735,0
481.64,3.39,0,0.01,40.6,73200,1641906298.32301,0
481.64,3.39,0,0.01,40.6,73221,1641906298.34448,0
481.64,3.39,0,0.01,40.6,73241,1641906298.36452,0
481.64,3.39,0,0.01,40.6,73261,1641906298.38483,0
481.64,3.39,0,0.01,40.6,73281,1641906298.40518,0
481.64,3.39,0,0.01,40.6,73300,1641906298.42639,0
481.64,3.39,0,0.01,40.6,73321,1641906298.44666,0
481.64,3.39,0,0.01,40.6,73340,1641906298.46695,0
481.64,3.39,0,0.01,40.6,73361,1641906298.48751,0
481.64,3.39,0,0.01,40.6,73380,1641906298.50322,0
481.64,3.39,0,0.01,40.6,73401,1641906298.52431,0
481.64,3.39,0,0.01,40.6,73420,1641906298.54488,0
481.64,3.39,0,0.01,40.6,73441,1641906298.5652,0
481.64,3.39,0,0.01,40.6,73460,1641906298.58566,0
481.64,3.39,0,0.01,40.6,73481,1641906298.60593,0
481.64,3.39,0,0.01,40.6,73500,1641906298.62718,0
481.64,3.39,0,0.01,40.6,73521,1641906298.64711,0
481.64,3.39,0,0.01,40.6,73540,1641906298.66755,0
481.64,3.39,0,0.01,40.6,73561,1641906298.68374,0
481.64,3.39,0,0.01,40.6,73581,1641906298.70417,0
481.64,3.39,0,0.01,40.6,73601,1641906298.72533,0
481.64,3.39,0,0.01,40.6,73621,1641906298.74572,0
481.64,3.39,0,0.01,40.6,73640,1641906298.76646,0
481.64,3.39,0,0.01,40.6,73661,1641906298.78659,0
481.64,3.39,0,0.01,40.6,73680,1641906298.80719,0
481.64,3.39,0,0.01,40.6,73701,1641906298.82704,0
481.64,3.39,0,0.01,40.6,73720,1641906298.84744,0
481.64,3.39,0,0.01,40.6,73741,1641906298.86447,0
481.64,3.39,0,0.01,40.6,73760,1641906298.89242,0
481.64,3.39,0,0.01,40.6,73781,1641906298.91474,0
481.64,3.39,0,0.01,40.6,73800,1641906298.92612,0
481.64,3.39,0,0.01,40.6,73821,1641906298.9457,0
481.64,3.39,0,0.01,40.6,73840,1641906298.96631,0
481.64,3.39,0,0.01,40.6,73861,1641906298.98697,0
481.64,3.39,0,0.01,40.6,73881,1641906299.00837,0
481.64,3.39,0,0.01,40.6,73901,1641906299.02736,0
481.64,3.39,0,0.01,40.6,73921,1641906299.04396,0
481.64,3.39,0,0.01,40.6,73940,1641906299.06551,0
481.64,3.39,0,0.01,40.6,73961,1641906299.0858,0
481.64,3.39,0,0.01,40.6,73980,1641906299.10667,0
481.64,3.39,0,0.01,40.6,74001,1641906299.13185,0
481.64,3.39,0,0.01,40.6,74020,1641906299.14712,0
481.64,3.39,0,0.01,40.6,74041,1641906299.16688,0
481.64,3.39,0,0.01,40.6,74060,1641906299.18711,0
481.64,3.39,0,0.01,40.6,74081,1641906299.20763,0
481.64,3.39,0,0.01,40.6,74100,1641906299.22404,0
481.64,3.39,0,0.01,40.6,74121,1641906299.25281,0
481.64,3.39,0,0.01,40.6,74140,1641906299.26687,0
481.64,3.39,0,0.01,40.6,74161,1641906299.28546,0
481.64,3.39,0,0.01,40.6,74180,1641906299.30647,0
481.64,3.39,0,0.01,40.6,74201,1641906299.32675,0
481.64,3.39,0,0.01,40.6,74221,1641906299.34669,0
481.64,3.39,0,0.01,40.6,74241,1641906299.36734,0
481.64,3.39,0,0.01,40.6,74261,1641906299.38769,0
481.64,3.39,0,0.01,40.6,74280,1641906299.40539,0
481.64,3.39,0,0.01,40.6,74301,1641906299.42712,0
481.64,3.39,0,0.01,40.6,74320,1641906299.4475,0
481.64,3.39,0,0.01,40.6,74341,1641906299.46559,0
481.64,3.39,0,0.01,40.6,74360,1641906299.48696,0
481.64,3.39,0,0.01,40.6,74381,1641906299.50734,0
481.64,3.39,0,0.01,40.6,74400,1641906299.53187,0
481.64,3.39,0,0.01,40.6,74421,1641906299.55066,0
481.64,3.39,0,0.01,40.6,74440,1641906299.56812,0
481.64,3.39,0,0.01,40.6,74461,1641906299.58411,0
481.64,3.39,0,0.01,40.6,74480,1641906299.60873,0
481.64,3.39,0,0.01,40.6,74501,1641906299.62756,0
481.64,3.39,0,0.01,40.6,74521,1641906299.64633,0
481.64,3.39,0,0.01,40.6,74541,1641906299.66621,0
481.64,3.39,0,0.01,40.6,74561,1641906299.6864,0
481.64,3.39,0,0.01,40.6,74580,1641906299.71395,0
481.64,3.39,0,0.01,40.6,74601,1641906299.72774,0
481.64,3.39,0,0.01,40.6,74620,1641906299.748,0
481.64,3.39,0,0.01,40.6,74641,1641906299.76501,0
481.64,3.39,0,0.01,40.6,74660,1641906299.78506,0
481.64,3.39,0,0.01,40.6,74681,1641906299.81668,0
481.64,3.39,0,0.01,40.6,74700,1641906299.8262,0
481.64,3.39,0,0.01,40.6,74721,1641906299.84677,0
481.64,3.39,0,0.01,40.6,74740,1641906299.86896,0
481.64,3.39,0,0.01,40.6,74761,1641906299.88787,0
481.64,3.39,0,0.01,40.6,74780,1641906299.90793,0
481.64,3.39,0,0.01,40.6,74801,1641906299.92898,0
481.64,3.39,0,0.01,40.6,74820,1641906299.94507,0
481.64,3.39,0,0.01,40.6,74841,1641906299.96546,0
481.64,3.39,0,0.01,40.6,74861,1641906299.99071,0
481.64,3.39,0,0.01,40.6,74881,1641906300.0111,0
481.64,3.39,0,0.01,40.6,74901,1641906300.02738,0
481.64,3.39,0,0.01,40.6,74920,1641906300.04766,0
481.64,3.39,0,0.01,40.6,74941,1641906300.06829,0
481.64,3.39,0,0.01,40.6,74960,1641906300.08964,0
481.64,3.39,0,0.01,40.6,74981,1641906300.10858,0
481.64,3.39,0,0.01,40.6,75000,1641906300.12974,0
481.64,3.39,0,0.01,40.6,75021,1641906300.14564,0
481.64,3.39,0,0.01,40.6,75040,1641906300.16635,0
481.64,3.39,0,0.01,40.6,75061,1641906300.19136,0
481.64,3.39,0,0.01,40.6,75080,1641906300.20763,0
481.64,3.39,0,0.01,40.6,75101,1641906300.22863,0
481.64,3.39,0,0.01,40.6,75120,1641906300.24904,0
481.64,3.39,0,0.01,40.6,75141,1641906300.26861,0
481.64,3.39,0,0.01,40.6,75161,1641906300.28906,0
481.64,3.39,0,0.01,40.6,75181,1641906300.30934,0
481.64,3.39,0,0.01,40.6,75201,1641906300.32639,0
481.64,3.39,0,0.01,40.6,75220,1641906300.34703,0
481.64,3.39,0,0.01,40.6,75241,1641906300.36741,0
481.64,3.39,0,0.01,40.6,75260,1641906300.38806,0
481.64,3.39,0,0.01,40.6,75281,1641906300.40811,0
481.64,3.39,0,0.01,40.6,75300,1641906300.4282,0
481.64,3.39,0,0.01,40.6,75321,1641906300.44869,0
481.64,3.39,0,0.01,40.6,75340,1641906300.46978,0
481.64,3.39,0,0.01,40.6,75361,1641906300.49016,0
481.64,3.39,0,0.01,40.6,75380,1641906300.50924,0
481.64,3.39,0,0.01,40.6,75401,1641906300.53092,0
481.64,3.39,0,0.01,40.6,75420,1641906300.54707,0
481.64,3.39,0,0.01,40.6,75441,1641906300.56745,0
481.64,3.39,0,0.01,40.6,75460,1641906300.58814,0
481.64,3.39,0,0.01,40.6,75481,1641906300.60864,0
481.64,3.39,0,0.01,40.6,75501,1641906300.63528,0
481.64,3.39,0,0.01,40.6,75521,1641906300.65167,0
481.64,3.39,0,0.01,40.6,75541,1641906300.67043,0
481.64,3.39,0,0.01,40.6,75560,1641906300.68625,0
481.64,3.39,0,0.01,40.6,75581,1641906300.70636,0
481.64,3.39,0,0.01,40.6,75600,1641906300.72673,0
481.64,3.39,0,0.01,40.6,75621,1641906300.74819,0
481.64,3.39,0,0.01,40.6,75640,1641906300.76886,0
481.64,3.39,0,0.01,40.6,75661,1641906300.79013,0
481.64,3.39,0,0.01,40.6,75680,1641906300.80951,0
481.64,3.39,0,0.01,40.6,75701,1641906300.83011,0
481.64,3.39,0,0.01,40.6,75720,1641906300.85581,0
481.64,3.39,0,0.01,40.6,75741,1641906300.86796,0
481.64,3.39,0,0.01,40.6,75760,1641906300.89419,0
481.64,3.39,0,0.01,40.6,75781,1641906300.90772,0
481.64,3.39,0,0.01,40.6,75801,1641906300.92806,0
481.64,3.39,0,0.01,40.6,75821,1641906300.95451,0
481.64,3.39,0,0.01,40.6,75841,1641906300.96886,0
481.64,3.39,0,0.01,40.6,75860,1641906300.98974,0
481.64,3.39,0,0.01,40.6,75881,1641906301.01045,0
481.64,3.39,0,0.01,40.6,75900,1641906301.03044,0
481.64,3.39,0,0.01,40.6,75921,1641906301.04739,0
481.64,3.39,0,0.01,40.6,75940,1641906301.06754,0
481.64,3.39,0,0.01,40.6,75961,1641906301.08804,0
481.64,3.39,0,0.01,40.6,75980,1641906301.10855,0
481.64,3.39,0,0.01,40.6,76001,1641906301.12957,0
481.64,3.39,0,0.01,40.6,76020,1641906301.15562,0
481.64,3.39,0,0.01,40.6,76041,1641906301.16978,0
481.64,3.39,0,0.01,40.6,76060,1641906301.19003,0
481.64,3.39,0,0.01,40.6,76081,1641906301.21128,0
481.64,3.39,0,0.01,40.6,76100,1641906301.22686,0
481.64,3.39,0,0.01,40.6,76121,1641906301.24831,0
481.64,3.39,0,0.01,40.6,76141,1641906301.27343,0
481.64,3.39,0,0.01,40.6,76161,1641906301.29024,0
481.64,3.39,0,0.01,40.6,76181,1641906301.30906,0
481.64,3.39,0,0.01,40.6,76200,1641906301.33453,0
481.64,3.39,0,0.01,40.6,76221,1641906301.35063,0
481.64,3.39,0,0.01,40.6,76240,1641906301.3709,0
481.64,3.39,0,0.01,40.6,76261,1641906301.39176,0
481.64,3.39,0,0.01,40.6,76280,1641906301.40778,0
481.64,3.39,0,0.01,40.6,76301,1641906301.42819,0
481.64,3.39,0,0.01,40.6,76320,1641906301.44874,0
481.64,3.39,0,0.01,40.6,76341,1641906301.46891,0
481.64,3.39,0,0.01,40.6,76360,1641906301.48942,0
481.64,3.39,0,0.01,40.6,76381,1641906301.51026,0
481.64,3.39,0,0.01,40.6,76400,1641906301.53051,0
481.64,3.39,0,0.01,40.6,76421,1641906301.55555,0
481.64,3.39,0,0.01,40.6,76441,1641906301.57118,0
481.64,3.39,0,0.01,40.6,76461,1641906301.58843,0
481.64,3.39,0,0.01,40.6,76481,1641906301.60724,0
481.64,3.39,0,0.01,40.6,76500,1641906301.63698,0
481.64,3.39,0,0.01,40.6,76521,1641906301.64879,0
481.64,3.39,0,0.01,40.6,76540,1641906301.66981,0
481.64,3.39,0,0.01,40.6,76561,1641906301.68916,0
481.64,3.39,0,0.01,40.6,76580,1641906301.70959,0
481.64,3.39,0,0.01,40.6,76601,1641906301.73044,0
481.64,3.39,0,0.01,40.6,76620,1641906301.7506,0
481.64,3.39,0,0.01,40.6,76641,1641906301.76765,0
481.64,3.39,0,0.01,40.6,76660,1641906301.78824,0
481.64,3.39,0,0.01,40.6,76681,1641906301.80874,0
481.64,3.39,0,0.01,40.6,76700,1641906301.82887,0
481.64,3.39,0,0.01,40.6,76721,1641906301.84959,0
481.64,3.39,0,0.01,40.6,76740,1641906301.86984,0
481.64,3.39,0,0.01,40.6,76761,1641906301.89051,0
481.64,3.39,0,0.01,40.6,76781,1641906301.9119,0
481.64,3.39,0,0.01,40.6,76801,1641906301.93233,0
481.64,3.39,0,0.01,40.6,76821,1641906301.94897,0
481.64,3.39,0,0.01,40.6,76840,1641906301.96879,0
481.64,3.39,0,0.01,40.6,76861,1641906301.98918,0
481.64,3.39,0,0.01,40.6,76880,1641906302.00954,0
481.64,3.39,0,0.01,40.6,76901,1641906302.03065,0
481.64,3.39,0,0.01,40.6,76920,1641906302.05562,0
481.64,3.39,0,0.01,40.6,76941,1641906302.07068,0
481.64,3.39,0,0.01,40.6,76960,1641906302.0909,0
481.64,3.39,0,0.01,40.6,76981,1641906302.11173,0
481.64,3.39,0,0.01,40.6,77000,1641906302.13236,0
481.64,3.39,0,0.01,40.6,77021,1641906302.14803,0
481.64,3.39,0,0.01,40.6,77040,1641906302.16847,0
481.64,3.39,0,0.01,40.6,77061,1641906302.18974,0
481.64,3.39,0,0.01,40.6,77081,1641906302.21009,0
481.64,3.39,0,0.01,40.6,77101,1641906302.23093,0
481.64,3.39,0,0.01,40.6,77121,1641906302.25637,0
481.64,3.39,0,0.01,40.6,77140,1641906302.27458,0
481.64,3.39,0,0.01,40.6,77161,1641906302.29221,0
481.64,3.39,0,0.01,40.6,77180,1641906302.31186,0
481.64,3.39,0,0.01,40.6,77201,1641906302.32869,0
481.64,3.39,0,0.01,40.6,77220,1641906302.35839,0
481.64,3.39,0,0.01,40.6,77241,1641906302.37121,0
481.64,3.39,0,0.01,40.6,77260,1641906302.39161,0
481.64,3.39,0,0.01,40.6,77281,1641906302.41049,0
481.64,3.39,0,0.01,40.6,77300,1641906302.43079,0
481.64,3.39,0,0.01,40.6,77321,1641906302.45587,0
481.64,3.39,0,0.01,40.6,77340,1641906302.47287,0
481.64,3.39,0,0.01,40.6,77361,1641906302.49267,0
481.64,3.39,0,0.01,40.6,77380,1641906302.50941,0
481.64,3.39,0,0.01,40.6,77401,1641906302.5297,0
481.64,3.39,0,0.01,40.6,77421,1641906302.54985,0
481.64,3.39,0,0.01,40.6,77441,1641906302.57106,0
481.64,3.39,0,0.01,40.6,77461,1641906302.59143,0
481.64,3.39,0,0.01,40.6,77480,1641906302.61157,0
481.64,3.39,0,0.01,40.6,77501,1641906302.63165,0
481.64,3.39,0,0.01,40.6,77520,1641906302.65749,0
481.64,3.39,0,0.01,40.6,77541,1641906302.67311,0
481.64,3.39,0,0.01,40.6,77560,1641906302.69058,0
481.64,3.39,0,0.01,40.6,77581,1641906302.71003,0
481.64,3.39,0,0.01,40.6,77600,1641906302.73002,0
481.64,3.39,0,0.01,40.6,77621,1641906302.75146,0
481.64,3.39,0,0.01,40.6,77640,1641906302.77625,0
481.64,3.39,0,0.01,40.6,77661,1641906302.79486,0
481.64,3.39,0,0.01,40.6,77680,1641906302.81143,0
481.64,3.39,0,0.01,40.6,77701,1641906302.83266,0
481.64,3.39,0,0.01,40.6,77721,1641906302.85272,0
481.64,3.39,0,0.01,40.6,77741,1641906302.86935,0
481.64,3.39,0,0.01,40.6,77761,1641906302.88976,0
481.64,3.39,0,0.01,40.6,77780,1641906302.91098,0
481.64,3.39,0,0.01,40.6,77801,1641906302.93103,0
481.64,3.39,0,0.01,40.6,77820,1641906302.95108,0
481.64,3.39,0,0.01,40.6,77841,1641906302.97129,0
481.64,3.39,0,0.01,40.6,77860,1641906302.99301,0
481.64,3.39,0,0.01,40.6,77881,1641906303.01357,0
481.64,3.39,0,0.01,40.6,77900,1641906303.03945,0
481.64,3.39,0,0.01,40.6,77921,1641906303.05217,0
481.64,3.39,0,0.01,40.6,77940,1641906303.07551,0
481.64,3.39,0,0.01,40.6,77961,1641906303.09085,0
481.64,3.39,0,0.01,40.6,77980,1641906303.1108,0
481.64,3.39,0,0.01,40.6,78001,1641906303.13099,0
481.64,3.39,0,0.01,40.6,78020,1641906303.15684,0
481.64,3.39,0,0.01,40.6,78041,1641906303.17266,0
481.64,3.39,0,0.01,40.6,78061,1641906303.19363,0
481.64,3.39,0,0.01,40.6,78081,1641906303.21367,0
481.64,3.39,0,0.01,40.6,78101,1641906303.22976,0
481.64,3.39,0,0.01,40.6,78120,1641906303.25021,0
481.64,3.39,0,0.01,40.6,78141,1641906303.27068,0
481.64,3.39,0,0.01,40.6,78160,1641906303.29193,0
481.64,3.39,0,0.01,40.6,78181,1641906303.31245,0
481.64,3.39,0,0.01,40.6,78200,1641906303.33473,0
481.64,3.39,0,0.01,40.6,78221,1641906303.35264,0
481.64,3.39,0,0.01,40.6,78240,1641906303.37829,0
481.64,3.39,0,0.01,40.6,78261,1641906303.39679,0
481.64,3.39,0,0.01,40.6,78280,1641906303.41007,0
481.64,3.39,0,0.01,40.6,78301,1641906303.42976,0
481.64,3.39,0,0.01,40.6,78320,1641906303.45149,0
481.64,3.39,0,0.01,40.6,78341,1641906303.47146,0
481.64,3.39,0,0.01,40.6,78361,1641906303.49211,0
481.64,3.39,0,0.01,40.6,78381,1641906303.51781,0
481.64,3.39,0,0.01,40.6,78401,1641906303.53345,0
481.64,3.39,0,0.01,40.6,78420,1641906303.55372,0
481.64,3.39,0,0.01,40.6,78441,1641906303.57437,0
481.64,3.39,0,0.01,40.6,78460,1641906303.59037,0
481.64,3.39,0,0.01,40.6,78481,1641906303.62142,0
481.64,3.39,0,0.01,40.6,78500,1641906303.63246,0
481.64,3.39,0,0.01,40.6,78521,1641906303.6521,0
481.64,3.39,0,0.01,40.6,78540,1641906303.67261,0
481.64,3.39,0,0.01,40.6,78561,1641906303.69315,0
481.64,3.39,0,0.01,40.6,78580,1641906303.71357,0
481.64,3.39,0,0.01,40.6,78601,1641906303.73389,0
481.64,3.39,0,0.01,40.6,78620,1641906303.75421,0
481.64,3.39,0,0.01,40.6,78641,1641906303.77854,0
481.64,3.39,0,0.01,40.6,78660,1641906303.80022,0
481.64,3.39,0,0.01,40.6,78681,1641906303.81226,0
481.64,3.39,0,0.01,40.6,78701,1641906303.83191,0
481.64,3.39,0,0.01,40.6,78721,1641906303.85278,0
481.64,3.39,0,0.01,40.6,78741,1641906303.8735,0
481.64,3.39,0,0.01,40.6,78760,1641906303.89359,0
481.64,3.39,0,0.01,40.6,78781,1641906303.92002,0
481.64,3.39,0,0.01,40.6,78800,1641906303.93483,0
481.64,3.39,0,0.01,40.6,78821,1641906303.9504,0
481.64,3.39,0,0.01,40.6,78840,1641906303.97934,0
481.64,3.39,0,0.01,40.6,78861,1641906304.00109,0
481.64,3.39,0,0.01,40.6,78880,1641906304.01248,0
481.64,3.39,0,0.01,40.6,78901,1641906304.03198,0
481.64,3.39,0,0.01,40.6,78920,1641906304.05262,0
481.64,3.39,0,0.01,40.6,78941,1641906304.07323,0
481.64,3.39,0,0.01,40.6,78960,1641906304.09412,0
481.64,3.39,0,0.01,40.6,78981,1641906304.11523,0
481.64,3.39,0,0.01,40.6,79001,1641906304.13654,0
481.64,3.39,0,0.01,40.6,79021,1641906304.15269,0
481.64,3.39,0,0.01,40.6,79041,1641906304.17325,0
481.64,3.39,0,0.01,40.6,79060,1641906304.19362,0
481.64,3.39,0,0.01,40.6,79081,1641906304.21413,0
481.64,3.39,0,0.01,40.6,79100,1641906304.23547,0
481.64,3.39,0,0.01,40.6,79121,1641906304.25431,0
481.64,3.39,0,0.01,40.6,79140,1641906304.27476,0
481.64,3.39,0,0.01,40.6,79161,1641906304.29493,0
481.64,3.39,0,0.01,40.6,79180,1641906304.31515,0
481.64,3.39,0,0.01,40.6,79201,1641906304.33196,0
481.64,3.39,0,0.01,40.6,79220,1641906304.35525,0
481.64,3.39,0,0.01,40.6,79241,1641906304.37308,0
481.64,3.39,0,0.01,40.6,79260,1641906304.39303,0
481.64,3.39,0,0.01,40.6,79281,1641906304.41334,0
481.64,3.39,0,0.01,40.6,79300,1641906304.4381,0
481.64,3.39,0,0.01,40.6,79321,1641906304.45488,0
481.64,3.39,0,0.01,40.6,79341,1641906304.47483,0
481.64,3.39,0,0.01,40.6,79361,1641906304.49564,0
481.64,3.39,0,0.01,40.6,79381,1641906304.51139,0
481.64,3.39,0,0.01,40.6,79400,1641906304.53162,0
481.64,3.39,0,0.01,40.6,79421,1641906304.55294,0
481.64,3.39,0,0.01,40.6,79440,1641906304.57275,0
481.64,3.39,0,0.01,40.6,79461,1641906304.60328,0
481.64,3.39,0,0.01,40.6,79480,1641906304.62401,0
481.64,3.39,0,0.01,40.6,79501,1641906304.63588,0
481.64,3.39,0,0.01,40.6,79520,1641906304.65501,0
481.64,3.39,0,0.01,40.6,79541,1641906304.67527,0
481.64,3.39,0,0.01,40.6,79560,1641906304.69186,0
481.64,3.39,0,0.01,40.6,79581,1641906304.71259,0
481.64,3.39,0,0.01,40.6,79600,1641906304.73297,0
481.64,3.39,0,0.01,40.6,79621,1641906304.7533,0
481.64,3.39,0,0.01,40.6,79641,1641906304.77406,0
481.64,3.39,0,0.01,40.6,79661,1641906304.79413,0
481.64,3.39,0,0.01,40.6,79681,1641906304.81528,0
481.64,3.39,0,0.01,40.6,79700,1641906304.8352,0
481.64,3.39,0,0.01,40.6,79721,1641906304.85558,0
481.64,3.39,0,0.01,40.6,79740,1641906304.87298,0
481.64,3.39,0,0.01,40.6,79761,1641906304.89338,0
481.64,3.39,0,0.01,40.6,79780,1641906304.91359,0
481.64,3.39,0,0.01,40.6,79801,1641906304.93437,0
481.64,3.39,0,0.01,40.6,79820,1641906304.95478,0
481.64,3.39,0,0.01,40.6,79841,1641906304.97523,0
481.64,3.39,0,0.01,40.6,79860,1641906304.99891,0
481.64,3.39,0,0.01,40.6,79881,1641906305.01728,0
481.64,3.39,0,0.01,40.6,79900,1641906305.03551,0
481.64,3.39,0,0.01,40.6,79921,1641906305.05296,0
481.64,3.39,0,0.01,40.6,79940,1641906305.07332,0
481.64,3.39,0,0.01,40.6,79961,1641906305.0937,0
481.64,3.39,0,0.01,40.6,79981,1641906305.11471,0
481.64,3.39,0,0.01,40.6,80001,1641906305.14055,0
481.64,3.39,0,0.01,40.6,80021,1641906305.156,0
481.64,3.39,0,0.01,40.6,80040,1641906305.176,0
481.64,3.39,0,0.01,40.6,80061,1641906305.19648,0
481.64,3.39,0,0.01,40.6,80080,1641906305.21696,0
481.64,3.39,0,0.01,40.6,80101,1641906305.24167,0
481.64,3.39,0,0.01,40.6,80120,1641906305.25433,0
481.64,3.39,0,0.01,40.6,80141,1641906305.27512,0
481.64,3.39,0,0.01,40.6,80160,1641906305.29462,0
481.64,3.39,0,0.01,40.6,80181,1641906305.31508,0
481.64,3.39,0,0.01,40.6,80200,1641906305.34055,0
481.64,3.39,0,0.01,40.6,80221,1641906305.35549,0
481.64,3.39,0,0.01,40.6,80240,1641906305.37533,0
481.64,3.39,0,0.01,40.6,80261,1641906305.39611,0
481.64,3.39,0,0.01,40.6,80281,1641906305.41349,0
481.64,3.39,0,0.01,40.6,80301,1641906305.4338,0
481.64,3.39,0,0.01,40.6,80321,1641906305.45872,0
481.64,3.39,0,0.01,40.6,80340,1641906305.47676,0
481.64,3.39,0,0.01,40.6,80361,1641906305.49762,0
481.64,3.39,0,0.01,40.6,80380,1641906305.51479,0
481.64,3.39,0,0.01,40.6,80401,1641906305.53508,0
481.64,3.39,0,0.01,40.6,80420,1641906305.55633,0
481.64,3.39,0,0.01,40.6,80441,1641906305.57692,0
481.64,3.39,0,0.01,40.6,80460,1641906305.59308,0
481.64,3.39,0,0.01,40.6,80481,1641906305.61475,0
481.64,3.39,0,0.01,40.6,80500,1641906305.63541,0
481.64,3.39,0,0.01,40.6,80521,1641906305.6557,0
481.64,3.39,0,0.01,40.6,80540,1641906305.67596,0
481.64,3.39,0,0.01,40.6,80561,1641906305.69651,0
481.64,3.39,0,0.01,40.6,80580,1641906305.71775,0
481.64,3.39,0,0.01,40.6,80601,1641906305.7374,0
481.64,3.39,0,0.01,40.6,80621,1641906305.75774,0
481.64,3.39,0,0.01,40.6,80641,1641906305.77523,0
481.64,3.39,0,0.01,40.6,80661,1641906305.7954,0
481.64,3.39,0,0.01,40.6,80680,1641906305.8247,0
481.64,3.39,0,0.01,40.6,80701,1641906305.83927,0
481.64,3.39,0,0.01,40.6,80720,1641906305.85503,0
481.64,3.39,0,0.01,40.6,80741,1641906305.87547,0
481.64,3.39,0,0.01,40.6,80760,1641906305.8957,0
481.64,3.39,0,0.01,40.6,80781,1641906305.91672,0
481.64,3.39,0,0.01,40.6,80800,1641906305.94247,0
481.64,3.39,0,0.01,40.6,80821,1641906305.95904,0
481.64,3.39,0,0.01,40.6,80840,1641906305.97392,0
481.64,3.39,0,0.01,40.6,80861,1641906305.99399,0
481.64,3.39,0,0.01,40.6,80880,1641906306.02508,0
481.64,3.39,0,0.01,40.6,80901,1641906306.03768,0
481.64,3.39,0,0.01,40.6,80921,1641906306.05676,0
481.64,3.39,0,0.01,40.6,80941,1641906306.07709,0
481.64,3.39,0,0.01,40.6,80961,1641906306.09751,0
481.64,3.39,0,0.01,40.6,80980,1641906306.11865,0
481.64,3.39,0,0.01,40.6,81001,1641906306.13831,0
481.64,3.39,0,0.01,40.6,81020,1641906306.15448,0
481.64,3.39,0,0.01,40.6,81041,1641906306.17534,0
481.64,3.39,0,0.01,40.6,81060,1641906306.19538,0
481.64,3.39,0,0.01,40.6,81081,1641906306.21678,0
481.64,3.39,0,0.01,40.6,81100,1641906306.23685,0
481.64,3.39,0,0.01,40.6,81121,1641906306.25772,0
481.64,3.39,0,0.01,40.6,81140,1641906306.27762,0
481.64,3.39,0,0.01,40.6,81161,1641906306.29778,0
481.64,3.39,0,0.01,40.6,81180,1641906306.3192,0
481.64,3.39,0,0.01,40.6,81201,1641906306.3356,0
481.64,3.39,0,0.01,40.6,81220,1641906306.35545,0
481.64,3.39,0,0.01,40.6,81241,1641906306.37574,0
481.64,3.39,0,0.01,40.6,81261,1641906306.39615,0
481.64,3.39,0,0.01,40.6,81281,1641906306.41628,0
481.64,3.39,0,0.01,40.6,81301,1641906306.43672,0
481.64,3.39,0,0.01,40.6,81320,1641906306.45786,0
481.64,3.39,0,0.01,40.6,81341,1641906306.47796,0
481.64,3.39,0,0.01,40.6,81360,1641906306.50016,0
481.64,3.39,0,0.01,40.6,81381,1641906306.51457,0
481.64,3.39,0,0.01,40.6,81400,1641906306.53696,0
481.64,3.39,0,0.01,40.6,81421,1641906306.55635,0
481.64,3.39,0,0.01,40.6,81440,1641906306.57681,0
481.64,3.39,0,0.01,40.6,81461,1641906306.59627,0
481.64,3.39,0,0.01,40.6,81480,1641906306.61775,0
481.64,3.39,0,0.01,40.6,81501,1641906306.6379,0
481.64,3.39,0,0.01,40.6,81520,1641906306.65858,0
481.64,3.39,0,0.01,40.6,81541,1641906306.67891,0
481.64,3.39,0,0.01,40.6,81560,1641906306.69485,0
481.64,3.39,0,0.01,40.6,81581,1641906306.7156,0
481.64,3.39,0,0.01,40.6,81601,1641906306.73559,0
481.64,3.39,0,0.01,40.6,81620,1641906306.75679,0
481.64,3.39,0,0.01,40.6,81641,1641906306.77754,0
481.64,3.39,0,0.01,40.6,81660,1641906306.79827,0
481.64,3.39,0,0.01,40.6,81681,1641906306.81869,0
481.64,3.39,0,0.01,40.6,81700,1641906306.83861,0
481.64,3.39,0,0.01,40.6,81721,1641906306.85898,0
481.64,3.39,0,0.01,40.6,81740,1641906306.8759,0
481.64,3.39,0,0.01,40.6,81761,1641906306.89705,0
481.64,3.39,0,0.01,40.6,81780,1641906306.91686,0
481.64,3.39,0,0.01,40.6,81801,1641906306.93713,0
481.64,3.39,0,0.01,40.6,81820,1641906306.95775,0
481.64,3.39,0,0.01,40.6,81841,1641906306.97809,0
481.64,3.39,0,0.01,40.6,81860,1641906306.99846,0
481.64,3.39,0,0.01,40.6,81881,1641906307.01921,0
481.64,3.39,0,0.01,40.6,81901,1641906307.03916,0
481.64,3.39,0,0.01,40.6,81921,1641906307.05601,0
481.64,3.39,0,0.01,40.6,81941,1641906307.07615,0
481.64,3.39,0,0.01,40.6,81960,1641906307.09767,0
481.64,3.39,0,0.01,40.6,81981,1641906307.11798,0
481.64,3.39,0,0.01,40.6,82000,1641906307.13768,0
481.64,3.39,0,0.01,40.6,82021,1641906307.15869,0
481.64,3.39,0,0.01,40.6,82040,1641906307.17887,0
481.64,3.39,0,0.01,40.6,82061,1641906307.19983,0
481.64,3.39,0,0.01,40.6,82080,1641906307.22001,0
481.64,3.39,0,0.01,40.6,82101,1641906307.23561,0
481.64,3.39,0,0.01,40.6,82120,1641906307.25628,0
481.64,3.39,0,0.01,40.6,82141,1641906307.27653,0
481.64,3.39,0,0.01,40.6,82160,1641906307.29707,0
481.64,3.39,0,0.01,40.6,82181,1641906307.31836,0
481.64,3.39,0,0.01,40.6,82200,1641906307.33818,0
481.64,3.39,0,0.01,40.6,82221,1641906307.35903,0
481.64,3.39,0,0.01,40.6,82241,1641906307.3794,0
481.64,3.39,0,0.01,40.6,82260,1641906307.39959,0
481.64,3.39,0,0.01,40.6,82281,1641906307.41645,0
481.64,3.39,0,0.01,40.6,82300,1641906307.43721,0
481.64,3.39,0,0.01,40.6,82321,1641906307.4569,0
481.64,3.39,0,0.01,40.6,82340,1641906307.47743,0
481.64,3.39,0,0.01,40.6,82361,1641906307.4977,0
481.64,3.39,0,0.01,40.6,82380,1641906307.51826,0
481.64,3.39,0,0.01,40.6,82401,1641906307.53942,0
481.64,3.39,0,0.01,40.6,82420,1641906307.5598,0
481.64,3.39,0,0.01,40.6,82441,1641906307.58251,0
481.64,3.39,0,0.01,40.6,82460,1641906307.59729,0
481.64,3.39,0,0.01,40.6,82481,1641906307.61683,0
481.64,3.39,0,0.01,40.6,82500,1641906307.63711,0
481.64,3.39,0,0.01,40.6,82521,1641906307.65741,0
481.64,3.39,0,0.01,40.6,82541,1641906307.6775,0
481.64,3.39,0,0.01,40.6,82561,1641906307.69876,0
481.64,3.39,0,0.01,40.6,82581,1641906307.7183,0
481.64,3.39,0,0.01,40.6,82600,1641906307.73926,0
481.64,3.39,0,0.01,40.6,82621,1641906307.75929,0
481.64,3.39,0,0.01,40.6,82640,1641906307.77644,0
481.64,3.39,0,0.01,40.6,82661,1641906307.79701,0
481.64,3.39,0,0.01,40.6,82680,1641906307.8172,0
481.64,3.39,0,0.01,40.6,82701,1641906307.838,0
481.64,3.39,0,0.01,40.6,82720,1641906307.85869,0
481.64,3.39,0,0.01,40.6,82741,1641906307.87978,0
481.64,3.39,0,0.01,40.6,82760,1641906307.90023,0
481.64,3.39,0,0.01,40.6,82781,1641906307.92066,0
481.64,3.39,0,0.01,40.6,82800,1641906307.94076,0
481.64,3.39,0,0.01,40.6,82821,1641906307.95688,0
481.64,3.39,0,0.01,40.6,82840,1641906307.97747,0
481.64,3.39,0,0.01,40.6,82861,1641906307.99764,0
481.64,3.39,0,0.01,40.6,82881,1641906308.0194,0
481.64,3.39,0,0.01,40.6,82900,1641906308.03925,0
481.64,3.39,0,0.01,40.6,82921,1641906308.05954,0
481.64,3.39,0,0.01,40.6,82940,1641906308.07984,0
481.64,3.39,0,0.01,40.6,82961,1641906308.10014,0
481.64,3.39,0,0.01,40.6,82980,1641906308.12044,0
481.64,3.39,0,0.01,40.6,83001,1641906308.1408,0
481.64,3.39,0,0.01,40.6,83020,1641906308.15793,0
481.64,3.39,0,0.01,40.6,83041,1641906308.17822,0
481.64,3.39,0,0.01,40.6,83060,1641906308.19851,0
481.64,3.39,0,0.01,40.6,83081,1641906308.2193,0
481.64,3.39,0,0.01,40.6,83100,1641906308.23925,0
481.64,3.39,0,0.01,40.6,83121,1641906308.25971,0
481.64,3.39,0,0.01,40.6,83140,1641906308.28031,0
481.64,3.39,0,0.01,40.6,83161,1641906308.30096,0
481.64,3.39,0,0.01,40.6,83181,1641906308.32144,0
481.64,3.39,0,0.01,40.6,83201,1641906308.33824,0
481.64,3.39,0,0.01,40.6,83221,1641906308.35888,0
481.64,3.39,0,0.01,40.6,83240,1641906308.38417,0
481.64,3.39,0,0.01,40.6,83261,1641906308.39972,0
481.64,3.39,0,0.01,40.6,83280,1641906308.41955,0
481.64,3.39,0,0.01,40.6,83301,1641906308.43948,0
481.64,3.39,0,0.01,40.6,83320,1641906308.46051,0
481.64,3.39,0,0.01,40.6,83341,1641906308.4809,0
481.64,3.39,0,0.01,40.6,83360,1641906308.50346,0
481.64,3.39,0,0.01,40.6,83381,1641906308.52386,0
481.64,3.39,0,0.01,40.6,83400,1641906308.53776,0
481.64,3.39,0,0.01,40.6,83421,1641906308.55805,0
481.64,3.39,0,0.01,40.6,83440,1641906308.58503,0
481.64,3.39,0,0.01,40.6,83461,1641906308.60082,0
481.64,3.39,0,0.01,40.6,83480,1641906308.62057,0
481.64,3.39,0,0.01,40.6,83501,1641906308.64073,0
481.64,3.39,0,0.01,40.6,83521,1641906308.66112,0
481.64,3.39,0,0.01,40.6,83540,1641906308.68158,0
481.64,3.39,0,0.01,40.6,83561,1641906308.70362,0
481.64,3.39,0,0.01,40.6,83580,1641906308.72158,0
481.64,3.39,0,0.01,40.6,83601,1641906308.74443,0
481.64,3.39,0,0.01,40.6,83620,1641906308.76358,0
481.64,3.39,0,0.01,40.6,83641,1641906308.77988,0
481.64,3.39,0,0.01,40.6,83660,1641906308.80107,0
481.64,3.39,0,0.01,40.6,83681,1641906308.82336,0
481.64,3.39,0,0.01,40.6,83700,1641906308.84266,0
481.64,3.39,0,0.01,40.6,83721,1641906308.86226,0
481.64,3.39,0,0.01,40.6,83740,1641906308.87884,0
481.64,3.39,0,0.01,40.6,83761,1641906308.90078,0
481.64,3.39,0,0.01,40.6,83780,1641906308.91946,0
481.64,3.39,0,0.01,40.6,83801,1641906308.93914,0
481.64,3.39,0,0.01,40.6,83821,1641906308.95976,0
481.64,3.39,0,0.01,40.6,83841,1641906308.98036,0
481.64,3.39,0,0.01,40.6,83861,1641906309.00019,0
481.64,3.39,0,0.01,40.6,83880,1641906309.02151,0
481.64,3.39,0,0.01,40.6,83901,1641906309.04111,0
481.64,3.39,0,0.01,40.6,83920,1641906309.06682,0
481.64,3.39,0,0.01,40.6,83941,1641906309.08154,0
481.64,3.39,0,0.01,40.6,83960,1641906309.0996,0
481.64,3.39,0,0.01,40.6,83981,1641906309.12048,0
481.64,3.39,0,0.01,40.6,84000,1641906309.14308,0
481.64,3.39,0,0.01,40.6,84021,1641906309.16005,0
481.64,3.39,0,0.01,40.6,84040,1641906309.19193,0
481.64,3.39,0,0.01,40.6,84061,1641906309.20385,0
481.64,3.39,0,0.01,40.6,84080,1641906309.22451,0
481.64,3.39,0,0.01,40.6,84101,1641906309.23976,0
481.64,3.39,0,0.01,40.6,84120,1641906309.25879,0
481.64,3.39,0,0.01,40.6,84141,1641906309.28014,0
481.64,3.39,0,0.01,40.6,84161,1641906309.30076,0
481.64,3.39,0,0.01,40.6,84180,1641906309.31989,0
481.64,3.39,0,0.01,40.6,84201,1641906309.3404,0
481.64,3.39,0,0.01,40.6,84220,1641906309.3619,0
481.64,3.39,0,0.01,40.6,84241,1641906309.38184,0
481.64,3.39,0,0.01,40.6,84260,1641906309.4045,0
481.64,3.39,0,0.01,40.6,84281,1641906309.41914,0
481.64,3.39,0,0.01,40.6,84300,1641906309.43999,0
481.64,3.39,0,0.01,40.6,84321,1641906309.46105,0
481.64,3.39,0,0.01,40.6,84340,1641906309.48035,0
481.64,3.39,0,0.01,40.6,84361,1641906309.5006,0
481.64,3.39,0,0.01,40.6,84380,1641906309.52137,0
481.64,3.39,0,0.01,40.6,84401,1641906309.5413,0
481.64,3.39,0,0.01,40.6,84420,1641906309.56208,0
481.64,3.39,0,0.01,40.6,84441,1641906309.58384,0
481.64,3.39,0,0.01,40.6,84461,1641906309.6116,0
481.64,3.39,0,0.01,40.6,84481,1641906309.62366,0
481.64,3.39,0,0.01,40.6,84501,1641906309.64017,0
481.64,3.39,0,0.01,40.6,84520,1641906309.66004,0
481.64,3.39,0,0.01,40.6,84541,1641906309.68928,0
481.64,3.39,0,0.01,40.6,84560,1641906309.70207,0
481.64,3.39,0,0.01,40.6,84581,1641906309.72469,0
481.64,3.39,0,0.01,40.6,84600,1641906309.74241,0
481.64,3.39,0,0.01,40.6,84621,1641906309.76274,0
481.64,3.39,0,0.01,40.6,84640,1641906309.77945,0
481.64,3.39,0,0.01,40.6,84661,1641906309.80121,0
481.64,3.39,0,0.01,40.6,84680,1641906309.83,0
481.64,3.39,0,0.01,40.6,84701,1641906309.84197,0
481.64,3.39,0,0.01,40.6,84720,1641906309.86056,0
481.64,3.39,0,0.01,40.6,84741,1641906309.88712,0
481.64,3.39,0,0.01,40.6,84760,1641906309.90827,0
481.64,3.39,0,0.01,40.6,84781,1641906309.92443,0
481.64,3.39,0,0.01,40.6,84801,1641906309.94324,0
481.64,3.39,0,0.01,40.6,84820,1641906309.96354,0
481.64,3.39,0,0.01,40.6,84841,1641906309.98028,0
481.64,3.39,0,0.01,40.6,84860,1641906310.00164,0
