873.13,1.01,0,0,92.9,1551652,1640099314.93329,0
873.13,1.01,0,0,92.9,1551673,1640099314.93401,0
873.13,1.01,0,0,92.9,1551692,1640099314.93468,0
873.13,1.01,0,0,92.9,1551713,1640099314.93538,0
873.13,1.01,0,0,92.9,1551732,1640099314.95754,0
873.13,1.01,0,0,92.9,1551753,1640099314.96607,0
873.13,1.01,0,0,92.9,1551772,1640099314.99196,0
873.13,1.01,0,0,92.9,1551793,1640099315.00762,0
873.13,1.01,0,0,92.9,1551812,1640099315.0299,0
873.13,1.01,0,0,92.9,1551833,1640099315.05843,0
873.13,1.01,0,0,92.9,1551852,1640099315.06506,0
873.13,1.01,0,0,92.9,1551873,1640099315.08786,0
873.13,1.01,0,0,92.9,1551892,1640099315.10452,0
873.13,1.01,0,0,92.9,1551912,1640099315.1219,0
873.13,1.01,0,0,92.9,1551933,1640099315.14307,0
873.13,1.01,0,0,92.9,1551952,1640099315.16269,0
873.13,1.01,0,0,92.9,1551973,1640099315.18525,0
873.13,1.01,0,0,92.9,1551992,1640099315.20408,0
873.13,1.01,0,0,92.9,1552013,1640099315.2244,0
873.13,1.01,0,0,92.9,1552032,1640099315.24422,0
873.13,1.01,0,0,92.9,1552053,1640099315.26471,0
873.13,1.01,0,0,92.9,1552072,1640099315.28266,0
873.13,1.01,0,0,92.9,1552093,1640099315.30301,0
873.13,1.01,0,0,92.9,1552112,1640099315.32485,0
873.13,1.01,0,0,92.9,1552133,1640099315.35071,0
873.13,1.01,0,0,92.9,1552152,1640099315.37363,0
873.13,1.01,0,0,92.9,1552173,1640099315.38704,0
873.13,1.01,0,0,92.9,1552192,1640099315.40523,0
873.13,1.01,0,0,92.9,1552212,1640099315.42557,0
873.13,1.01,0,0,92.9,1552233,1640099315.44569,0
873.13,1.01,0,0,92.9,1552252,1640099315.4659,0
873.13,1.01,0,0,92.9,1552273,1640099315.483,0
873.13,1.01,0,0,92.9,1552292,1640099315.50252,0
873.13,1.01,0,0,92.9,1552313,1640099315.52366,0
873.13,1.01,0,0,92.9,1552332,1640099315.54401,0
873.13,1.01,0,0,92.9,1552353,1640099315.56446,0
873.13,1.01,0,0,92.9,1552372,1640099315.58539,0
873.13,1.01,0,0,92.9,1552393,1640099315.60521,0
873.13,1.01,0,0,92.9,1552412,1640099315.62543,0
873.13,1.01,0,0,92.9,1552433,1640099315.64663,0
873.13,1.01,0,0,92.9,1552452,1640099315.66235,0
873.13,1.01,0,0,92.9,1552473,1640099315.68474,0
873.13,1.01,0,0,92.9,1552492,1640099315.70363,0
873.13,1.01,0,0,92.9,1552513,1640099315.72422,0
873.13,1.01,0,0,92.9,1552532,1640099315.74446,0
873.13,1.01,0,0,92.9,1552552,1640099315.7651,0
873.13,1.01,0,0,92.9,1552573,1640099315.78555,0
873.13,1.01,0,0,92.9,1552592,1640099315.80574,0
873.13,1.01,0,0,92.9,1552613,1640099315.82627,0
873.13,1.01,0,0,92.9,1552632,1640099315.84307,0
873.13,1.01,0,0,92.9,1552653,1640099315.86354,0
873.13,1.01,0,0,92.9,1552672,1640099315.88429,0
873.13,1.01,0,0,92.9,1552693,1640099315.9048,0
873.13,1.01,0,0,92.9,1552712,1640099315.92472,0
873.13,1.01,0,0,92.9,1552733,1640099315.94536,0
873.13,1.01,0,0,92.9,1552752,1640099315.9666,0
873.13,1.01,0,0,92.9,1552773,1640099315.98596,0
873.13,1.01,0,0,92.9,1552792,1640099316.0074,0
873.13,1.01,0,0,92.9,1552813,1640099316.0231,0
873.13,1.01,0,0,92.9,1552832,1640099316.04371,0
873.13,1.01,0,0,92.9,1552852,1640099316.06521,0
873.13,1.01,0,0,92.9,1552872,1640099316.08544,0
873.13,1.01,0,0,92.9,1552892,1640099316.10517,0
873.13,1.01,0,0,92.9,1552913,1640099316.12634,0
873.13,1.01,0,0,92.9,1552932,1640099316.15007,0
873.13,1.01,0,0,92.9,1552953,1640099316.16696,0
873.13,1.01,0,0,92.9,1552972,1640099316.18613,0
873.13,1.01,0,0,92.9,1552993,1640099316.20354,0
873.13,1.01,0,0,92.9,1553012,1640099316.22427,0
873.13,1.01,0,0,92.9,1553033,1640099316.24444,0
873.13,1.01,0,0,92.9,1553052,1640099316.26489,0
873.13,1.01,0,0,92.9,1553073,1640099316.28538,0
873.13,1.01,0,0,92.9,1553092,1640099316.30602,0
873.13,1.01,0,0,92.9,1553113,1640099316.32617,0
873.13,1.01,0,0,92.9,1553132,1640099316.34661,0
873.13,1.01,0,0,92.9,1553153,1640099316.36715,0
873.13,1.01,0,0,92.9,1553172,1640099316.38441,0
873.13,1.01,0,0,92.9,1553192,1640099316.40472,0
873.13,1.01,0,0,92.9,1553213,1640099316.425,0
873.13,1.01,0,0,92.9,1553232,1640099316.44541,0
873.13,1.01,0,0,92.9,1553253,1640099316.46554,0
873.13,1.01,0,0,92.9,1553272,1640099316.48604,0
873.13,1.01,0,0,92.9,1553293,1640099316.50625,0
873.13,1.01,0,0,92.9,1553312,1640099316.52693,0
873.13,1.01,0,0,92.9,1553333,1640099316.54833,0
873.13,1.01,0,0,92.9,1553352,1640099316.56448,0
873.13,1.01,0,0,92.9,1553373,1640099316.58449,0
873.13,1.01,0,0,92.9,1553392,1640099316.60537,0
873.13,1.01,0,0,92.9,1553413,1640099316.62584,0
873.13,1.01,0,0,92.9,1553432,1640099316.64588,0
873.13,1.01,0,0,92.9,1553453,1640099316.6664,0
873.13,1.01,0,0,92.9,1553472,1640099316.6868,0
873.13,1.01,0,0,92.9,1553492,1640099316.70671,0
873.13,1.01,0,0,92.9,1553512,1640099316.72811,0
873.13,1.01,0,0,92.9,1553532,1640099316.74394,0
873.13,1.01,0,0,92.9,1553553,1640099316.7646,0
873.13,1.01,0,0,92.9,1553572,1640099316.78467,0
873.13,1.01,0,0,92.9,1553593,1640099316.80582,0
873.13,1.01,0,0,92.9,1553612,1640099316.82631,0
873.13,1.01,0,0,92.9,1553633,1640099316.84695,0
873.13,1.01,0,0,92.9,1553652,1640099316.8674,0
873.13,1.01,0,0,92.9,1553673,1640099316.88764,0
873.13,1.01,0,0,92.9,1553692,1640099316.91306,0
873.13,1.01,0,0,92.9,1553713,1640099316.92813,0
873.13,1.01,0,0,92.9,1553732,1640099316.94425,0
873.13,1.01,0,0,92.9,1553753,1640099316.96423,0
873.13,1.01,0,0,92.9,1553772,1640099316.98565,0
873.13,1.01,0,0,92.9,1553793,1640099317.00563,0
873.13,1.01,0,0,92.9,1553812,1640099317.02573,0
873.13,1.01,0,0,92.9,1553832,1640099317.04618,0
873.13,1.01,0,0,92.9,1553853,1640099317.06746,0
873.13,1.01,0,0,92.9,1553872,1640099317.08863,0
873.13,1.01,0,0,92.9,1553893,1640099317.10327,0
873.13,1.01,0,0,92.9,1553912,1640099317.12478,0
873.13,1.01,0,0,92.9,1553933,1640099317.14599,0
873.13,1.01,0,0,92.9,1553952,1640099317.16604,0
873.13,1.01,0,0,92.9,1553973,1640099317.19367,0
873.13,1.01,0,0,92.9,1553992,1640099317.20744,0
873.13,1.01,0,0,92.9,1554013,1640099317.22696,0
873.13,1.01,0,0,92.9,1554032,1640099317.24745,0
873.13,1.01,0,0,92.9,1554053,1640099317.27397,0
873.13,1.01,0,0,92.9,1554072,1640099317.28561,0
873.13,1.01,0,0,92.9,1554093,1640099317.30618,0
873.13,1.01,0,0,92.9,1554112,1640099317.32585,0
873.13,1.01,0,0,92.9,1554132,1640099317.34747,0
873.13,1.01,0,0,92.9,1554152,1640099317.36764,0
873.13,1.01,0,0,92.9,1554172,1640099317.38799,0
873.13,1.01,0,0,92.9,1554193,1640099317.41037,0
873.13,1.01,0,0,92.9,1554212,1640099317.42776,0
873.13,1.01,0,0,92.9,1554233,1640099317.44808,0
873.13,1.01,0,0,92.9,1554252,1640099317.46616,0
873.13,1.01,0,0,92.9,1554273,1640099317.48524,0
873.13,1.01,0,0,92.9,1554292,1640099317.50524,0
873.13,1.01,0,0,92.9,1554313,1640099317.52683,0
873.13,1.01,0,0,92.9,1554332,1640099317.54697,0
873.13,1.01,0,0,92.9,1554353,1640099317.56801,0
873.13,1.01,0,0,92.9,1554372,1640099317.5882,0
873.13,1.01,0,0,92.9,1554393,1640099317.6085,0
873.13,1.01,0,0,92.9,1554412,1640099317.62884,0
873.13,1.01,0,0,92.9,1554433,1640099317.64568,0
873.13,1.01,0,0,92.9,1554452,1640099317.66582,0
873.13,1.01,0,0,92.9,1554472,1640099317.68644,0
873.13,1.01,0,0,92.9,1554493,1640099317.70741,0
873.13,1.01,0,0,92.9,1554512,1640099317.72672,0
873.13,1.01,0,0,92.9,1554533,1640099317.74835,0
873.13,1.01,0,0,92.9,1554552,1640099317.76853,0
873.13,1.01,0,0,92.9,1554573,1640099317.78904,0
873.13,1.01,0,0,92.9,1554592,1640099317.80895,0
873.13,1.01,0,0,92.9,1554613,1640099317.83486,0
873.13,1.01,0,0,92.9,1554632,1640099317.85324,0
873.13,1.01,0,0,92.9,1554653,1640099317.8671,0
873.13,1.01,0,0,92.9,1554672,1640099317.88748,0
873.13,1.01,0,0,92.9,1554693,1640099317.90808,0
873.13,1.01,0,0,92.9,1554712,1640099317.928,0
873.13,1.01,0,0,92.9,1554733,1640099317.95399,0
873.13,1.01,0,0,92.9,1554752,1640099317.97652,0
873.13,1.01,0,0,92.9,1554772,1640099317.98878,0
873.13,1.01,0,0,92.9,1554792,1640099318.00973,0
873.13,1.01,0,0,92.9,1554812,1640099318.02572,0
873.13,1.01,0,0,92.9,1554833,1640099318.04628,0
873.13,1.01,0,0,92.9,1554852,1640099318.06627,0
873.13,1.01,0,0,92.9,1554873,1640099318.0865,0
873.13,1.01,0,0,92.9,1554892,1640099318.10809,0
873.13,1.01,0,0,92.9,1554913,1640099318.12849,0
873.13,1.01,0,0,92.9,1554932,1640099318.14886,0
873.13,1.01,0,0,92.9,1554953,1640099318.16952,0
873.13,1.01,0,0,92.9,1554972,1640099318.18978,0
873.13,1.01,0,0,92.9,1554993,1640099318.20672,0
873.13,1.01,0,0,92.9,1555012,1640099318.22611,0
873.13,1.01,0,0,92.9,1555033,1640099318.24765,0
873.13,1.01,0,0,92.9,1555052,1640099318.26811,0
873.13,1.01,0,0,92.9,1555073,1640099318.28828,0
873.13,1.01,0,0,92.9,1555093,1640099318.30816,0
873.13,1.01,0,0,92.9,1555112,1640099318.32854,0
873.13,1.01,0,0,92.9,1555132,1640099318.34898,0
873.13,1.01,0,0,92.9,1555152,1640099318.37039,0
873.13,1.01,0,0,92.91,1555173,1640099318.39095,0
873.13,1.01,0,0,92.93,1555192,1640099318.40766,0
873.13,1.01,0,0,93.05,1555213,1640099318.42772,0
873.13,1.01,0,0,93.23,1555232,1640099318.44794,0
873.13,1.01,0,0,93.46,1555253,1640099318.46784,0
873.13,1.01,0,0,93.85,1555272,1640099318.48897,0
873.13,1.01,0,0,94.28,1555293,1640099318.50925,0
873.13,1.01,0,0,94.9,1555312,1640099318.53053,0
873.13,1.01,0,0,95.45,1555333,1640099318.5539,0
873.13,1.01,0,0,96.13,1555353,1640099318.57366,0
873.13,1.01,0,0,96.8,1555373,1640099318.58694,0
873.13,1.01,0,0,97.51,1555392,1640099318.60782,0
873.13,1.01,0,0,98.26,1555412,1640099318.62819,0
873.13,1.01,0,0,99.13,1555433,1640099318.64878,0
873.13,1.01,0,0,99.93,1555452,1640099318.66936,0
873.13,1.01,0,0,100.78,1555473,1640099318.68934,0
873.13,1.01,0,0,101.63,1555492,1640099318.70983,0
873.13,1.01,0,0,102.43,1555513,1640099318.73102,0
873.13,1.01,0,0,103.18,1555532,1640099318.74654,0
873.13,1.01,0,0,103.85,1555553,1640099318.7671,0
873.13,1.01,0,0,104.41,1555572,1640099318.78797,0
873.13,1.01,0,0.01,104.88,1555593,1640099318.80819,0
873.13,1.01,0,0,105.25,1555612,1640099318.82881,0
873.13,1.01,0,0,105.5,1555633,1640099318.84933,0
873.13,1.01,0,0,105.68,1555653,1640099318.87085,0
873.13,1.01,0,0,105.76,1555673,1640099318.89074,0
873.13,1.01,0,0.01,105.81,1555693,1640099318.91102,0
873.13,1.01,0,0,105.81,1555713,1640099318.9267,0
873.13,1.01,0,0,105.81,1555732,1640099318.94771,0
873.13,1.01,0,0,105.81,1555752,1640099318.96877,0
873.13,1.01,0,0,105.85,1555773,1640099318.98784,0
873.13,1.01,0,0.01,106.01,1555792,1640099319.00988,0
873.13,1.01,0,0,106.33,1555813,1640099319.03016,0
873.13,1.01,0,0,106.83,1555832,1640099319.05635,0
873.13,1.01,0,0,107.41,1555853,1640099319.07756,0
873.13,1.01,0,0,107.91,1555872,1640099319.09077,0
873.13,1.01,0,0.01,108.38,1555893,1640099319.11098,0
873.13,1.01,0,0,108.71,1555912,1640099319.12796,0
873.13,1.01,0,0,109,1555933,1640099319.14822,0
873.13,1.01,0,0,109.15,1555953,1640099319.16883,0
873.13,1.01,0,0,109.18,1555973,1640099319.19599,0
873.13,1.01,0,0.01,109.2,1555993,1640099319.20993,0
873.13,1.01,0,0,109.2,1556013,1640099319.22964,0
873.13,1.01,0,0,109.2,1556032,1640099319.25017,0
873.13,1.01,0,0,109.2,1556052,1640099319.2714,0
873.13,1.01,0,0,109.2,1556073,1640099319.2869,0
873.13,1.01,0,0.01,109.2,1556092,1640099319.30846,0
873.13,1.01,0,0,109.2,1556113,1640099319.32819,0
873.13,1.01,0,0,109.2,1556132,1640099319.34879,0
873.13,1.01,0,0,109.2,1556153,1640099319.37095,0
873.13,1.01,0,0,109.2,1556172,1640099319.39005,0
873.13,1.01,0,0.01,109.2,1556193,1640099319.41042,0
873.13,1.01,0,0,109.2,1556212,1640099319.43203,0
873.13,1.01,0,0,109.2,1556233,1640099319.45192,0
873.13,1.01,0,0,109.16,1556253,1640099319.47215,0
873.13,1.01,0,0,109.13,1556273,1640099319.48909,0
873.13,1.01,0,0.01,109,1556293,1640099319.51103,0
873.13,1.01,0,0,108.81,1556313,1640099319.52918,0
873.13,1.01,0,0,108.51,1556333,1640099319.54944,0
873.13,1.01,0,0,108.1,1556353,1640099319.57842,0
873.13,1.01,0,0,107.51,1556373,1640099319.59299,0
873.13,1.01,0,0.01,106.8,1556392,1640099319.6114,0
873.13,1.01,0,0,105.95,1556413,1640099319.6317,0
873.13,1.01,0,0,105.03,1556432,1640099319.652,0
873.13,1.01,0,0,103.98,1556453,1640099319.66811,0
873.13,1.01,0,0,102.83,1556472,1640099319.68906,0
873.13,1.01,0,0.01,101.61,1556493,1640099319.70995,0
873.13,1.01,0,0,100.4,1556512,1640099319.73069,0
873.13,1.01,0,0,99.15,1556533,1640099319.75124,0
873.13,1.01,0,0,97.9,1556552,1640099319.77168,0
873.13,1.01,0,0,96.58,1556573,1640099319.79229,0
873.13,1.01,0,0.01,95.23,1556593,1640099319.81217,0
873.13,1.01,0,0,93.93,1556613,1640099319.83249,0
873.13,1.01,0,0,92.58,1556633,1640099319.84956,0
873.13,1.01,0,0,91.16,1556653,1640099319.87013,0
873.13,1.01,0,0,89.73,1556673,1640099319.89079,0
873.13,1.01,0,0.01,88.21,1556692,1640099319.91117,0
873.13,1.01,0,0,86.61,1556713,1640099319.93161,0
873.13,1.01,0,0,84.98,1556732,1640099319.95163,0
873.13,1.01,0,0,83.28,1556753,1640099319.97151,0
873.13,1.01,0,0,81.56,1556772,1640099319.99739,0
873.13,1.01,0,0.01,79.88,1556793,1640099320.01271,0
873.13,1.01,0,0,78.16,1556812,1640099320.02958,0
873.13,1.01,0,0,76.33,1556833,1640099320.04881,0
873.13,1.01,0,0,74.38,1556852,1640099320.07591,0
873.13,1.01,0,0.01,72.53,1556873,1640099320.09302,0
873.13,1.01,0,0.01,70.88,1556892,1640099320.11036,0
873.13,1.01,0,0,69.45,1556913,1640099320.13146,0
873.13,1.01,0,0,68.28,1556933,1640099320.15185,0
873.13,1.01,0,0,67.26,1556953,1640099320.17226,0
873.13,1.01,0,0.01,66.45,1556973,1640099320.19287,0
873.13,1.01,0,0.01,65.78,1556993,1640099320.20959,0
873.13,1.01,0,0,65.2,1557013,1640099320.22944,0
873.13,1.01,0,0,64.65,1557032,1640099320.24985,0
873.13,1.01,0,0,64.06,1557053,1640099320.27075,0
873.13,1.01,0,0.01,63.38,1557072,1640099320.29202,0
873.13,1.01,0,0.01,62.65,1557093,1640099320.32023,0
873.13,1.01,0,0,61.85,1557112,1640099320.33461,0
873.13,1.01,0,0,60.98,1557133,1640099320.35637,0
873.13,1.01,0,0,60.03,1557152,1640099320.37239,0
873.13,1.01,0,0.01,59.01,1557173,1640099320.38908,0
873.13,1.01,0,0.01,57.98,1557192,1640099320.40955,0
873.13,1.01,0,0,56.96,1557213,1640099320.42969,0
873.13,1.01,0,0,56.01,1557232,1640099320.45058,0
873.13,1.01,0,0,55.1,1557253,1640099320.47144,0
873.13,1.01,0,0.01,54.23,1557273,1640099320.49238,0
873.13,1.01,0,0.01,53.38,1557293,1640099320.51247,0
873.13,1.01,0,0.01,52.52,1557313,1640099320.53255,0
873.13,1.01,0,0,51.7,1557332,1640099320.55369,0
873.13,1.01,0,0,50.9,1557352,1640099320.56935,0
873.13,1.01,0,0.01,50.15,1557372,1640099320.59034,0
873.13,1.01,0,0.01,49.42,1557393,1640099320.62039,0
873.13,1.01,0,0,48.73,1557412,1640099320.63128,0
873.13,1.01,0,0,48.1,1557433,1640099320.65104,0
873.13,1.01,0,0,47.48,1557452,1640099320.6711,0
873.13,1.01,0,0.01,46.88,1557473,1640099320.69824,0
873.13,1.01,0,0.01,46.25,1557492,1640099320.71431,0
873.13,1.01,0,0,45.67,1557513,1640099320.73317,0
873.13,1.01,0,0.01,45.08,1557533,1640099320.7491,0
873.13,1.01,0,0,44.57,1557553,1640099320.77071,0
873.13,1.01,0,0.01,44.08,1557572,1640099320.79077,0
873.13,1.01,0,0.01,43.67,1557593,1640099320.81081,0
873.13,1.01,0,0,43.28,1557612,1640099320.83169,0
873.13,1.01,0,0,42.93,1557633,1640099320.85193,0
873.13,1.01,0,0,42.62,1557652,1640099320.87239,0
873.13,1.01,0,0.01,42.33,1557672,1640099320.89299,0
873.13,1.01,0,0.01,42.07,1557693,1640099320.91299,0
873.13,1.01,0,0,41.77,1557712,1640099320.92975,0
873.13,1.01,0,0.01,41.43,1557733,1640099320.9503,0
873.13,1.01,0,0,41.07,1557752,1640099320.9706,0
873.13,1.01,0,0.01,40.68,1557773,1640099320.99156,0
873.13,1.01,0,0.01,40.27,1557792,1640099321.01167,0
873.13,1.01,0,0,39.8,1557813,1640099321.03249,0
873.13,1.01,0,0.01,39.28,1557832,1640099321.05281,0
873.13,1.01,0,0,38.78,1557853,1640099321.07325,0
873.13,1.01,0,0.01,38.3,1557872,1640099321.0948,0
873.13,1.01,0,0.01,37.8,1557893,1640099321.11019,0
873.13,1.01,0,0,37.28,1557912,1640099321.1315,0
873.13,1.01,0,0.01,36.73,1557933,1640099321.15118,0
873.13,1.01,0,0,36.18,1557952,1640099321.17233,0
873.13,1.01,0,0.01,35.63,1557972,1640099321.19254,0
873.13,1.01,0,0.01,35.08,1557993,1640099321.21289,0
873.13,1.01,0,0,34.5,1558012,1640099321.23346,0
873.13,1.01,0,0.01,33.92,1558033,1640099321.25376,0
873.13,1.01,0,0,33.37,1558052,1640099321.27425,0
873.13,1.01,0,0.01,32.78,1558073,1640099321.29104,0
873.13,1.01,0,0.01,32.22,1558092,1640099321.3114,0
873.13,1.01,0,0,31.65,1558113,1640099321.3318,0
873.13,1.01,0,0.01,31.05,1558132,1640099321.35219,0
873.13,1.01,0,0,30.38,1558153,1640099321.37284,0
873.13,1.01,0,0.01,29.67,1558172,1640099321.39298,0
873.13,1.01,0,0.01,28.87,1558193,1640099321.41412,0
873.13,1.01,0,0,28.08,1558212,1640099321.43443,0
873.13,1.01,0,0.01,27.28,1558233,1640099321.45475,0
873.13,1.01,0,0,26.48,1558252,1640099321.47089,0
873.13,1.01,0,0.01,25.72,1558273,1640099321.49183,0
873.13,1.01,0,0.01,25,1558292,1640099321.51533,0
873.13,1.01,0,0,24.32,1558312,1640099321.53527,0
873.13,1.01,0,0.01,23.65,1558333,1640099321.55255,0
873.13,1.01,0,0,23.05,1558352,1640099321.57278,0
873.13,1.01,0,0.01,22.47,1558373,1640099321.59685,0
873.13,1.01,0,0.01,21.93,1558392,1640099321.61335,0
873.13,1.01,0,0,21.45,1558413,1640099321.63357,0
873.13,1.01,0,0.01,20.97,1558432,1640099321.65426,0
873.13,1.01,0,0.01,20.55,1558453,1640099321.67131,0
873.13,1.01,0,0.01,20.12,1558472,1640099321.69125,0
873.13,1.01,0,0.01,19.68,1558493,1640099321.71161,0
873.13,1.01,0,0,19.22,1558512,1640099321.7322,0
873.13,1.01,0,0.01,18.7,1558533,1640099321.75318,0
873.13,1.01,0,0.01,18.1,1558552,1640099321.77468,0
873.13,1.01,0,0.01,17.37,1558573,1640099321.79395,0
873.13,1.01,0,0.01,16.57,1558592,1640099321.81521,0
873.13,1.01,0,0,15.67,1558612,1640099321.83106,0
873.13,1.01,0,0.01,14.7,1558633,1640099321.85143,0
873.13,1.01,0,0.01,13.78,1558652,1640099321.87214,0
873.13,1.01,0,0.01,12.92,1558673,1640099321.89208,0
873.13,1.01,0,0.01,12.17,1558692,1640099321.91365,0
873.13,1.01,0,0,11.62,1558712,1640099321.93358,0
873.13,1.01,0,0.01,11.32,1558732,1640099321.95426,0
873.13,1.01,0,0.01,11.18,1558753,1640099321.97474,0
873.13,1.01,0,0.01,11.12,1558772,1640099321.99454,0
873.13,1.01,0,0.01,11.1,1558793,1640099322.01164,0
873.13,1.01,0,0,11.07,1558812,1640099322.03201,0
873.13,1.01,0,0.01,11.03,1558833,1640099322.05236,0
873.13,1.01,0,0.01,10.97,1558853,1640099322.07525,0
873.13,1.01,0,0.01,10.88,1558873,1640099322.09641,0
873.13,1.01,0,0.01,10.8,1558892,1640099322.11388,0
873.13,1.01,0,0,10.72,1558913,1640099322.13371,0
873.13,1.01,0,0.01,10.63,1558933,1640099322.1539,0
873.13,1.01,0,0.01,10.55,1558952,1640099322.17432,0
873.13,1.01,0,0.01,10.45,1558973,1640099322.19569,0
873.13,1.01,0,0,10.35,1558992,1640099322.21177,0
873.13,1.01,0,0.01,10.25,1559013,1640099322.23294,0
873.13,1.01,0,0.01,10.17,1559032,1640099322.25326,0
873.13,1.01,0,0.01,10.07,1559053,1640099322.27513,0
873.13,1.01,0,0.01,9.97,1559072,1640099322.29423,0
873.13,1.01,0,0.01,9.87,1559092,1640099322.31541,0
873.13,1.01,0,0.01,9.73,1559112,1640099322.33561,0
873.13,1.01,0,0.01,9.58,1559133,1640099322.35579,0
873.13,1.01,0,0.01,9.42,1559152,1640099322.37554,0
873.13,1.01,0,0.01,9.22,1559173,1640099322.39191,0
873.13,1.01,0,0.01,9,1559192,1640099322.41304,0
873.13,1.01,0,0.01,8.8,1559213,1640099322.43376,0
873.13,1.01,0,0.01,8.58,1559232,1640099322.4576,0
873.13,1.01,0,0.01,8.33,1559252,1640099322.47776,0
873.13,1.01,0,0.01,8.07,1559272,1640099322.4943,0
873.13,1.01,0,0,7.83,1559292,1640099322.51508,0
873.13,1.01,0,0.01,7.62,1559312,1640099322.53496,0
873.13,1.01,0,0.01,7.38,1559332,1640099322.55633,0
873.13,1.01,0,0.01,7.15,1559353,1640099322.57175,0
873.13,1.01,0,0.01,6.92,1559372,1640099322.59333,0
873.13,1.01,0,0,6.68,1559392,1640099322.61348,0
873.13,1.01,0,0.01,6.45,1559412,1640099322.63392,0
873.13,1.01,0,0.01,6.18,1559433,1640099322.65402,0
873.13,1.01,0,0.01,5.93,1559452,1640099322.67983,0
873.13,1.01,0,0.01,5.72,1559473,1640099322.69504,0
873.13,1.01,0,0,5.53,1559492,1640099322.71654,0
873.13,1.01,0,0.01,5.4,1559513,1640099322.74113,0
873.13,1.01,0,0.01,5.32,1559532,1640099322.75234,0
873.13,1.01,0,0.01,5.25,1559553,1640099322.77311,0
873.13,1.01,0,0.01,5.22,1559572,1640099322.79367,0
873.13,1.01,0,0,5.17,1559592,1640099322.81378,0
873.13,1.01,0,0.01,5.12,1559612,1640099322.84036,0
873.13,1.01,0,0.01,5.05,1559632,1640099322.85773,0
873.13,1.01,0,0.01,4.98,1559653,1640099322.87485,0
873.13,1.01,0,0.01,4.9,1559672,1640099322.8957,0
873.13,1.01,0,0,4.77,1559692,1640099322.91251,0
873.13,1.01,0,0.01,4.58,1559712,1640099322.93233,0
873.13,1.01,0,0.01,4.35,1559733,1640099322.95246,0
873.13,1.01,0,0.01,4.08,1559752,1640099322.9781,0
873.13,1.01,0,0.01,3.82,1559773,1640099322.99493,0
873.13,1.01,0,0,3.55,1559792,1640099323.01416,0
873.13,1.01,0,0,3.3,1559813,1640099323.03508,0
873.13,1.01,0,0.01,3.03,1559832,1640099323.05555,0
873.13,1.01,0,0.01,2.82,1559853,1640099323.08256,0
873.13,1.01,0,0.01,2.6,1559872,1640099323.09627,0
873.13,1.01,0,0,2.42,1559892,1640099323.1126,0
873.13,1.01,0,0.01,2.22,1559912,1640099323.13313,0
873.13,1.01,0,0.01,2.05,1559932,1640099323.15379,0
873.13,1.01,0,0.01,1.88,1559952,1640099323.17399,0
873.13,1.01,0,0.01,1.73,1559972,1640099323.195,0
873.13,1.01,0,0,1.6,1559992,1640099323.21541,0
873.13,1.01,0,0,1.48,1560012,1640099323.23565,0
873.13,1.01,0,0.01,1.37,1560033,1640099323.25609,0
873.13,1.01,0,0.01,1.25,1560052,1640099323.27676,0
873.13,1.01,0,0.01,1.13,1560073,1640099323.2946,0
873.13,1.01,0,0,1.02,1560092,1640099323.31423,0
873.13,1.01,0,0,0.9,1560113,1640099323.33717,0
873.13,1.01,0,0.01,0.77,1560132,1640099323.36144,0
873.13,1.01,0,0.01,0.67,1560153,1640099323.37599,0
873.13,1.01,0,0.01,0.57,1560172,1640099323.39547,0
873.13,1.01,0,0.01,0.48,1560193,1640099323.41579,0
873.13,1.01,0,0,0.4,1560212,1640099323.43612,0
873.13,1.01,0,0.01,0.3,1560232,1640099323.45615,0
873.13,1.01,0,0.01,0.22,1560253,1640099323.47488,0
873.13,1.01,0,0.01,0.13,1560272,1640099323.49504,0
873.13,1.01,0,0,0.05,1560292,1640099323.51414,0
873.13,1.01,0,0,-0.05,1560312,1640099323.53424,0
873.13,1.01,0,0.01,-0.13,1560333,1640099323.55476,0
873.13,1.01,0,0.01,-0.23,1560352,1640099323.57577,0
873.13,1.01,0,0.01,-0.33,1560373,1640099323.59638,0
873.13,1.01,0,0.01,-0.43,1560392,1640099323.61693,0
873.13,1.01,0,0,-0.52,1560413,1640099323.63743,0
873.13,1.01,0,0.01,-0.6,1560432,1640099323.65431,0
873.13,1.01,0,0.01,-0.67,1560453,1640099323.67433,0
873.13,1.01,0,0.01,-0.73,1560472,1640099323.69452,0
873.13,1.01,0,0,-0.8,1560492,1640099323.71482,0
873.13,1.01,0,0,-0.85,1560512,1640099323.73582,0
873.13,1.01,0,0.01,-0.9,1560532,1640099323.7564,0
873.13,1.01,0,0.01,-0.93,1560552,1640099323.78413,0
873.13,1.01,0,0.01,-0.98,1560572,1640099323.79695,0
873.13,1.01,0,0.01,-1.03,1560593,1640099323.81727,0
873.13,1.01,0,0,-1.08,1560612,1640099323.83387,0
873.13,1.01,0,0.01,-1.17,1560633,1640099323.85433,0
873.13,1.01,0,0.01,-1.23,1560652,1640099323.87555,0
873.13,1.01,0,0.01,-1.32,1560673,1640099323.89582,0
873.13,1.01,0,0.01,-1.38,1560692,1640099323.91687,0
873.13,1.01,0,0,-1.43,1560713,1640099323.93647,0
873.13,1.01,0,0.01,-1.48,1560732,1640099323.9568,0
873.13,1.01,0,0.01,-1.53,1560752,1640099323.97753,0
873.13,1.01,0,0.01,-1.57,1560772,1640099323.99771,0
873.13,1.01,0,0.01,-1.6,1560793,1640099324.01534,0
873.13,1.01,0,0.01,-1.63,1560812,1640099324.03584,0
873.13,1.01,0,0.01,-1.67,1560833,1640099324.0547,0
873.13,1.01,0,0.01,-1.7,1560852,1640099324.07619,0
873.13,1.01,0,0.01,-1.73,1560872,1640099324.09639,0
873.13,1.01,0,0.01,-1.77,1560893,1640099324.11692,0
873.13,1.01,0,0,-1.78,1560912,1640099324.1367,0
873.13,1.01,0,0.01,-1.82,1560933,1640099324.15795,0
873.13,1.01,0,0.01,-1.83,1560952,1640099324.1778,0
873.13,1.01,0,0.01,-1.87,1560973,1640099324.19428,0
873.13,1.01,0,0.01,-1.92,1560992,1640099324.21463,0
873.13,1.01,0,0.01,-1.95,1561013,1640099324.236,0
873.13,1.01,0,0.01,-2,1561032,1640099324.25634,0
873.13,1.01,0,0.01,-2.03,1561053,1640099324.27636,0
873.13,1.01,0,0.01,-2.08,1561072,1640099324.29654,0
873.13,1.01,0,0.01,-2.12,1561093,1640099324.31809,0
873.13,1.01,0,0,-2.15,1561112,1640099324.34215,0
873.13,1.01,0,0.01,-2.18,1561133,1640099324.36109,0
873.13,1.01,0,0.01,-2.22,1561153,1640099324.37814,0
873.13,1.01,0,0.01,-2.25,1561172,1640099324.39468,0
873.13,1.01,0,0.01,-2.28,1561193,1640099324.4154,0
873.13,1.01,0,0,-2.3,1561212,1640099324.43609,0
873.13,1.01,0,0,-2.3,1561232,1640099324.45606,0
873.13,1.01,0,0.01,-2.32,1561252,1640099324.477,0
873.13,1.01,0,0.01,-2.33,1561272,1640099324.4972,0
873.13,1.01,0,0.01,-2.37,1561292,1640099324.51762,0
873.13,1.01,0,0,-2.38,1561312,1640099324.53783,0
873.13,1.01,0,0,-2.42,1561332,1640099324.55479,0
873.13,1.01,0,0.01,-2.43,1561352,1640099324.5751,0
873.13,1.01,0,0.01,-2.47,1561372,1640099324.59508,0
873.13,1.01,0,0.01,-2.5,1561393,1640099324.61643,0
873.13,1.01,0,0.01,-2.55,1561412,1640099324.63735,0
873.13,1.01,0,0,-2.57,1561433,1640099324.65754,0
873.13,1.01,0,0.01,-2.6,1561452,1640099324.67924,0
873.13,1.01,0,0.01,-2.62,1561473,1640099324.6981,0
873.13,1.01,0,0.01,-2.65,1561492,1640099324.72357,0
873.13,1.01,0,0.01,-2.68,1561512,1640099324.73909,0
873.13,1.01,0,0,-2.7,1561532,1640099324.7555,0
873.13,1.01,0,0.01,-2.73,1561552,1640099324.78515,0
873.13,1.01,0,0.01,-2.75,1561573,1640099324.79665,0
873.13,1.01,0,0.01,-2.77,1561592,1640099324.82219,0
873.13,1.01,0,0,-2.78,1561612,1640099324.838,0
873.13,1.01,0,0,-2.78,1561632,1640099324.85745,0
873.13,1.01,0,0.01,-2.8,1561652,1640099324.87837,0
873.13,1.01,0,0.01,-2.82,1561673,1640099324.89846,0
873.13,1.01,0,0.01,-2.85,1561693,1640099324.91509,0
873.13,1.01,0,0.01,-2.88,1561712,1640099324.93612,0
873.13,1.01,0,0,-2.92,1561732,1640099324.95657,0
873.13,1.01,0,0.01,-2.93,1561752,1640099324.98576,0
873.13,1.01,0,0.01,-2.97,1561773,1640099324.9994,0
873.13,1.01,0,0.01,-2.98,1561792,1640099325.01774,0
873.13,1.01,0,0.01,-3,1561812,1640099325.03776,0
873.13,1.01,0,0.01,-3.02,1561833,1640099325.05825,0
873.13,1.01,0,0.01,-3.03,1561852,1640099325.07899,0
873.13,1.01,0,0.01,-3.05,1561872,1640099325.09563,0
873.13,1.01,0,0.01,-3.07,1561892,1640099325.12575,0
873.13,1.01,0,0.01,-3.08,1561913,1640099325.13817,0
873.13,1.01,0,0.01,-3.08,1561932,1640099325.16051,0
873.13,1.01,0,0.01,-3.08,1561953,1640099325.18006,0
873.13,1.01,0,0.01,-3.08,1561972,1640099325.19715,0
873.13,1.01,0,0.01,-3.08,1561993,1640099325.21824,0
873.13,1.01,0,0.01,-3.08,1562013,1640099325.23869,0
873.13,1.01,0,0.01,-3.1,1562033,1640099325.25937,0
873.13,1.01,0,0.01,-3.1,1562052,1640099325.27603,0
873.13,1.01,0,0.01,-3.1,1562073,1640099325.29694,0
873.13,1.01,0,0.01,-3.1,1562092,1640099325.32516,0
873.13,1.01,0,0.01,-3.12,1562113,1640099325.3381,0
873.13,1.01,0,0.01,-3.13,1562132,1640099325.35789,0
873.13,1.01,0,0.01,-3.17,1562152,1640099325.37795,0
873.13,1.01,0,0.01,-3.18,1562172,1640099325.39838,0
873.13,1.01,0,0.01,-3.2,1562192,1640099325.41839,0
873.13,1.01,0,0.01,-3.23,1562213,1640099325.43959,0
873.13,1.01,0,0.01,-3.25,1562232,1640099325.46008,0
873.13,1.01,0,0.01,-3.25,1562252,1640099325.47569,0
873.13,1.01,0,0.01,-3.25,1562272,1640099325.49728,0
873.13,1.01,0,0.01,-3.27,1562293,1640099325.51659,0
873.13,1.01,0,0.01,-3.27,1562312,1640099325.53777,0
873.13,1.01,0,0.01,-3.27,1562333,1640099325.55853,0
873.13,1.01,0,0.01,-3.27,1562352,1640099325.57864,0
873.13,1.01,0,0.01,-3.27,1562373,1640099325.59929,0
873.13,1.01,0,0.01,-3.27,1562392,1640099325.61897,0
873.13,1.01,0,0.01,-3.27,1562413,1640099325.64026,0
873.13,1.01,0,0.01,-3.27,1562432,1640099325.65599,0
873.13,1.01,0,0.01,-3.27,1562452,1640099325.6769,0
873.13,1.01,0,0.01,-3.27,1562472,1640099325.70569,0
873.13,1.01,0,0.01,-3.27,1562492,1640099325.71832,0
873.13,1.01,0,0.01,-3.27,1562512,1640099325.73802,0
873.13,1.01,0,0.01,-3.27,1562532,1640099325.75802,0
873.13,1.01,0,0.01,-3.27,1562552,1640099325.77935,0
873.13,1.01,0,0.01,-3.27,1562572,1640099325.79969,0
873.13,1.01,0,0.01,-3.27,1562593,1640099325.81994,0
873.13,1.01,0,0.01,-3.27,1562612,1640099325.837,0
873.13,1.01,0,0.01,-3.27,1562633,1640099325.85732,0
873.13,1.01,0,0.01,-3.27,1562652,1640099325.87713,0
873.13,1.01,0,0.01,-3.27,1562673,1640099325.89861,0
873.13,1.01,0,0.01,-3.27,1562692,1640099325.91871,0
873.13,1.01,0,0.01,-3.28,1562713,1640099325.93936,0
873.13,1.01,0,0.01,-3.28,1562733,1640099325.95999,0
873.13,1.01,0,0.01,-3.28,1562753,1640099325.98085,0
873.13,1.01,0,0,-3.28,1562773,1640099326.00237,0
873.13,1.01,0,0.01,-3.28,1562792,1640099326.02186,0
873.13,1.01,0,0.01,-3.28,1562813,1640099326.03849,0
873.13,1.01,0,0.01,-3.28,1562832,1640099326.05912,0
873.13,1.01,0,0.01,-3.28,1562853,1640099326.07851,0
873.13,1.01,0,0,-3.28,1562872,1640099326.10074,0
873.13,1.01,0,0.01,-3.28,1562893,1640099326.12039,0
873.13,1.01,0,0.01,-3.28,1562913,1640099326.14049,0
873.13,1.01,0,0.01,-3.28,1562933,1640099326.16127,0
873.13,1.01,0,0.01,-3.28,1562953,1640099326.1815,0
873.13,1.01,0,0,-3.28,1562973,1640099326.20301,0
873.13,1.01,0,0.01,-3.28,1562993,1640099326.21896,0
873.13,1.01,0,0.01,-3.28,1563013,1640099326.23937,0
873.13,1.01,0,0.01,-3.28,1563033,1640099326.2589,0
873.13,1.01,0,0.01,-3.28,1563053,1640099326.27932,0
873.13,1.01,0,0,-3.28,1563073,1640099326.30129,0
873.13,1.01,0,0.01,-3.28,1563092,1640099326.32068,0
873.13,1.01,0,0.01,-3.28,1563113,1640099326.34075,0
873.13,1.01,0,0.01,-3.28,1563132,1640099326.36145,0
873.13,1.01,0,0.01,-3.28,1563153,1640099326.38162,0
873.13,1.01,0,0,-3.28,1563172,1640099326.39895,0
873.13,1.01,0,0.01,-3.28,1563193,1640099326.41834,0
873.13,1.01,0,0.01,-3.28,1563212,1640099326.4385,0
873.13,1.01,0,0.01,-3.28,1563233,1640099326.4603,0
873.13,1.01,0,0.01,-3.28,1563252,1640099326.48066,0
873.13,1.01,0,0,-3.28,1563273,1640099326.50156,0
873.13,1.01,0,0,-3.28,1563292,1640099326.52149,0
873.13,1.01,0,0.01,-3.28,1563313,1640099326.54176,0
873.13,1.01,0,0.01,-3.28,1563333,1640099326.56211,0
873.13,1.01,0,0.01,-3.28,1563353,1640099326.57884,0
873.13,1.01,0,0,-3.28,1563372,1640099326.60003,0
873.13,1.01,0,0.01,-3.28,1563393,1640099326.61909,0
873.13,1.01,0,0.01,-3.28,1563413,1640099326.63969,0
873.13,1.01,0,0.01,-3.28,1563432,1640099326.66049,0
873.13,1.01,0,0.01,-3.28,1563453,1640099326.68095,0
873.13,1.01,0,0,-3.3,1563472,1640099326.70117,0
873.13,1.01,0,0.01,-3.3,1563492,1640099326.72117,0
873.13,1.01,0,0.01,-3.3,1563512,1640099326.7469,0
873.13,1.01,0,0.01,-3.3,1563533,1640099326.7595,0
873.13,1.01,0,0.01,-3.3,1563552,1640099326.77882,0
873.13,1.01,0,0,-3.3,1563572,1640099326.79929,0
873.13,1.01,0,0.01,-3.3,1563592,1640099326.82043,0
873.13,1.01,0,0.01,-3.3,1563613,1640099326.84079,0
873.13,1.01,0,0.01,-3.3,1563632,1640099326.86034,0
873.13,1.01,0,0.01,-3.3,1563653,1640099326.88077,0
873.13,1.01,0,0,-3.3,1563672,1640099326.90189,0
873.13,1.01,0,0.01,-3.3,1563693,1640099326.91779,0
873.13,1.01,0,0.01,-3.3,1563712,1640099326.93814,0
873.13,1.01,0,0.01,-3.3,1563732,1640099326.95886,0
873.13,1.01,0,0.01,-3.3,1563752,1640099326.9811,0
873.13,1.01,0,0,-3.3,1563772,1640099327.00199,0
873.13,1.01,0,0.01,-3.3,1563792,1640099327.0219,0
873.13,1.01,0,0.01,-3.3,1563812,1640099327.04142,0
873.13,1.01,0,0.01,-3.32,1563832,1640099327.06172,0
873.13,1.01,0,0.01,-3.32,1563852,1640099327.08305,0
873.13,1.01,0,0,-3.32,1563872,1640099327.09911,0
873.13,1.01,0,0.01,-3.32,1563892,1640099327.11923,0
873.13,1.01,0,0.01,-3.33,1563913,1640099327.1395,0
873.13,1.01,0,0.01,-3.37,1563932,1640099327.16019,0
873.13,1.01,0,0.01,-3.4,1563953,1640099327.18009,0
873.13,1.01,0,0,-3.45,1563972,1640099327.20154,0
873.13,1.01,0,0.01,-3.48,1563993,1640099327.22187,0
873.13,1.01,0,0.01,-3.52,1564012,1640099327.24227,0
873.13,1.01,0,0.01,-3.55,1564033,1640099327.2622,0
873.13,1.01,0,0.01,-3.57,1564052,1640099327.28232,0
873.13,1.01,0,0,-3.62,1564072,1640099327.29956,0
873.13,1.01,0,0.01,-3.67,1564092,1640099327.31941,0
873.13,1.01,0,0.01,-3.7,1564112,1640099327.34116,0
873.13,1.01,0,0.01,-3.73,1564132,1640099327.36159,0
873.13,1.01,0,0.01,-3.75,1564152,1640099327.38191,0
873.13,1.01,0,0,-3.77,1564172,1640099327.4018,0
873.13,1.01,0,0,-3.78,1564192,1640099327.42247,0
873.13,1.01,0,0.01,-3.78,1564212,1640099327.44304,0
873.13,1.01,0,0.01,-3.8,1564232,1640099327.46405,0
873.13,1.01,0,0.01,-3.82,1564253,1640099327.47923,0
873.13,1.01,0,0.01,-3.82,1564273,1640099327.50052,0
873.13,1.01,0,0,-3.83,1564292,1640099327.52051,0
873.13,1.01,0,0.01,-3.85,1564312,1640099327.54121,0
873.13,1.01,0,0.01,-3.85,1564333,1640099327.5615,0
873.13,1.01,0,0.01,-3.87,1564352,1640099327.58362,0
873.13,1.01,0,0,-3.87,1564372,1640099327.60279,0
873.13,1.01,0,0,-3.88,1564392,1640099327.62293,0
873.13,1.01,0,0.01,-3.9,1564412,1640099327.63892,0
873.13,1.01,0,0.01,-3.9,1564432,1640099327.65938,0
873.13,1.01,0,0.01,-3.92,1564452,1640099327.68112,0
873.13,1.01,0,0.01,-3.95,1564473,1640099327.7016,0
873.13,1.01,0,0,-3.97,1564492,1640099327.72142,0
873.13,1.01,0,0.01,-4,1564513,1640099327.74197,0
873.13,1.01,0,0.01,-4.05,1564532,1640099327.76253,0
873.13,1.01,0,0.01,-4.08,1564553,1640099327.78391,0
873.13,1.01,0,0,-4.13,1564572,1640099327.80323,0
873.13,1.01,0,0,-4.18,1564592,1640099327.81895,0
873.13,1.01,0,0.01,-4.23,1564612,1640099327.83957,0
873.13,1.01,0,0.01,-4.3,1564633,1640099327.85998,0
873.13,1.01,0,0.01,-4.35,1564652,1640099327.88159,0
873.13,1.01,0,0,-4.42,1564673,1640099327.90109,0
873.13,1.01,0,0,-4.48,1564692,1640099327.92211,0
873.13,1.01,0,0.01,-4.55,1564712,1640099327.94235,0
873.13,1.01,0,0.01,-4.62,1564733,1640099327.96589,0
873.13,1.01,0,0.01,-4.68,1564752,1640099327.98358,0
873.13,1.01,0,0.01,-4.77,1564773,1640099328.00276,0
873.13,1.01,0,0,-4.83,1564792,1640099328.02922,0
873.13,1.01,0,0.01,-4.93,1564812,1640099328.04073,0
873.13,1.01,0,0.01,-5.02,1564832,1640099328.06124,0
873.13,1.01,0,0.01,-5.12,1564853,1640099328.08114,0
873.13,1.01,0,0.01,-5.22,1564872,1640099328.10641,0
873.13,1.01,0,0,-5.3,1564893,1640099328.12174,0
873.13,1.01,0,0.01,-5.4,1564912,1640099328.14177,0
873.13,1.01,0,0.01,-5.48,1564933,1640099328.16209,0
873.13,1.01,0,0.01,-5.57,1564952,1640099328.1838,0
873.13,1.01,0,0.01,-5.65,1564973,1640099328.20377,0
873.13,1.01,0,0,-5.72,1564992,1640099328.22841,0
873.13,1.01,0,0.01,-5.78,1565012,1640099328.24087,0
873.13,1.01,0,0.01,-5.87,1565032,1640099328.26089,0
873.13,1.01,0,0.01,-5.93,1565052,1640099328.28201,0
873.13,1.01,0,0.01,-6,1565072,1640099328.30182,0
873.13,1.01,0,0,-6.07,1565092,1640099328.32213,0
873.13,1.01,0,0.01,-6.13,1565112,1640099328.34384,0
873.13,1.01,0,0.01,-6.2,1565132,1640099328.36436,0
873.13,1.01,0,0.01,-6.28,1565152,1640099328.38018,0
873.13,1.01,0,0.01,-6.35,1565172,1640099328.40043,0
873.13,1.01,0,0,-6.42,1565192,1640099328.42065,0
873.13,1.01,0,0.01,-6.5,1565212,1640099328.44178,0
873.13,1.01,0,0.01,-6.57,1565233,1640099328.46253,0
873.13,1.01,0,0.01,-6.65,1565252,1640099328.49465,0
873.13,1.01,0,0.01,-6.73,1565273,1640099328.50364,0
873.13,1.01,0,0,-6.8,1565292,1640099328.5233,0
873.13,1.01,0,0.01,-6.88,1565313,1640099328.54407,0
873.13,1.01,0,0.01,-6.97,1565333,1640099328.56892,0
873.13,1.01,0,0.01,-7.07,1565352,1640099328.58503,0
873.13,1.01,0,0.01,-7.17,1565373,1640099328.60179,0
873.13,1.01,0,0,-7.28,1565392,1640099328.62213,0
873.13,1.01,0,0.01,-7.38,1565412,1640099328.64223,0
873.13,1.01,0,0.01,-7.5,1565432,1640099328.66245,0
873.13,1.01,0,0.01,-7.6,1565453,1640099328.68356,0
873.13,1.01,0,0.01,-7.72,1565472,1640099328.70903,0
873.13,1.01,0,0.01,-7.83,1565493,1640099328.72625,0
873.13,1.01,0,0.01,-7.95,1565512,1640099328.74077,0
873.13,1.01,0,0.01,-8.07,1565533,1640099328.7614,0
873.13,1.01,0,0.01,-8.17,1565552,1640099328.7835,0
873.13,1.01,0,0.01,-8.28,1565573,1640099328.80352,0
873.13,1.01,0,0.01,-8.38,1565592,1640099328.82307,0
873.13,1.01,0,0.01,-8.47,1565613,1640099328.84307,0
873.13,1.01,0,0.01,-8.57,1565632,1640099328.86347,0
873.13,1.01,0,0.01,-8.65,1565652,1640099328.88384,0
873.13,1.01,0,0.01,-8.75,1565672,1640099328.90469,0
873.13,1.01,0,0.01,-8.83,1565692,1640099328.92543,0
873.13,1.01,0,0.01,-8.92,1565712,1640099328.94172,0
873.13,1.01,0,0.01,-9.02,1565732,1640099328.96156,0
873.13,1.01,0,0.01,-9.13,1565753,1640099328.98305,0
873.13,1.01,0,0.01,-9.27,1565772,1640099329.00233,0
873.13,1.01,0,0.01,-9.4,1565793,1640099329.02261,0
873.13,1.01,0,0.01,-9.5,1565812,1640099329.04446,0
873.13,1.01,0,0.01,-9.58,1565833,1640099329.06417,0
873.13,1.01,0,0.01,-9.65,1565852,1640099329.08605,0
873.13,1.01,0,0.01,-9.73,1565873,1640099329.10164,0
873.13,1.01,0,0.01,-9.82,1565892,1640099329.12156,0
873.13,1.01,0,0.01,-9.9,1565913,1640099329.1423,0
873.13,1.01,0,0.01,-9.97,1565932,1640099329.16243,0
873.13,1.01,0,0.01,-10.05,1565953,1640099329.18505,0
873.13,1.01,0,0.01,-10.13,1565972,1640099329.20404,0
873.13,1.01,0,0.01,-10.2,1565992,1640099329.22469,0
873.13,1.01,0,0.01,-10.28,1566012,1640099329.2453,0
873.13,1.01,0,0.01,-10.35,1566032,1640099329.26575,0
873.13,1.01,0,0.01,-10.4,1566053,1640099329.28592,0
873.13,1.01,0,0.01,-10.47,1566072,1640099329.30259,0
873.13,1.01,0,0.01,-10.53,1566093,1640099329.32479,0
873.13,1.01,0,0.01,-10.6,1566112,1640099329.34297,0
873.13,1.01,0,0.01,-10.67,1566133,1640099329.3624,0
873.13,1.01,0,0.01,-10.73,1566152,1640099329.38372,0
873.13,1.01,0,0.01,-10.8,1566173,1640099329.40387,0
873.13,1.01,0,0.01,-10.87,1566192,1640099329.42485,0
873.13,1.01,0,0.01,-10.93,1566213,1640099329.44531,0
873.13,1.01,0,0.01,-11,1566232,1640099329.46497,0
873.13,1.01,0,0.01,-11.07,1566253,1640099329.48207,0
873.13,1.01,0,0.01,-11.15,1566272,1640099329.50217,0
873.13,1.01,0,0.01,-11.22,1566292,1640099329.5225,0
873.13,1.01,0,0.01,-11.28,1566313,1640099329.54352,0
873.13,1.01,0,0,-11.35,1566332,1640099329.56394,0
873.13,1.01,0,0.01,-11.42,1566353,1640099329.58406,0
873.13,1.01,0,0.01,-11.48,1566372,1640099329.60421,0
873.13,1.01,0,0.01,-11.57,1566393,1640099329.62555,0
873.13,1.01,0,0.01,-11.65,1566412,1640099329.64568,0
873.13,1.01,0,0,-11.73,1566433,1640099329.66252,0
873.13,1.01,0,0.01,-11.82,1566452,1640099329.68275,0
873.13,1.01,0,0.01,-11.92,1566473,1640099329.70311,0
873.13,1.01,0,0.01,-12,1566492,1640099329.72415,0
873.13,1.01,0,0.01,-12.12,1566513,1640099329.74435,0
873.13,1.01,0,0,-12.22,1566532,1640099329.76489,0
873.13,1.01,0,0.01,-12.32,1566553,1640099329.7854,0
873.13,1.01,0,0.01,-12.43,1566572,1640099329.80591,0
873.13,1.01,0,0.01,-12.53,1566593,1640099329.82645,0
873.13,1.01,0,0.01,-12.63,1566612,1640099329.84218,0
873.13,1.01,0,0,-12.73,1566632,1640099329.86387,0
873.13,1.01,0,0.01,-12.82,1566653,1640099329.88454,0
873.13,1.01,0,0.01,-12.9,1566672,1640099329.90487,0
873.13,1.01,0,0.01,-12.98,1566693,1640099329.92525,0
873.13,1.01,0,0.01,-13.07,1566712,1640099329.94583,0
873.13,1.01,0,0,-13.13,1566732,1640099329.96612,0
873.13,1.01,0,0.01,-13.22,1566752,1640099329.98636,0
873.13,1.01,0,0.01,-13.3,1566773,1640099330.00998,0
873.13,1.01,0,0.01,-13.37,1566793,1640099330.02599,0
873.13,1.01,0,0.01,-13.45,1566813,1640099330.04257,0
873.13,1.01,0,0,-13.5,1566832,1640099330.06274,0
873.13,1.01,0,0,-13.57,1566853,1640099330.08455,0
873.13,1.01,0,0.01,-13.63,1566873,1640099330.10443,0
873.13,1.01,0,0.01,-13.72,1566893,1640099330.12481,0
873.13,1.01,0,0.01,-13.78,1566912,1640099330.14606,0
873.13,1.01,0,0,-13.87,1566932,1640099330.16597,0
873.13,1.01,0,0.01,-13.93,1566952,1640099330.18628,0
873.13,1.01,0,0.01,-14.02,1566972,1640099330.20285,0
873.13,1.01,0,0.01,-14.08,1566993,1640099330.22306,0
873.13,1.01,0,0.01,-14.17,1567012,1640099330.24345,0
873.13,1.01,0,0,-14.25,1567033,1640099330.26414,0
873.13,1.01,0,0.01,-14.33,1567052,1640099330.28471,0
873.13,1.01,0,0.01,-14.43,1567073,1640099330.30461,0
873.13,1.01,0,0.01,-14.55,1567092,1640099330.32628,0
873.13,1.01,0,0.01,-14.68,1567113,1640099330.34657,0
873.13,1.01,0,0,-14.83,1567132,1640099330.36591,0
873.13,1.01,0,0,-14.97,1567153,1640099330.38289,0
873.13,1.01,0,0.01,-15.12,1567172,1640099330.40312,0
873.13,1.01,0,0.01,-15.27,1567193,1640099330.42465,0
873.13,1.01,0,0.01,-15.4,1567212,1640099330.44405,0
873.13,1.01,0,0,-15.52,1567233,1640099330.46568,0
873.13,1.01,0,0,-15.62,1567252,1640099330.48753,0
873.13,1.01,0,0.01,-15.73,1567272,1640099330.50645,0
873.13,1.01,0,0.01,-15.83,1567293,1640099330.52682,0
873.13,1.01,0,0.01,-15.92,1567312,1640099330.54734,0
873.13,1.01,0,0,-16,1567332,1640099330.56446,0
873.13,1.01,0,0,-16.1,1567352,1640099330.58576,0
873.13,1.01,0,0.01,-16.2,1567373,1640099330.60485,0
873.13,1.01,0,0.01,-16.32,1567392,1640099330.62522,0
873.13,1.01,0,0.01,-16.43,1567413,1640099330.64575,0
873.13,1.01,0,0,-16.55,1567432,1640099330.66736,0
873.13,1.01,0,0,-16.67,1567453,1640099330.68703,0
873.13,1.01,0,0.01,-16.77,1567472,1640099330.70744,0
873.13,1.01,0,0.01,-16.87,1567493,1640099330.72773,0
873.13,1.01,0,0.01,-16.95,1567512,1640099330.74831,0
873.13,1.01,0,0,-17.03,1567533,1640099330.76556,0
873.13,1.01,0,0.01,-17.15,1567552,1640099330.78556,0
873.13,1.01,0,0.01,-17.27,1567572,1640099330.8041,0
873.13,1.01,0,0.01,-17.42,1567593,1640099330.8244,0
873.13,1.01,0,0.01,-17.55,1567612,1640099330.84608,0
873.13,1.01,0,0,-17.7,1567633,1640099330.86653,0
873.13,1.01,0,0,-17.87,1567652,1640099330.88649,0
873.13,1.01,0,0.01,-18.02,1567673,1640099330.90684,0
873.13,1.01,0,0.01,-18.2,1567692,1640099330.92779,0
873.13,1.01,0,0.01,-18.35,1567713,1640099330.94464,0
873.13,1.01,0,0,-18.48,1567732,1640099330.96605,0
873.13,1.01,0,0,-18.6,1567753,1640099330.98551,0
873.13,1.01,0,0.01,-18.68,1567772,1640099331.00603,0
873.13,1.01,0,0.01,-18.77,1567793,1640099331.03146,0
873.13,1.01,0,0.01,-18.83,1567813,1640099331.0472,0
873.13,1.01,0,0,-18.9,1567833,1640099331.06759,0
873.13,1.01,0,0,-18.95,1567852,1640099331.08785,0
873.13,1.01,0,0.01,-19,1567873,1640099331.10394,0
873.13,1.01,0,0.01,-19.05,1567892,1640099331.12428,0
873.13,1.01,0,0.01,-19.1,1567912,1640099331.14513,0
873.13,1.01,0,0,-19.15,1567932,1640099331.17041,0
873.13,1.01,0,0,-19.18,1567952,1640099331.18812,0
873.13,1.01,0,0,-19.22,1567973,1640099331.20598,0
873.13,1.01,0,0.01,-19.27,1567992,1640099331.22668,0
873.13,1.01,0,0.01,-19.3,1568013,1640099331.24693,0
873.13,1.01,0,0,-19.37,1568032,1640099331.26751,0
873.13,1.01,0,0,-19.42,1568053,1640099331.28383,0
873.13,1.01,0,0,-19.5,1568072,1640099331.30539,0
873.13,1.01,0,0.01,-19.57,1568093,1640099331.32587,0
873.13,1.01,0,0.01,-19.67,1568112,1640099331.3468,0
873.13,1.01,0,0,-19.77,1568133,1640099331.36725,0
873.13,1.01,0,0,-19.87,1568152,1640099331.38721,0
873.13,1.01,0,0,-19.97,1568173,1640099331.40728,0
873.13,1.01,0,0.01,-20.07,1568192,1640099331.42771,0
873.13,1.01,0,0.01,-20.17,1568212,1640099331.44917,0
873.13,1.01,0,0.01,-20.23,1568233,1640099331.4686,0
873.13,1.01,0,0.01,-20.3,1568252,1640099331.49566,0
873.13,1.01,0,0,-20.37,1568273,1640099331.50532,0
873.13,1.01,0,0.01,-20.42,1568292,1640099331.52526,0
873.13,1.01,0,0.01,-20.47,1568313,1640099331.54585,0
873.13,1.01,0,0.01,-20.52,1568332,1640099331.57259,0
873.13,1.01,0,0.01,-20.55,1568353,1640099331.58858,0
873.13,1.01,0,0,-20.58,1568372,1640099331.60804,0
873.13,1.01,0,0.01,-20.6,1568393,1640099331.62865,0
873.13,1.01,0,0.01,-20.62,1568413,1640099331.64874,0
873.13,1.01,0,0,-20.65,1568433,1640099331.6649,0
873.13,1.01,0,0,-20.67,1568452,1640099331.68497,0
873.13,1.01,0,0,-20.68,1568473,1640099331.70534,0
873.13,1.01,0,0.01,-20.7,1568492,1640099331.72585,0
873.13,1.01,0,0.01,-20.72,1568513,1640099331.74737,0
873.13,1.01,0,0.01,-20.73,1568532,1640099331.76823,0
873.13,1.01,0,0.01,-20.77,1568552,1640099331.78853,0
873.13,1.01,0,0,-20.78,1568572,1640099331.80891,0
873.13,1.01,0,0.01,-20.82,1568592,1640099331.83425,0
873.13,1.01,0,0.01,-20.85,1568613,1640099331.84562,0
873.13,1.01,0,0.01,-20.88,1568632,1640099331.86646,0
873.13,1.01,0,0,-20.92,1568652,1640099331.89354,0
873.13,1.01,0,0,-20.97,1568672,1640099331.9069,0
873.13,1.01,0,0.01,-21,1568693,1640099331.92739,0
873.13,1.01,0,0.01,-21.05,1568712,1640099331.9478,0
873.13,1.01,0,0.01,-21.08,1568733,1640099331.96836,0
873.13,1.01,0,0,-21.13,1568752,1640099331.98855,0
873.13,1.01,0,0,-21.18,1568773,1640099332.00439,0
873.13,1.01,0,0.01,-21.22,1568792,1640099332.02504,0
873.13,1.01,0,0.01,-21.25,1568813,1640099332.0469,0
873.13,1.01,0,0.01,-21.3,1568833,1640099332.0708,0
873.13,1.01,0,0,-21.33,1568851,1640099332.09264,0
873.13,1.01,0,0,-21.37,1568872,1640099332.10753,0
873.13,1.01,0,0.01,-21.4,1568892,1640099332.12764,0
873.13,1.01,0,0.01,-21.45,1568913,1640099332.1482,0
873.13,1.01,0,0.01,-21.48,1568932,1640099332.16957,0
873.13,1.01,0,0,-21.52,1568952,1640099332.18529,0
873.13,1.01,0,0.01,-21.57,1568972,1640099332.21022,0
873.13,1.01,0,0.01,-21.6,1568993,1640099332.22619,0
873.13,1.01,0,0.01,-21.65,1569012,1640099332.24654,0
873.13,1.01,0,0.01,-21.7,1569033,1640099332.26753,0
873.13,1.01,0,0,-21.73,1569052,1640099332.28716,0
873.13,1.01,0,0,-21.78,1569073,1640099332.30851,0
873.13,1.01,0,0.01,-21.83,1569092,1640099332.32894,0
873.13,1.01,0,0.01,-21.88,1569113,1640099332.3492,0
873.13,1.01,0,0.01,-21.92,1569133,1640099332.37104,0
873.13,1.01,0,0.01,-21.95,1569153,1640099332.39101,0
873.13,1.01,0,0,-22,1569172,1640099332.40635,0
873.13,1.01,0,0.01,-22.03,1569192,1640099332.42799,0
873.13,1.01,0,0.01,-22.08,1569213,1640099332.44838,0
873.13,1.01,0,0.01,-22.13,1569232,1640099332.46916,0
873.13,1.01,0,0.01,-22.18,1569252,1640099332.48931,0
873.13,1.01,0,0.01,-22.23,1569272,1640099332.51005,0
873.13,1.01,0,0.01,-22.3,1569293,1640099332.53079,0
873.13,1.01,0,0.01,-22.35,1569312,1640099332.55114,0
873.13,1.01,0,0.01,-22.42,1569333,1640099332.56656,0
873.13,1.01,0,0.01,-22.48,1569352,1640099332.58676,0
873.13,1.01,0,0.01,-22.55,1569373,1640099332.60825,0
873.13,1.01,0,0.01,-22.63,1569392,1640099332.6284,0
873.13,1.01,0,0.01,-22.72,1569413,1640099332.64845,0
873.13,1.01,0,0.01,-22.78,1569433,1640099332.6686,0
873.13,1.01,0,0.01,-22.87,1569453,1640099332.68924,0
873.13,1.01,0,0.01,-22.95,1569473,1640099332.70978,0
873.13,1.01,0,0.01,-23.03,1569492,1640099332.72994,0
873.13,1.01,0,0.01,-23.1,1569513,1640099332.74988,0
873.13,1.01,0,0.01,-23.18,1569532,1640099332.76701,0
873.13,1.01,0,0.01,-23.25,1569553,1640099332.78768,0
873.13,1.01,0,0.01,-23.33,1569572,1640099332.80831,0
873.13,1.01,0,0.01,-23.4,1569592,1640099332.8289,0
873.13,1.01,0,0,-23.47,1569612,1640099332.84913,0
873.13,1.01,0,0.01,-23.55,1569633,1640099332.86933,0
873.13,1.01,0,0.01,-23.62,1569652,1640099332.88986,0
873.13,1.01,0,0.01,-23.67,1569673,1640099332.91055,0
873.13,1.01,0,0.01,-23.73,1569692,1640099332.9274,0
873.13,1.01,0,0,-23.8,1569713,1640099332.94769,0
873.13,1.01,0,0.01,-23.85,1569732,1640099332.96798,0
873.13,1.01,0,0.01,-23.9,1569753,1640099332.98886,0
873.13,1.01,0,0.01,-23.95,1569773,1640099333.00939,0
873.13,1.01,0,0.01,-24,1569793,1640099333.02945,0
873.13,1.01,0,0,-24.03,1569812,1640099333.04938,0
873.13,1.01,0,0.01,-24.08,1569832,1640099333.06968,0
873.13,1.01,0,0.01,-24.13,1569852,1640099333.09034,0
873.13,1.01,0,0.01,-24.17,1569872,1640099333.11147,0
873.13,1.01,0,0.01,-24.22,1569893,1640099333.127,0
873.13,1.01,0,0,-24.25,1569912,1640099333.15691,0
873.13,1.01,0,0.01,-24.3,1569933,1640099333.17018,0
873.13,1.01,0,0.01,-24.33,1569952,1640099333.19278,0
873.13,1.01,0,0.01,-24.37,1569973,1640099333.21018,0
873.13,1.01,0,0.01,-24.42,1569992,1640099333.23013,0
873.13,1.01,0,0,-24.47,1570013,1640099333.25036,0
873.13,1.01,0,0.01,-24.5,1570033,1640099333.27159,0
873.13,1.01,0,0.01,-24.55,1570053,1640099333.29292,0
873.13,1.01,0,0.01,-24.58,1570072,1640099333.30741,0
873.13,1.01,0,0.01,-24.63,1570093,1640099333.32877,0
873.13,1.01,0,0,-24.67,1570112,1640099333.3493,0
873.13,1.01,0,0.01,-24.72,1570132,1640099333.3695,0
873.13,1.01,0,0.01,-24.75,1570153,1640099333.39084,0
873.13,1.01,0,0.01,-24.77,1570172,1640099333.41034,0
873.13,1.01,0,0.01,-24.8,1570192,1640099333.43081,0
873.13,1.01,0,0,-24.83,1570212,1640099333.45127,0
873.13,1.01,0,0.01,-24.85,1570233,1640099333.47169,0
873.13,1.01,0,0.01,-24.88,1570253,1640099333.49566,0
873.13,1.01,0,0.01,-24.92,1570273,1640099333.50883,0
873.13,1.01,0,0.01,-24.95,1570293,1640099333.52858,0
873.13,1.01,0,0,-24.98,1570313,1640099333.55273,0
873.13,1.01,0,0.01,-25.02,1570333,1640099333.56927,0
873.13,1.01,0,0.01,-25.05,1570353,1640099333.58981,0
873.13,1.01,0,0.01,-25.08,1570373,1640099333.61005,0
873.13,1.01,0,0,-25.12,1570393,1640099333.63158,0
873.13,1.01,0,0,-25.15,1570413,1640099333.65171,0
873.13,1.01,0,0.01,-25.18,1570433,1640099333.66861,0
873.13,1.01,0,0.01,-25.2,1570453,1640099333.68917,0
873.13,1.01,0,0.01,-25.23,1570472,1640099333.71122,0
873.13,1.01,0,0,-25.25,1570492,1640099333.73733,0
873.13,1.01,0,0,-25.27,1570512,1640099333.75057,0
873.13,1.01,0,0.01,-25.28,1570533,1640099333.77083,0
873.13,1.01,0,0.01,-25.32,1570552,1640099333.7911,0
873.13,1.01,0,0.01,-25.33,1570573,1640099333.81171,0
873.13,1.01,0,0.01,-25.35,1570593,1640099333.83719,0
873.13,1.01,0,0,-25.37,1570613,1640099333.84885,0
873.13,1.01,0,0.01,-25.4,1570632,1640099333.87143,0
873.13,1.01,0,0.01,-25.42,1570653,1640099333.88991,0
873.13,1.01,0,0.01,-25.43,1570672,1640099333.90957,0
873.13,1.01,0,0,-25.45,1570693,1640099333.93007,0
873.13,1.01,0,0,-25.47,1570712,1640099333.95051,0
873.13,1.01,0,0.01,-25.5,1570733,1640099333.97165,0
873.13,1.01,0,0.01,-25.52,1570753,1640099333.99193,0
873.13,1.01,0,0.01,-25.55,1570772,1640099334.01204,0
873.13,1.01,0,0.01,-25.57,1570793,1640099334.02876,0
873.13,1.01,0,0,-25.6,1570812,1640099334.05807,0
873.13,1.01,0,0,-25.63,1570833,1640099334.07296,0
873.13,1.01,0,0.01,-25.65,1570852,1640099334.08952,0
873.13,1.01,0,0.01,-25.68,1570873,1640099334.11072,0
873.13,1.01,0,0.01,-25.72,1570892,1640099334.13984,0
873.13,1.01,0,0,-25.73,1570913,1640099334.1531,0
873.13,1.01,0,0,-25.77,1570932,1640099334.17152,0
873.13,1.01,0,0.01,-25.78,1570953,1640099334.19184,0
873.13,1.01,0,0.01,-25.82,1570973,1640099334.21228,0
873.13,1.01,0,0.01,-25.83,1570993,1640099334.229,0
873.13,1.01,0,0,-25.85,1571012,1640099334.24986,0
873.13,1.01,0,0.01,-25.88,1571033,1640099334.26926,0
873.13,1.01,0,0.01,-25.9,1571053,1640099334.29098,0
873.13,1.01,0,0.01,-25.92,1571073,1640099334.31149,0
873.13,1.01,0,0.01,-25.95,1571093,1640099334.3317,0
873.13,1.01,0,0,-25.97,1571112,1640099334.35194,0
873.13,1.01,0,0.01,-26,1571132,1640099334.37348,0
873.13,1.01,0,0.01,-26.03,1571152,1640099334.39084,0
873.13,1.01,0,0.01,-26.07,1571172,1640099334.41069,0
873.13,1.01,0,0.01,-26.1,1571192,1640099334.43032,0
873.13,1.01,0,0,-26.12,1571212,1640099334.45092,0
873.13,1.01,0,0,-26.15,1571232,1640099334.47121,0
873.13,1.01,0,0.01,-26.18,1571253,1640099334.49445,0
873.13,1.01,0,0.01,-26.2,1571272,1640099334.51143,0
873.13,1.01,0,0.01,-26.23,1571293,1640099334.53728,0
873.13,1.01,0,0,-26.25,1571312,1640099334.55322,0
873.13,1.01,0,0,-26.28,1571333,1640099334.56837,0
873.13,1.01,0,0.01,-26.32,1571352,1640099334.58985,0
873.13,1.01,0,0.01,-26.35,1571373,1640099334.61007,0
873.13,1.01,0,0,-26.38,1571392,1640099334.63025,0
873.13,1.01,0,0.01,-26.42,1571412,1640099334.65066,0
873.13,1.01,0,0,-26.45,1571432,1640099334.67115,0
873.13,1.01,0,0.01,-26.48,1571452,1640099334.69227,0
873.13,1.01,0,0.01,-26.52,1571473,1640099334.7125,0
873.13,1.01,0,0,-26.53,1571492,1640099334.73269,0
873.13,1.01,0,0.01,-26.57,1571513,1640099334.74928,0
873.13,1.01,0,0,-26.6,1571532,1640099334.76928,0
873.13,1.01,0,0.01,-26.63,1571553,1640099334.79056,0
873.13,1.01,0,0.01,-26.67,1571572,1640099334.81087,0
873.13,1.01,0,0,-26.68,1571593,1640099334.83136,0
873.13,1.01,0,0.01,-26.72,1571612,1640099334.85143,0
873.13,1.01,0,0,-26.73,1571633,1640099334.87255,0
873.13,1.01,0,0.01,-26.75,1571653,1640099334.89327,0
873.13,1.01,0,0.01,-26.77,1571673,1640099334.9138,0
873.13,1.01,0,0,-26.78,1571692,1640099334.93078,0
873.13,1.01,0,0,-26.8,1571713,1640099334.95007,0
873.13,1.01,0,0,-26.83,1571733,1640099334.97004,0
873.13,1.01,0,0.01,-26.85,1571752,1640099334.99062,0
873.13,1.01,0,0.01,-26.87,1571772,1640099335.01061,0
873.13,1.01,0,0,-26.88,1571792,1640099335.03107,0
873.13,1.01,0,0.01,-26.9,1571813,1640099335.05747,0
873.13,1.01,0,0,-26.92,1571832,1640099335.07766,0
873.13,1.01,0,0.01,-26.93,1571852,1640099335.09358,0
873.13,1.01,0,0.01,-26.95,1571872,1640099335.11347,0
873.13,1.01,0,0,-26.97,1571893,1640099335.13059,0
873.13,1.01,0,0.01,-26.98,1571912,1640099335.1509,0
873.13,1.01,0,0,-27,1571933,1640099335.17224,0
873.13,1.01,0,0.01,-27.02,1571953,1640099335.19161,0
873.13,1.01,0,0.01,-27.03,1571973,1640099335.21177,0
873.13,1.01,0,0,-27.05,1571992,1640099335.23227,0
873.13,1.01,0,0.01,-27.08,1572013,1640099335.25296,0
873.13,1.01,0,0,-27.1,1572032,1640099335.27327,0
873.13,1.01,0,0.01,-27.12,1572052,1640099335.29006,0
873.13,1.01,0,0.01,-27.13,1572072,1640099335.31045,0
873.13,1.01,0,0,-27.17,1572092,1640099335.33106,0
873.13,1.01,0,0.01,-27.18,1572113,1640099335.35159,0
873.13,1.01,0,0,-27.2,1572132,1640099335.37253,0
873.13,1.01,0,0.01,-27.22,1572153,1640099335.39232,0
873.13,1.01,0,0.01,-27.25,1572172,1640099335.41335,0
873.13,1.01,0,0,-27.27,1572193,1640099335.43334,0
873.13,1.01,0,0.01,-27.28,1572213,1640099335.45346,0
873.13,1.01,0,0,-27.32,1572233,1640099335.47127,0
873.13,1.01,0,0.01,-27.33,1572252,1640099335.49135,0
873.13,1.01,0,0.01,-27.37,1572273,1640099335.52013,0
873.13,1.01,0,0,-27.38,1572292,1640099335.53503,0
873.13,1.01,0,0.01,-27.42,1572313,1640099335.55231,0
873.13,1.01,0,0,-27.45,1572332,1640099335.57183,0
873.13,1.01,0,0.01,-27.47,1572353,1640099335.59246,0
873.13,1.01,0,0.01,-27.5,1572373,1640099335.61387,0
873.13,1.01,0,0,-27.53,1572392,1640099335.63384,0
873.13,1.01,0,0.01,-27.57,1572413,1640099335.65401,0
873.13,1.01,0,0,-27.58,1572432,1640099335.6709,0
873.13,1.01,0,0.01,-27.62,1572453,1640099335.70175,0
873.13,1.01,0,0.01,-27.65,1572472,1640099335.71271,0
873.13,1.01,0,0,-27.67,1572493,1640099335.73258,0
873.13,1.01,0,0.01,-27.7,1572512,1640099335.75268,0
873.13,1.01,0,0,-27.73,1572533,1640099335.78111,0
873.13,1.01,0,0.01,-27.75,1572552,1640099335.79532,0
873.13,1.01,0,0.01,-27.78,1572573,1640099335.8137,0
873.13,1.01,0,0,-27.8,1572592,1640099335.83015,0
873.13,1.01,0,0.01,-27.82,1572613,1640099335.85474,0
873.13,1.01,0,0,-27.83,1572632,1640099335.87155,0
873.13,1.01,0,0.01,-27.85,1572653,1640099335.89219,0
873.13,1.01,0,0.01,-27.87,1572672,1640099335.91193,0
873.13,1.01,0,0,-27.88,1572692,1640099335.9332,0
873.13,1.01,0,0.01,-27.9,1572713,1640099335.95377,0
873.13,1.01,0,0,-27.92,1572732,1640099335.97409,0
873.13,1.01,0,0.01,-27.93,1572752,1640099335.99443,0
873.13,1.01,0,0.01,-27.95,1572772,1640099336.01465,0
873.13,1.01,0,0,-27.97,1572793,1640099336.03177,0
873.13,1.01,0,0.01,-27.98,1572812,1640099336.05245,0
873.13,1.01,0,0,-28,1572833,1640099336.07264,0
873.13,1.01,0,0.01,-28.02,1572852,1640099336.09357,0
873.13,1.01,0,0.01,-28.03,1572873,1640099336.11366,0
873.13,1.01,0,0,-28.05,1572892,1640099336.13859,0
873.13,1.01,0,0.01,-28.07,1572913,1640099336.1549,0
873.13,1.01,0,0.01,-28.08,1572933,1640099336.17393,0
873.13,1.01,0,0.01,-28.1,1572953,1640099336.19111,0
873.13,1.01,0,0.01,-28.13,1572972,1640099336.21122,0
873.13,1.01,0,0,-28.15,1572993,1640099336.23164,0
873.13,1.01,0,0.01,-28.17,1573013,1640099336.25222,0
873.13,1.01,0,0.01,-28.2,1573032,1640099336.27274,0
873.13,1.01,0,0.01,-28.23,1573053,1640099336.29382,0
873.13,1.01,0,0.01,-28.27,1573072,1640099336.31864,0
873.13,1.01,0,0,-28.3,1573093,1640099336.33383,0
873.13,1.01,0,0.01,-28.33,1573112,1640099336.35868,0
873.13,1.01,0,0.01,-28.38,1573133,1640099336.37506,0
873.13,1.01,0,0.01,-28.42,1573152,1640099336.39153,0
873.13,1.01,0,0.01,-28.45,1573172,1640099336.41211,0
873.13,1.01,0,0,-28.5,1573192,1640099336.4329,0
873.13,1.01,0,0.01,-28.53,1573213,1640099336.45917,0
873.13,1.01,0,0.01,-28.57,1573232,1640099336.47721,0
873.13,1.01,0,0.01,-28.62,1573253,1640099336.49485,0
873.13,1.01,0,0.01,-28.65,1573272,1640099336.51461,0
873.13,1.01,0,0,-28.68,1573293,1640099336.53446,0
873.13,1.01,0,0.01,-28.7,1573313,1640099336.55575,0
873.13,1.01,0,0.01,-28.73,1573332,1640099336.57191,0
873.13,1.01,0,0.01,-28.77,1573353,1640099336.59598,0
873.13,1.01,0,0.01,-28.78,1573372,1640099336.61668,0
873.13,1.01,0,0,-28.8,1573393,1640099336.63427,0
873.13,1.01,0,0.01,-28.83,1573412,1640099336.66003,0
873.13,1.01,0,0.01,-28.85,1573433,1640099336.67385,0
873.13,1.01,0,0.01,-28.87,1573452,1640099336.69485,0
873.13,1.01,0,0,-28.9,1573473,1640099336.71483,0
873.13,1.01,0,0,-28.92,1573492,1640099336.74058,0
873.13,1.01,0,0.01,-28.95,1573513,1640099336.75658,0
873.13,1.01,0,0.01,-28.98,1573532,1640099336.7723,0
873.13,1.01,0,0.01,-29.02,1573553,1640099336.7931,0
873.13,1.01,0,0,-29.05,1573572,1640099336.81308,0
873.13,1.01,0,0.01,-29.08,1573593,1640099336.83794,0
873.13,1.01,0,0.01,-29.12,1573613,1640099336.85807,0
873.13,1.01,0,0.01,-29.15,1573633,1640099336.87435,0
873.13,1.01,0,0.01,-29.18,1573652,1640099336.89536,0
873.13,1.01,0,0,-29.22,1573672,1640099336.91569,0
873.13,1.01,0,0,-29.25,1573692,1640099336.93155,0
873.13,1.01,0,0.01,-29.3,1573712,1640099336.95376,0
873.13,1.01,0,0.01,-29.33,1573733,1640099336.97387,0
873.13,1.01,0,0.01,-29.38,1573752,1640099336.99417,0
873.13,1.01,0,0,-29.42,1573773,1640099337.01433,0
873.13,1.01,0,0,-29.47,1573792,1640099337.04004,0
873.13,1.01,0,0.01,-29.52,1573813,1640099337.0579,0
873.13,1.01,0,0.01,-29.57,1573833,1640099337.07513,0
873.13,1.01,0,0.01,-29.6,1573853,1640099337.1025,0
873.13,1.01,0,0,-29.65,1573872,1640099337.11501,0
873.13,1.01,0,0,-29.7,1573893,1640099337.13648,0
873.13,1.01,0,0.01,-29.75,1573913,1640099337.15586,0
873.13,1.01,0,0.01,-29.8,1573933,1640099337.1753,0
873.13,1.01,0,0.01,-29.85,1573952,1640099337.1942,0
873.13,1.01,0,0,-29.88,1573972,1640099337.21465,0
873.13,1.01,0,0,-29.93,1573992,1640099337.23499,0
873.13,1.01,0,0.01,-29.98,1574012,1640099337.25527,0
873.13,1.01,0,0.01,-30.03,1574033,1640099337.2758,0
873.13,1.01,0,0.01,-30.08,1574052,1640099337.29726,0
873.13,1.01,0,0,-30.13,1574072,1640099337.31276,0
873.13,1.01,0,0.01,-30.18,1574092,1640099337.33399,0
873.13,1.01,0,0.01,-30.23,1574113,1640099337.3544,0
873.13,1.01,0,0.01,-30.28,1574133,1640099337.3747,0
873.13,1.01,0,0.01,-30.33,1574153,1640099337.3947,0
873.13,1.01,0,0,-30.37,1574172,1640099337.41513,0
873.13,1.01,0,0,-30.42,1574193,1640099337.43639,0
873.13,1.01,0,0.01,-30.45,1574212,1640099337.45694,0
873.13,1.01,0,0.01,-30.5,1574233,1640099337.47747,0
873.13,1.01,0,0.01,-30.55,1574253,1640099337.49393,0
873.13,1.01,0,0,-30.6,1574273,1640099337.51453,0
873.13,1.01,0,0,-30.65,1574292,1640099337.5348,0
873.13,1.01,0,0.01,-30.7,1574312,1640099337.5591,0
873.13,1.01,0,0.01,-30.73,1574333,1640099337.57628,0
873.13,1.01,0,0.01,-30.78,1574352,1640099337.59712,0
873.13,1.01,0,0,-30.82,1574373,1640099337.61728,0
873.13,1.01,0,0,-30.85,1574392,1640099337.63774,0
873.13,1.01,0,0.01,-30.88,1574413,1640099337.65828,0
873.13,1.01,0,0.01,-30.92,1574432,1640099337.67412,0
873.13,1.01,0,0.01,-30.95,1574453,1640099337.69483,0
873.13,1.01,0,0,-30.97,1574472,1640099337.71659,0
873.13,1.01,0,0,-30.98,1574493,1640099337.73644,0
873.13,1.01,0,0.01,-31.02,1574512,1640099337.75572,0
873.13,1.01,0,0.01,-31.03,1574533,1640099337.77756,0
873.13,1.01,0,0.01,-31.05,1574552,1640099337.79699,0
873.13,1.01,0,0,-31.07,1574573,1640099337.81667,0
873.13,1.01,0,0,-31.08,1574593,1640099337.83687,0
873.13,1.01,0,0.01,-31.1,1574612,1640099337.85382,0
873.13,1.01,0,0.01,-31.12,1574632,1640099337.87422,0
873.13,1.01,0,0.01,-31.13,1574652,1640099337.89545,0
873.13,1.01,0,0,-31.13,1574672,1640099337.91614,0
873.13,1.01,0,0,-31.15,1574692,1640099337.93585,0
873.13,1.01,0,0.01,-31.15,1574713,1640099337.95538,0
873.13,1.01,0,0.01,-31.17,1574732,1640099337.97653,0
873.13,1.01,0,0.01,-31.17,1574753,1640099337.99663,0
873.13,1.01,0,0,-31.18,1574772,1640099338.01411,0
873.13,1.01,0,0,-31.18,1574792,1640099338.03385,0
873.13,1.01,0,0.01,-31.2,1574812,1640099338.05485,0
873.13,1.01,0,0.01,-31.2,1574833,1640099338.07569,0
873.13,1.01,0,0.01,-31.2,1574853,1640099338.0951,0
873.13,1.01,0,0,-31.2,1574873,1640099338.11539,0
873.13,1.01,0,0,-31.22,1574892,1640099338.13609,0
873.13,1.01,0,0,-31.22,1574913,1640099338.15688,0
873.13,1.01,0,0.01,-31.22,1574933,1640099338.1767,0
873.13,1.01,0,0.01,-31.22,1574952,1640099338.19756,0
873.13,1.01,0,0,-31.22,1574973,1640099338.21779,0
873.13,1.01,0,0,-31.22,1574992,1640099338.23484,0
873.13,1.01,0,0,-31.22,1575013,1640099338.25499,0
873.13,1.01,0,0.01,-31.2,1575032,1640099338.28309,0
873.13,1.01,0,0.01,-31.2,1575053,1640099338.29888,0
873.13,1.01,0,0,-31.2,1575072,1640099338.31711,0
873.13,1.01,0,0,-31.2,1575092,1640099338.33751,0
873.13,1.01,0,0,-31.2,1575112,1640099338.35769,0
873.13,1.01,0,0.01,-31.2,1575133,1640099338.378,0
873.13,1.01,0,0.01,-31.2,1575153,1640099338.39468,0
873.13,1.01,0,0,-31.18,1575173,1640099338.41493,0
873.13,1.01,0,0,-31.17,1575192,1640099338.43528,0
873.13,1.01,0,0,-31.15,1575213,1640099338.46215,0
873.13,1.01,0,0.01,-31.13,1575232,1640099338.48023,0
873.13,1.01,0,0.01,-31.1,1575252,1640099338.49763,0
873.13,1.01,0,0,-31.07,1575273,1640099338.51743,0
873.13,1.01,0,0,-31.05,1575292,1640099338.53799,0
873.13,1.01,0,0,-31.03,1575313,1640099338.5585,0
873.13,1.01,0,0.01,-31.02,1575332,1640099338.57814,0
873.13,1.01,0,0.01,-31.02,1575353,1640099338.59487,0
873.13,1.01,0,0,-31.02,1575373,1640099338.61619,0
873.13,1.01,0,0,-31.02,1575393,1640099338.6364,0
873.13,1.01,0,0,-31.02,1575413,1640099338.65735,0
873.13,1.01,0,0.01,-31.02,1575433,1640099338.67784,0
873.13,1.01,0,0.01,-31.02,1575453,1640099338.6984,0
873.13,1.01,0,0,-31.02,1575473,1640099338.71841,0
873.13,1.01,0,0,-31.02,1575493,1640099338.73881,0
873.13,1.01,0,0,-31.02,1575513,1640099338.76021,0
873.13,1.01,0,0.01,-31.02,1575533,1640099338.77592,0
873.13,1.01,0,0.01,-31.02,1575553,1640099338.79627,0
873.13,1.01,0,0,-31.02,1575573,1640099338.81653,0
873.13,1.01,0,0,-31.02,1575592,1640099338.83772,0
873.13,1.01,0,0,-31.02,1575613,1640099338.85833,0
873.13,1.01,0,0.01,-31.02,1575632,1640099338.88177,0
873.13,1.01,0,0.01,-31.02,1575653,1640099338.89869,0
873.13,1.01,0,0,-31.02,1575673,1640099338.91855,0
873.13,1.01,0,0.01,-31.02,1575693,1640099338.93882,0
873.13,1.01,0,0,-31.02,1575712,1640099338.95614,0
873.13,1.01,0,0.01,-31.02,1575733,1640099338.97705,0
873.13,1.01,0,0.01,-31.02,1575753,1640099338.99689,0
873.13,1.01,0,0,-31.02,1575773,1640099339.01774,0
873.13,1.01,0,0,-31.02,1575793,1640099339.03823,0
873.13,1.01,0,0,-31.02,1575813,1640099339.05843,0
873.13,1.01,0,0.01,-31.02,1575833,1640099339.07954,0
873.13,1.01,0,0.01,-31.02,1575853,1640099339.09969,0
873.13,1.01,0,0.01,-31.02,1575873,1640099339.1209,0
873.13,1.01,0,0.01,-31.02,1575892,1640099339.13639,0
873.13,1.01,0,0.01,-31.02,1575913,1640099339.15665,0
873.13,1.01,0,0.01,-31.02,1575932,1640099339.17799,0
873.13,1.01,0,0.01,-31.02,1575953,1640099339.19771,0
873.13,1.01,0,0.01,-31.02,1575972,1640099339.2187,0
873.13,1.01,0,0.01,-31.02,1575993,1640099339.23905,0
873.13,1.01,0,0.01,-31.02,1576013,1640099339.25976,0
873.13,1.01,0,0.01,-31.02,1576033,1640099339.27994,0
873.13,1.01,0,0.01,-31.02,1576053,1640099339.30433,0
873.13,1.01,0,0.01,-31.02,1576073,1640099339.32385,0
873.13,1.01,0,0.01,-31.02,1576093,1640099339.33623,0
873.13,1.01,0,0.01,-31.02,1576113,1640099339.3566,0
873.13,1.01,0,0.01,-31.02,1576133,1640099339.37698,0
873.13,1.01,0,0.01,-31.02,1576153,1640099339.3976,0
873.13,1.01,0,0.01,-31.02,1576173,1640099339.41827,0
873.13,1.01,0,0.01,-31.02,1576193,1640099339.43888,0
873.13,1.01,0,0.01,-31.02,1576213,1640099339.46025,0
873.13,1.01,0,0.01,-31.02,1576232,1640099339.4806,0
873.13,1.01,0,0.01,-31.02,1576253,1640099339.49725,0
873.13,1.01,0,0.01,-31.02,1576272,1640099339.5181,0
873.13,1.01,0,0.01,-31.02,1576293,1640099339.53814,0
873.13,1.01,0,0.01,-31.02,1576312,1640099339.55772,0
873.13,1.01,0,0.01,-31.02,1576333,1640099339.57888,0
873.13,1.01,0,0.01,-31.02,1576353,1640099339.59935,0
873.13,1.01,0,0.01,-31.02,1576373,1640099339.61964,0
873.13,1.01,0,0.01,-31.02,1576393,1640099339.6399,0
873.13,1.01,0,0.01,-31.02,1576413,1640099339.66094,0
873.13,1.01,0,0.01,-31.02,1576433,1640099339.67655,0
873.13,1.01,0,0.01,-31.02,1576453,1640099339.69797,0
873.13,1.01,0,0.01,-31.02,1576473,1640099339.71828,0
873.13,1.01,0,0.01,-31.02,1576493,1640099339.73825,0
873.13,1.01,0,0.01,-31.02,1576513,1640099339.75858,0
873.13,1.01,0,0.01,-31.02,1576532,1640099339.7788,0
873.13,1.01,0,0.01,-31.02,1576553,1640099339.80128,0
873.13,1.01,0,0.01,-31.02,1576572,1640099339.82052,0
873.13,1.01,0,0.01,-31.02,1576593,1640099339.84102,0
873.13,1.01,0,0.01,-31.02,1576612,1640099339.85793,0
873.13,1.01,0,0.01,-31.02,1576633,1640099339.87811,0
873.13,1.01,0,0.01,-31.02,1576653,1640099339.89883,0
873.13,1.01,0,0.01,-31.02,1576673,1640099339.91908,0
873.13,1.01,0,0.01,-31.02,1576693,1640099339.93994,0
873.13,1.01,0,0.01,-31.02,1576713,1640099339.96009,0
873.13,1.01,0,0.01,-31.02,1576733,1640099339.97992,0
873.13,1.01,0,0.01,-31.02,1576753,1640099340.00105,0
873.13,1.01,0,0.01,-31.02,1576773,1640099340.02131,0
873.13,1.01,0,0.01,-31.02,1576793,1640099340.04155,0
873.13,1.01,0,0.01,-31.02,1576813,1640099340.05831,0
873.13,1.01,0,0.01,-31.02,1576833,1640099340.07851,0
873.13,1.01,0,0.01,-31.02,1576853,1640099340.09887,0
873.13,1.01,0,0.01,-31.02,1576872,1640099340.11872,0
873.13,1.01,0,0.01,-31.02,1576893,1640099340.14018,0
873.13,1.01,0,0.01,-31,1576912,1640099340.16055,0
873.13,1.01,0,0.01,-31,1576933,1640099340.18098,0
873.13,1.01,0,0.01,-31,1576952,1640099340.1975,0
873.13,1.01,0,0.01,-31,1576972,1640099340.21754,0
873.13,1.01,0,0.01,-31,1576992,1640099340.24637,0
873.13,1.01,0,0.01,-31,1577012,1640099340.25937,0
873.13,1.01,0,0.01,-31,1577032,1640099340.27841,0
873.13,1.01,0,0.01,-31,1577053,1640099340.29971,0
873.13,1.01,0,0.01,-31,1577072,1640099340.31995,0
873.13,1.01,0,0.01,-31,1577093,1640099340.34897,0
873.13,1.01,0,0.01,-31,1577112,1640099340.36074,0
873.13,1.01,0,0.01,-31,1577133,1640099340.37677,0
873.13,1.01,0,0.01,-31,1577152,1640099340.40122,0
873.13,1.01,0,0.01,-31,1577172,1640099340.41793,0
873.13,1.01,0,0.01,-31,1577192,1640099340.43832,0
873.13,1.01,0,0.01,-31,1577212,1640099340.45855,0
873.13,1.01,0,0.01,-31,1577232,1640099340.47907,0
873.13,1.01,0,0.01,-31,1577252,1640099340.50083,0
873.13,1.01,0,0.01,-31,1577273,1640099340.51972,0
873.13,1.01,0,0.01,-31,1577292,1640099340.54485,0
873.13,1.01,0,0.01,-31,1577313,1640099340.56254,0
873.13,1.01,0,0.01,-31,1577332,1640099340.57735,0
873.13,1.01,0,0.01,-31,1577353,1640099340.59884,0
873.13,1.01,0,0.01,-31,1577372,1640099340.61856,0
873.13,1.01,0,0.01,-31,1577393,1640099340.63922,0
873.13,1.01,0,0.01,-31,1577412,1640099340.66074,0
873.13,1.01,0,0.01,-31,1577433,1640099340.68101,0
873.13,1.01,0,0.01,-31,1577452,1640099340.7012,0
873.13,1.01,0,0.01,-31,1577473,1640099340.72134,0
873.13,1.01,0,0.01,-31,1577492,1640099340.74143,0
873.13,1.01,0,0.01,-31,1577512,1640099340.75889,0
873.13,1.01,0,0.01,-31,1577532,1640099340.77923,0
873.13,1.01,0,0.01,-31,1577552,1640099340.80119,0
873.13,1.01,0,0.01,-31,1577573,1640099340.81987,0
873.13,1.01,0,0.01,-31,1577592,1640099340.83977,0
873.13,1.01,0,0.01,-31,1577613,1640099340.86553,0
873.13,1.01,0,0.01,-31,1577632,1640099340.8809,0
873.13,1.01,0,0.01,-31,1577653,1640099340.90188,0
873.13,1.01,0,0.01,-31,1577672,1640099340.92197,0
873.13,1.01,0,0.01,-31,1577693,1640099340.93805,0
873.13,1.01,0,0.01,-31,1577712,1640099340.95841,0
873.13,1.01,0,0.01,-31,1577733,1640099340.97802,0
873.13,1.01,0,0.01,-31,1577752,1640099341.00383,0
873.13,1.01,0,0.01,-31,1577773,1640099341.02087,0
873.13,1.01,0,0.01,-31,1577792,1640099341.04111,0
873.13,1.01,0,0.01,-31,1577812,1640099341.06114,0
873.13,1.01,0,0.01,-31,1577832,1640099341.08185,0
873.13,1.01,0,0.01,-31,1577852,1640099341.10228,0
873.13,1.01,0,0.01,-31,1577872,1640099341.1181,0
873.13,1.01,0,0.01,-31,1577892,1640099341.13852,0
873.13,1.01,0,0.01,-31,1577913,1640099341.16664,0
873.13,1.01,0,0.01,-31,1577932,1640099341.18022,0
873.13,1.01,0,0.01,-31,1577953,1640099341.20115,0
873.13,1.01,0,0.01,-31,1577972,1640099341.22129,0
873.13,1.01,0,0.01,-31,1577993,1640099341.24083,0
873.13,1.01,0,0.01,-31,1578012,1640099341.26725,0
873.13,1.01,0,0.01,-31,1578033,1640099341.28481,0
873.13,1.01,0,0.01,-31,1578052,1640099341.30633,0
873.13,1.01,0,0.01,-31,1578073,1640099341.31941,0
873.13,1.01,0,0.01,-31,1578092,1640099341.34117,0
873.13,1.01,0,0.01,-31,1578113,1640099341.36022,0
873.13,1.01,0,0.01,-31,1578132,1640099341.38101,0
873.13,1.01,0,0.01,-31,1578152,1640099341.40126,0
873.13,1.01,0,0.01,-31,1578172,1640099341.42141,0
873.13,1.01,0,0.01,-31,1578192,1640099341.44159,0
873.13,1.01,0,0.01,-31,1578213,1640099341.46173,0
873.13,1.01,0,0.01,-31,1578232,1640099341.47849,0
873.13,1.01,0,0.01,-31,1578252,1640099341.49918,0
873.13,1.01,0,0.01,-31,1578272,1640099341.51918,0
873.13,1.01,0,0.01,-31,1578293,1640099341.5406,0
873.13,1.01,0,0.01,-31,1578312,1640099341.57267,0
873.13,1.01,0,0.01,-31,1578333,1640099341.58572,0
873.13,1.01,0,0.01,-31,1578352,1640099341.60158,0
873.13,1.01,0,0.01,-31,1578373,1640099341.62147,0
873.13,1.01,0,0.01,-31,1578392,1640099341.64197,0
873.13,1.01,0,0.01,-31,1578413,1640099341.65975,0
873.13,1.01,0,0.01,-31,1578432,1640099341.67915,0
873.13,1.01,0,0.01,-31,1578452,1640099341.7009,0
873.13,1.01,0,0.01,-31,1578472,1640099341.72045,0
873.13,1.01,0,0.01,-31,1578492,1640099341.74788,0
873.13,1.01,0,0.01,-31,1578512,1640099341.76551,0
873.13,1.01,0,0.01,-31,1578532,1640099341.78312,0
873.13,1.01,0,0.01,-31,1578552,1640099341.80241,0
873.13,1.01,0,0.01,-31,1578572,1640099341.82318,0
873.13,1.01,0,0.01,-31,1578592,1640099341.8474,0
873.13,1.01,0,0.01,-31,1578612,1640099341.85971,0
873.13,1.01,0,0.01,-31,1578633,1640099341.88021,0
873.13,1.01,0,0.01,-31,1578652,1640099341.90363,0
873.13,1.01,0,0.01,-31,1578673,1640099341.9217,0
873.13,1.01,0,0.01,-31,1578692,1640099341.94141,0
873.13,1.01,0,0.01,-31,1578713,1640099341.96219,0
873.13,1.01,0,0.01,-31,1578732,1640099341.98388,0
873.13,1.01,0,0.01,-31,1578753,1640099342.00344,0
873.13,1.01,0,0.01,-31,1578772,1640099342.01859,0
873.13,1.01,0,0.01,-31,1578792,1640099342.04464,0
873.13,1.01,0,0.01,-31,1578812,1640099342.07138,0
873.13,1.01,0,0.01,-31,1578832,1640099342.08775,0
873.13,1.01,0,0.01,-31,1578852,1640099342.10965,0
873.13,1.01,0,0.01,-31,1578872,1640099342.12721,0
873.13,1.01,0,0.01,-31,1578893,1640099342.15035,0
873.13,1.01,0,0.01,-31,1578912,1640099342.16568,0
873.13,1.01,0,0.01,-31,1578933,1640099342.18422,0
873.13,1.01,0,0.01,-31,1578952,1640099342.20215,0
873.13,1.01,0,0.01,-31,1578973,1640099342.22804,0
873.13,1.01,0,0.01,-31,1578992,1640099342.24876,0
873.13,1.01,0,0.01,-31,1579013,1640099342.26527,0
873.13,1.01,0,0.01,-31,1579032,1640099342.28781,0
873.13,1.01,0,0.01,-31,1579053,1640099342.30647,0
873.13,1.01,0,0.01,-31,1579072,1640099342.32281,0
873.13,1.01,0,0.01,-31,1579092,1640099342.34274,0
873.13,1.01,0,0.01,-31,1579112,1640099342.36422,0
873.13,1.01,0,0.01,-31,1579132,1640099342.38072,0
873.13,1.01,0,0.01,-31,1579152,1640099342.40107,0
873.13,1.01,0,0.01,-31,1579172,1640099342.42141,0
873.13,1.01,0,0.01,-31,1579193,1640099342.44152,0
873.13,1.01,0,0.01,-31,1579212,1640099342.46182,0
