757.31,4.36,0,0,41.1,1233041,1641905869.54291,0
757.31,4.36,0,0,41.1,1233053,1641905869.54367,0
757.31,4.36,0,0,41.1,1233065,1641905869.54458,0
757.31,4.36,0,0,41.1,1233078,1641905869.5453,0
757.31,4.36,0,0,41.1,1233091,1641905869.54608,0
757.31,4.36,0,0,41.1,1233103,1641905869.54684,0
757.31,4.36,0,0,41.1,1233116,1641905869.54755,0
757.31,4.36,0,0,41.1,1233128,1641905869.54825,0
757.31,4.36,0,0,41.1,1233140,1641905869.57196,0
757.31,4.36,0,0,41.1,1233154,1641905869.57338,0
757.31,4.36,0,0,41.1,1233166,1641905869.58111,0
757.31,4.36,0,0,41.1,1233178,1641905869.59573,0
757.31,4.36,0,0,41.1,1233190,1641905869.63554,0
757.31,4.36,0,0,41.1,1233204,1641905869.63647,0
757.31,4.36,0,0,41.1,1233216,1641905869.63751,0
757.31,4.36,0,0,41.1,1233228,1641905869.65204,0
757.31,4.36,0,0,41.1,1233241,1641905869.65703,0
757.31,4.36,0,0,41.1,1233253,1641905869.66933,0
757.31,4.36,0,0,41.1,1233266,1641905869.68163,0
757.31,4.36,0,0,41.1,1233278,1641905869.69506,0
757.31,4.36,0,0,41.1,1233291,1641905869.70687,0
757.31,4.36,0,0,41.1,1233303,1641905869.71915,0
757.31,4.36,0,0,41.1,1233316,1641905869.73254,0
757.31,4.36,0,0,41.1,1233329,1641905869.74383,0
757.31,4.36,0,0,41.1,1233341,1641905869.75587,0
757.31,4.36,0,0,41.1,1233353,1641905869.76873,0
757.31,4.36,0,0,41.1,1233366,1641905869.78066,0
757.31,4.36,0,0,41.1,1233379,1641905869.79515,0
757.31,4.36,0,0,41.1,1233391,1641905869.80453,0
757.31,4.36,0,0,41.1,1233403,1641905869.81708,0
757.31,4.36,0,0,41.1,1233416,1641905869.82953,0
757.31,4.36,0,0,41.1,1233429,1641905869.84196,0
757.31,4.36,0,0,41.1,1233441,1641905869.85842,0
757.31,4.36,0,0,41.1,1233454,1641905869.87033,0
757.31,4.36,0,0,41.1,1233466,1641905869.88276,0
757.31,4.36,0,0,41.1,1233479,1641905869.89533,0
757.31,4.36,0,0,41.1,1233491,1641905869.90744,0
757.31,4.36,0,0,41.1,1233504,1641905869.91967,0
757.31,4.36,0,0,41.1,1233516,1641905869.93736,0
757.31,4.36,0,0,41.1,1233529,1641905869.95117,0
757.31,4.36,0,0,41.1,1233542,1641905869.96483,0
757.31,4.36,0,0,41.1,1233554,1641905869.97863,0
757.31,4.36,0,0,41.1,1233566,1641905869.9837,0
757.31,4.36,0,0,41.1,1233580,1641905869.99959,0
757.31,4.36,0,0,41.1,1233592,1641905870.01592,0
757.31,4.36,0,0,41.1,1233604,1641905870.01841,0
757.31,4.36,0,0,41.1,1233616,1641905870.03068,0
757.31,4.36,0,0,41.1,1233629,1641905870.04286,0
757.31,4.36,0,0,41.1,1233642,1641905870.05539,0
757.31,4.36,0,0,41.1,1233654,1641905870.07126,0
757.31,4.36,0,0,41.1,1233667,1641905870.08475,0
757.31,4.36,0,0,41.1,1233679,1641905870.09687,0
757.31,4.36,0,0,41.1,1233691,1641905870.10986,0
757.31,4.36,0,0,41.1,1233704,1641905870.12187,0
757.31,4.36,0,0,41.1,1233717,1641905870.13271,0
757.31,4.36,0,0,41.1,1233729,1641905870.14426,0
757.31,4.36,0,0,41.1,1233741,1641905870.15742,0
757.31,4.36,0,0,41.1,1233755,1641905870.1696,0
757.31,4.36,0,0,41.1,1233767,1641905870.18195,0
757.31,4.36,0,0,41.1,1233779,1641905870.19462,0
757.31,4.36,0,0,41.1,1233792,1641905870.20658,0
757.31,4.36,0,0,41.1,1233804,1641905870.23025,0
757.31,4.36,0,0,41.1,1233817,1641905870.23499,0
757.31,4.36,0,0,41.1,1233829,1641905870.24808,0
757.31,4.36,0,0,41.1,1233842,1641905870.25716,0
757.31,4.36,0,0,41.1,1233854,1641905870.27151,0
757.31,4.36,0,0,41.1,1233867,1641905870.2835,0
757.31,4.36,0,0,41.1,1233880,1641905870.29568,0
757.31,4.36,0,0,41.1,1233892,1641905870.30844,0
757.31,4.36,0,0,41.1,1233904,1641905870.32698,0
757.31,4.36,0,0,41.1,1233916,1641905870.33996,0
757.31,4.36,0,0,41.1,1233930,1641905870.34733,0
757.31,4.36,0,0,41.1,1233942,1641905870.35796,0
757.31,4.36,0,0,41.1,1233954,1641905870.37011,0
757.31,4.36,0,0,41.1,1233967,1641905870.38255,0
757.31,4.36,0,0,41.1,1233979,1641905870.39992,0
757.31,4.36,0,0,41.1,1233992,1641905870.40856,0
757.31,4.36,0,0,41.1,1234004,1641905870.41943,0
757.31,4.36,0,0,41.1,1234017,1641905870.43147,0
757.31,4.36,0,0,41.1,1234029,1641905870.44368,0
757.31,4.36,0,0,41.1,1234041,1641905870.45652,0
757.31,4.36,0,0,41.1,1234055,1641905870.4681,0
757.31,4.36,0,0,41.1,1234067,1641905870.48044,0
757.31,4.36,0,0,41.1,1234079,1641905870.49723,0
757.31,4.36,0,0,41.1,1234092,1641905870.50894,0
757.31,4.36,0,0,41.1,1234104,1641905870.5214,0
757.31,4.36,0,0,41.1,1234117,1641905870.53367,0
757.31,4.36,0,0,41.1,1234129,1641905870.55131,0
757.31,4.36,0,0,41.1,1234142,1641905870.56444,0
757.31,4.36,0,0,41.1,1234154,1641905870.57509,0
757.31,4.36,0,0,41.1,1234166,1641905870.58444,0
757.31,4.36,0,0,41.1,1234179,1641905870.59488,0
757.31,4.36,0,0,41.1,1234192,1641905870.60798,0
757.31,4.36,0,0,41.1,1234204,1641905870.61993,0
757.31,4.36,0,0,41.1,1234216,1641905870.63214,0
757.31,4.36,0,0,41.1,1234229,1641905870.64474,0
757.31,4.36,0,0,41.1,1234242,1641905870.65717,0
757.31,4.36,0,0,41.1,1234254,1641905870.66937,0
757.31,4.36,0,0,41.1,1234267,1641905870.68179,0
757.31,4.36,0,0,41.1,1234279,1641905870.69431,0
757.31,4.36,0,0,41.1,1234291,1641905870.70564,0
757.31,4.36,0,0,41.1,1234305,1641905870.71882,0
757.31,4.36,0,0,41.1,1234317,1641905870.73431,0
757.31,4.36,0,0,41.1,1234329,1641905870.74648,0
757.31,4.36,0,0,41.1,1234341,1641905870.75883,0
757.31,4.36,0,0,41.1,1234354,1641905870.7817,0
757.31,4.36,0,0,41.1,1234367,1641905870.78686,0
757.31,4.36,0,0,41.1,1234379,1641905870.79866,0
757.31,4.36,0,0,41.1,1234392,1641905870.80875,0
757.31,4.36,0,0,41.1,1234404,1641905870.82098,0
757.31,4.36,0,0,41.1,1234416,1641905870.83359,0
757.31,4.36,0,0,41.1,1234429,1641905870.84465,0
757.31,4.36,0,0,41.1,1234442,1641905870.85711,0
757.31,4.36,0,0,41.1,1234454,1641905870.86984,0
757.31,4.36,0,0,41.1,1234466,1641905870.88259,0
757.31,4.36,0,0,41.1,1234479,1641905870.89383,0
757.31,4.36,0,0,41.1,1234492,1641905870.91804,0
757.31,4.36,0,0,41.1,1234504,1641905870.92251,0
757.31,4.36,0,0,41.1,1234516,1641905870.9363,0
757.31,4.36,0,0,41.1,1234529,1641905870.94565,0
757.31,4.36,0,0,41.1,1234541,1641905870.95992,0
757.31,4.36,0,0,41.1,1234554,1641905870.97794,0
757.31,4.36,0,0,41.1,1234567,1641905870.99037,0
757.31,4.36,0,0,41.1,1234579,1641905870.99803,0
757.31,4.36,0,0,41.1,1234591,1641905871.00948,0
757.31,4.36,0,0,41.1,1234605,1641905871.02191,0
757.31,4.36,0,0,41.1,1234617,1641905871.03311,0
757.31,4.36,0,0,41.1,1234629,1641905871.04562,0
757.31,4.36,0,0,41.1,1234641,1641905871.05819,0
757.31,4.36,0,0,41.1,1234654,1641905871.07083,0
757.31,4.36,0,0,41.1,1234666,1641905871.08955,0
757.31,4.36,0,0,41.1,1234679,1641905871.09718,0
757.31,4.36,0,0,41.1,1234692,1641905871.10744,0
757.31,4.36,0,0,41.1,1234704,1641905871.11893,0
757.31,4.36,0,0,41.1,1234716,1641905871.13233,0
757.31,4.36,0,0,41.1,1234729,1641905871.14463,0
757.31,4.36,0,0,41.1,1234742,1641905871.15598,0
757.31,4.36,0,0,41.1,1234754,1641905871.17303,0
757.31,4.36,0,0,41.1,1234766,1641905871.18509,0
757.31,4.36,0,0,41.1,1234780,1641905871.20299,0
757.31,4.36,0,0,41.1,1234792,1641905871.21675,0
757.31,4.36,0,0,41.1,1234804,1641905871.22311,0
757.31,4.36,0,0,41.1,1234817,1641905871.23453,0
757.31,4.36,0,0,41.1,1234829,1641905871.2468,0
757.31,4.36,0,0,41.1,1234842,1641905871.25938,0
757.31,4.36,0,0,41.1,1234854,1641905871.27074,0
757.31,4.36,0,0,41.1,1234867,1641905871.28339,0
757.31,4.36,0,0,41.1,1234879,1641905871.29626,0
757.31,4.36,0,0,41.1,1234892,1641905871.30842,0
757.31,4.36,0,0,41.1,1234905,1641905871.32063,0
757.31,4.36,0,0,41.1,1234917,1641905871.3332,0
757.31,4.36,0,0,41.1,1234929,1641905871.34451,0
757.31,4.36,0,0,41.1,1234941,1641905871.35714,0
757.31,4.36,0,0,41.1,1234955,1641905871.36962,0
757.31,4.36,0,0,41.1,1234967,1641905871.38538,0
757.31,4.36,0,0,41.1,1234979,1641905871.39799,0
757.31,4.36,0,0,41.1,1234992,1641905871.41055,0
757.31,4.36,0,0,41.1,1235005,1641905871.42325,0
757.31,4.36,0,0,41.1,1235017,1641905871.44382,0
757.31,4.36,0,0,41.1,1235030,1641905871.44966,0
757.31,4.36,0,0,41.1,1235042,1641905871.45964,0
757.31,4.36,0,0,41.1,1235055,1641905871.47185,0
757.31,4.36,0,0,41.1,1235067,1641905871.48393,0
757.31,4.36,0,0,41.1,1235080,1641905871.49615,0
757.31,4.36,0,0,41.1,1235092,1641905871.50825,0
757.31,4.36,0,0,41.1,1235104,1641905871.52037,0
757.31,4.36,0,0,41.1,1235118,1641905871.53286,0
757.31,4.36,0,0,41.1,1235130,1641905871.54614,0
757.31,4.36,0,0,41.1,1235142,1641905871.55771,0
757.31,4.36,0,0,41.1,1235154,1641905871.57007,0
757.31,4.36,0,0,41.1,1235168,1641905871.5869,0
757.31,4.36,0,0,41.1,1235180,1641905871.59886,0
757.31,4.36,0,0,41.1,1235192,1641905871.61652,0
757.31,4.36,0,-0.01,41.1,1235206,1641905871.63041,0
757.31,4.36,0,-0.01,41.1,1235219,1641905871.63881,0
757.31,4.36,0,0,41.1,1235231,1641905871.64823,0
757.31,4.36,0,0,41.1,1235244,1641905871.66019,0
757.31,4.36,0,-0.01,41.1,1235257,1641905871.67594,0
757.31,4.36,0,-0.01,41.1,1235270,1641905871.69018,0
757.31,4.36,0,0,41.1,1235282,1641905871.70063,0
757.31,4.36,0,0,41.1,1235296,1641905871.71365,0
757.31,4.36,0,0,41.1,1235308,1641905871.72602,0
757.31,4.36,0,0,41.1,1235320,1641905871.73853,0
757.31,4.36,0,0,41.1,1235333,1641905871.75055,0
757.31,4.36,0,0,41.1,1235345,1641905871.76334,0
757.31,4.36,0,0,41.1,1235358,1641905871.77464,0
757.31,4.36,0,-0.01,41.1,1235372,1641905871.78679,0
757.31,4.36,0,-0.01,41.1,1235384,1641905871.80352,0
757.31,4.36,0,0,41.1,1235397,1641905871.81578,0
757.31,4.36,0,0,41.1,1235409,1641905871.828,0
757.31,4.36,0,-0.01,41.1,1235423,1641905871.84035,0
757.31,4.36,0,-0.01,41.1,1235436,1641905871.85262,0
757.31,4.36,0,-0.01,41.1,1235448,1641905871.86475,0
757.31,4.36,0,0,41.1,1235462,1641905871.87726,0
757.31,4.36,0,-0.01,41.1,1235475,1641905871.89405,0
757.31,4.36,0,-0.01,41.1,1235487,1641905871.90634,0
757.31,4.36,0,-0.01,41.1,1235501,1641905871.91881,0
757.31,4.36,0,0,41.1,1235513,1641905871.9303,0
757.31,4.36,0,0,41.1,1235526,1641905871.94248,0
757.31,4.36,0,-0.01,41.1,1235539,1641905871.9641,0
757.31,4.36,0,-0.01,41.1,1235552,1641905871.97462,0
757.31,4.36,0,-0.01,41.1,1235565,1641905871.98423,0
757.31,4.36,0,0,41.1,1235577,1641905871.99584,0
757.31,4.36,0,-0.01,41.1,1235591,1641905872.00841,0
757.31,4.36,0,-0.01,41.1,1235604,1641905872.02146,0
757.31,4.36,0,-0.01,41.1,1235617,1641905872.03694,0
757.31,4.36,0,-0.01,41.1,1235630,1641905872.04924,0
757.31,4.36,0,0,41.1,1235643,1641905872.06188,0
757.31,4.36,0,-0.01,41.1,1235656,1641905872.07419,0
757.31,4.36,0,-0.01,41.1,1235670,1641905872.08668,0
757.31,4.36,0,-0.01,41.1,1235682,1641905872.0984,0
757.31,4.36,0,0,41.1,1235695,1641905872.12192,0
757.31,4.36,0,-0.01,41.1,1235708,1641905872.13603,0
757.31,4.36,0,-0.01,41.1,1235722,1641905872.14643,0
757.31,4.36,0,-0.01,41.1,1235735,1641905872.15273,0
757.31,4.36,0,-0.01,41.1,1235747,1641905872.16471,0
757.31,4.36,0,-0.01,41.1,1235761,1641905872.18028,0
757.31,4.36,0,-0.01,41.1,1235774,1641905872.19288,0
757.31,4.36,0,-0.01,41.1,1235787,1641905872.20477,0
757.31,4.36,0,-0.01,41.1,1235801,1641905872.22676,0
757.31,4.36,0,-0.01,41.1,1235814,1641905872.23595,0
757.31,4.36,0,-0.01,41.1,1235827,1641905872.24629,0
757.31,4.36,0,-0.01,41.1,1235841,1641905872.25814,0
757.31,4.36,0,-0.01,41.1,1235853,1641905872.27029,0
757.31,4.36,0,-0.01,41.1,1235866,1641905872.28294,0
757.31,4.36,0,-0.01,41.1,1235879,1641905872.29871,0
757.31,4.36,0,-0.01,41.1,1235893,1641905872.31122,0
757.31,4.36,0,-0.01,41.1,1235906,1641905872.3236,0
757.31,4.36,0,-0.01,41.1,1235919,1641905872.34657,0
757.31,4.36,0,-0.01,41.1,1235932,1641905872.35596,0
757.31,4.36,0,-0.01,41.1,1235945,1641905872.36538,0
757.31,4.36,0,-0.01,41.1,1235958,1641905872.37763,0
757.31,4.36,0,-0.01,41.1,1235972,1641905872.38951,0
757.31,4.36,0,-0.01,41.1,1235984,1641905872.40102,0
757.31,4.36,0,-0.01,41.1,1235997,1641905872.41338,0
757.31,4.36,0,0,41.1,1236009,1641905872.43024,0
757.31,4.36,0,-0.01,41.1,1236023,1641905872.4432,0
757.31,4.36,0,-0.01,41.1,1236036,1641905872.45432,0
757.31,4.36,0,-0.01,41.1,1236049,1641905872.46712,0
757.31,4.36,0,0,41.1,1236062,1641905872.47929,0
757.31,4.36,0,0,41.1,1236075,1641905872.49155,0
757.31,4.36,0,-0.01,41.1,1236088,1641905872.50856,0
757.31,4.36,0,-0.01,41.1,1236101,1641905872.5208,0
757.31,4.36,0,-0.01,41.1,1236114,1641905872.5332,0
757.31,4.36,0,0,41.1,1236126,1641905872.54695,0
757.31,4.36,0,-0.01,41.1,1236140,1641905872.56538,0
757.31,4.36,0,-0.01,41.1,1236153,1641905872.57376,0
757.31,4.36,0,-0.01,41.1,1236166,1641905872.58525,0
757.31,4.36,0,-0.01,41.1,1236179,1641905872.5986,0
757.31,4.36,0,0,41.1,1236192,1641905872.61021,0
757.31,4.36,0,-0.01,41.1,1236205,1641905872.62289,0
757.31,4.36,0,-0.01,41.1,1236218,1641905872.64018,0
757.31,4.36,0,-0.01,41.1,1236231,1641905872.65291,0
757.31,4.36,0,0,41.1,1236244,1641905872.66614,0
757.31,4.36,0,0,41.1,1236256,1641905872.67637,0
757.31,4.36,0,-0.01,41.1,1236270,1641905872.68861,0
757.31,4.36,0,-0.01,41.1,1236283,1641905872.70026,0
757.31,4.36,0,-0.01,41.1,1236296,1641905872.71259,0
757.31,4.36,0,0,41.1,1236308,1641905872.72898,0
757.31,4.36,0,-0.01,41.1,1236322,1641905872.74161,0
757.31,4.36,0,-0.01,41.1,1236334,1641905872.75414,0
757.31,4.36,0,-0.01,41.1,1236347,1641905872.76636,0
757.31,4.36,0,0,41.1,1236361,1641905872.7789,0
757.31,4.36,0,0,41.1,1236373,1641905872.79069,0
757.31,4.36,0,-0.01,41.1,1236386,1641905872.8068,0
757.31,4.36,0,-0.01,41.1,1236400,1641905872.8194,0
757.31,4.36,0,-0.01,41.1,1236412,1641905872.8314,0
757.31,4.36,0,0,41.1,1236425,1641905872.84363,0
757.31,4.36,0,-0.01,41.1,1236439,1641905872.85615,0
757.31,4.36,0,-0.01,41.1,1236451,1641905872.86878,0
757.31,4.36,0,-0.01,41.1,1236464,1641905872.8845,0
757.31,4.36,0,0,41.1,1236477,1641905872.89699,0
757.31,4.36,0,0,41.1,1236490,1641905872.9091,0
757.31,4.36,0,-0.01,41.1,1236503,1641905872.92772,0
757.31,4.36,0,-0.01,41.1,1236516,1641905872.93578,0
757.31,4.36,0,-0.01,41.1,1236529,1641905872.95028,0
757.31,4.36,0,0,41.1,1236542,1641905872.96268,0
757.31,4.36,0,-0.01,41.1,1236555,1641905872.97468,0
757.31,4.36,0,-0.01,41.1,1236569,1641905872.98677,0
757.31,4.36,0,-0.01,41.1,1236581,1641905873.00413,0
757.31,4.36,0,0,41.1,1236594,1641905873.01546,0
757.31,4.36,0,0,41.1,1236606,1641905873.02839,0
757.31,4.36,0,-0.01,41.1,1236620,1641905873.04092,0
757.31,4.36,0,-0.01,41.1,1236633,1641905873.05324,0
757.31,4.36,0,-0.01,41.1,1236646,1641905873.0657,0
757.31,4.36,0,0,41.1,1236659,1641905873.07676,0
757.31,4.36,0,-0.01,41.1,1236672,1641905873.09838,0
757.31,4.36,0,-0.01,41.1,1236685,1641905873.10743,0
757.31,4.36,0,-0.01,41.1,1236698,1641905873.11815,0
757.31,4.36,0,-0.01,41.1,1236711,1641905873.13072,0
757.31,4.36,0,0,41.1,1236724,1641905873.14249,0
757.31,4.36,0,-0.01,41.1,1236738,1641905873.1549,0
757.31,4.36,0,-0.01,41.1,1236750,1641905873.17081,0
757.31,4.36,0,-0.01,41.1,1236763,1641905873.18338,0
757.31,4.36,0,0,41.1,1236776,1641905873.19559,0
757.31,4.36,0,-0.01,41.1,1236789,1641905873.2085,0
757.31,4.36,0,-0.01,41.1,1236802,1641905873.22072,0
757.31,4.36,0,-0.01,41.1,1236815,1641905873.2332,0
757.31,4.36,0,-0.01,41.1,1236829,1641905873.25478,0
757.31,4.36,0,0,41.1,1236841,1641905873.26797,0
757.31,4.36,0,-0.01,41.1,1236854,1641905873.27691,0
757.31,4.36,0,-0.01,41.1,1236868,1641905873.28613,0
757.31,4.36,0,-0.01,41.1,1236881,1641905873.29884,0
757.31,4.36,0,0,41.1,1236893,1641905873.31484,0
757.31,4.36,0,0,41.1,1236907,1641905873.32725,0
757.31,4.36,0,-0.01,41.1,1236920,1641905873.34907,0
757.31,4.36,0,-0.01,41.1,1236932,1641905873.35835,0
757.31,4.36,0,-0.01,41.1,1236945,1641905873.36543,0
757.31,4.36,0,0,41.1,1236959,1641905873.37662,0
757.31,4.36,0,-0.01,41.1,1236971,1641905873.39274,0
757.31,4.36,0,-0.01,41.1,1236984,1641905873.40495,0
757.31,4.36,0,-0.01,41.1,1236998,1641905873.42838,0
757.31,4.36,0,-0.01,41.1,1237011,1641905873.43267,0
757.31,4.36,0,0,41.1,1237023,1641905873.44454,0
757.31,4.36,0,-0.01,41.1,1237037,1641905873.45879,0
757.31,4.36,0,-0.01,41.1,1237050,1641905873.4701,0
757.31,4.36,0,-0.01,41.1,1237063,1641905873.48286,0
757.31,4.36,0,0,41.1,1237075,1641905873.50011,0
757.31,4.36,0,-0.01,41.1,1237089,1641905873.51332,0
757.31,4.36,0,-0.01,41.1,1237102,1641905873.52483,0
757.31,4.36,0,-0.01,41.1,1237115,1641905873.53614,0
757.31,4.36,0,-0.01,41.1,1237128,1641905873.55421,0
757.31,4.36,0,0,41.1,1237141,1641905873.56243,0
757.31,4.36,0,-0.01,41.1,1237154,1641905873.57272,0
757.31,4.36,0,-0.01,41.1,1237168,1641905873.59056,0
757.31,4.36,0,-0.01,41.1,1237180,1641905873.60246,0
757.31,4.36,0,-0.01,41.1,1237193,1641905873.61943,0
757.31,4.36,0,0,41.1,1237207,1641905873.63154,0
757.31,4.36,0,-0.01,41.1,1237220,1641905873.64153,0
757.31,4.36,0,-0.01,41.1,1237232,1641905873.65488,0
757.31,4.36,0,-0.01,41.1,1237245,1641905873.66698,0
757.31,4.36,0,0,41.1,1237259,1641905873.6795,0
757.31,4.36,0,-0.01,41.1,1237271,1641905873.69196,0
757.31,4.36,0,-0.01,41.1,1237284,1641905873.70422,0
757.31,4.36,0,-0.01,41.1,1237298,1641905873.71654,0
757.31,4.36,0,-0.01,41.1,1237311,1641905873.73224,0
757.31,4.36,0,0,41.1,1237323,1641905873.74444,0
757.31,4.36,0,-0.01,41.1,1237337,1641905873.75719,0
757.31,4.36,0,-0.01,41.1,1237350,1641905873.76982,0
757.31,4.36,0,-0.01,41.1,1237363,1641905873.79053,0
757.31,4.36,0,0,41.1,1237376,1641905873.80258,0
757.31,4.36,0,0,41.1,1237389,1641905873.80991,0
757.31,4.36,0,-0.01,41.1,1237402,1641905873.82393,0
757.31,4.36,0,-0.01,41.1,1237414,1641905873.83469,0
757.31,4.36,0,-0.01,41.1,1237428,1641905873.85691,0
757.31,4.36,0,0,41.1,1237441,1641905873.86591,0
757.31,4.36,0,-0.01,41.1,1237453,1641905873.87631,0
757.31,4.36,0,-0.01,41.1,1237467,1641905873.88907,0
757.31,4.36,0,-0.01,41.1,1237480,1641905873.90052,0
757.31,4.36,0,-0.01,41.1,1237493,1641905873.91259,0
757.31,4.36,0,0,41.1,1237506,1641905873.92483,0
757.31,4.36,0,-0.01,41.1,1237519,1641905873.94186,0
757.31,4.36,0,-0.01,41.1,1237532,1641905873.96264,0
757.31,4.36,0,-0.01,41.1,1237544,1641905873.96883,0
757.31,4.36,0,0,41.1,1237558,1641905873.97861,0
757.31,4.36,0,-0.01,41.1,1237571,1641905873.99064,0
757.31,4.36,0,-0.01,41.1,1237584,1641905874.0031,0
757.31,4.36,0,-0.01,41.1,1237597,1641905874.01961,0
757.31,4.36,0,-0.01,41.1,1237610,1641905874.03224,0
757.31,4.36,0,0,41.1,1237623,1641905874.0445,0
757.31,4.36,0,-0.01,41.1,1237637,1641905874.05591,0
757.31,4.36,0,-0.01,41.1,1237649,1641905874.06851,0
757.31,4.36,0,-0.01,41.1,1237662,1641905874.08431,0
757.31,4.36,0,0,41.1,1237676,1641905874.09697,0
757.31,4.36,0,0,41.1,1237688,1641905874.10952,0
757.31,4.36,0,-0.01,41.1,1237701,1641905874.12208,0
757.31,4.36,0,-0.01,41.1,1237714,1641905874.14281,0
757.31,4.36,0,-0.01,41.1,1237727,1641905874.15116,0
757.31,4.36,0,0,41.1,1237740,1641905874.16388,0
757.31,4.36,0,-0.01,41.1,1237753,1641905874.17509,0
757.31,4.36,0,-0.01,41.1,1237767,1641905874.18803,0
757.31,4.36,0,-0.01,41.1,1237779,1641905874.19976,0
757.31,4.36,0,0,41.1,1237792,1641905874.21238,0
757.31,4.36,0,0,41.1,1237805,1641905874.22512,0
757.31,4.36,0,-0.01,41.1,1237818,1641905874.24134,0
757.31,4.36,0,-0.01,41.1,1237831,1641905874.2537,0
757.31,4.36,0,-0.01,41.1,1237843,1641905874.26509,0
757.31,4.36,0,0,41.1,1237857,1641905874.27745,0
757.31,4.36,0,-0.01,41.1,1237870,1641905874.28986,0
757.31,4.36,0,-0.01,41.1,1237883,1641905874.30702,0
757.31,4.36,0,-0.01,41.1,1237896,1641905874.31841,0
757.31,4.36,0,-0.01,41.1,1237909,1641905874.33052,0
757.31,4.36,0,0,41.1,1237922,1641905874.343,0
757.31,4.36,0,-0.01,41.1,1237935,1641905874.35537,0
757.31,4.36,0,-0.01,41.1,1237948,1641905874.36769,0
757.31,4.36,0,-0.01,41.1,1237961,1641905874.38418,0
757.31,4.36,0,0,41.1,1237974,1641905874.39729,0
757.31,4.36,0,0,41.1,1237987,1641905874.40896,0
757.31,4.36,0,-0.01,41.1,1238000,1641905874.4212,0
757.31,4.36,0,-0.01,41.1,1238012,1641905874.44138,0
757.31,4.36,0,-0.01,41.1,1238026,1641905874.45048,0
757.31,4.36,0,0,41.1,1238039,1641905874.46278,0
757.31,4.36,0,-0.01,41.1,1238051,1641905874.47431,0
757.31,4.36,0,-0.01,41.1,1238065,1641905874.48708,0
757.31,4.36,0,-0.01,41.1,1238078,1641905874.50593,0
757.31,4.36,0,0,41.1,1238090,1641905874.51204,0
757.31,4.36,0,0,41.1,1238104,1641905874.52367,0
757.31,4.36,0,-0.01,41.1,1238117,1641905874.53949,0
757.31,4.36,0,-0.01,41.1,1238129,1641905874.55186,0
757.31,4.36,0,-0.01,41.1,1238142,1641905874.56418,0
757.31,4.36,0,0,41.1,1238156,1641905874.57629,0
757.31,4.36,0,-0.01,41.1,1238168,1641905874.58869,0
757.31,4.36,0,-0.01,41.1,1238181,1641905874.60563,0
757.31,4.36,0,-0.01,41.1,1238195,1641905874.61764,0
757.31,4.36,0,0,41.1,1238207,1641905874.63519,0
757.31,4.36,0,0,41.1,1238220,1641905874.64729,0
757.31,4.36,0,-0.01,41.1,1238234,1641905874.65618,0
757.31,4.36,0,-0.01,41.1,1238246,1641905874.66734,0
757.31,4.36,0,-0.01,41.1,1238259,1641905874.68295,0
757.31,4.36,0,0,41.1,1238273,1641905874.6953,0
757.31,4.36,0,-0.01,41.1,1238285,1641905874.708,0
757.31,4.36,0,-0.01,41.1,1238298,1641905874.7194,0
757.31,4.36,0,-0.01,41.1,1238311,1641905874.73182,0
757.31,4.36,0,0,41.1,1238324,1641905874.74427,0
757.31,4.36,0,0,41.1,1238337,1641905874.76022,0
757.31,4.36,0,-0.01,41.1,1238350,1641905874.77286,0
757.31,4.36,0,-0.01,41.1,1238363,1641905874.78548,0
757.31,4.36,0,-0.01,41.1,1238376,1641905874.79794,0
757.31,4.36,0,0,41.1,1238388,1641905874.81577,0
757.31,4.36,0,-0.01,41.1,1238402,1641905874.82422,0
757.31,4.36,0,-0.01,41.1,1238415,1641905874.83866,0
757.31,4.36,0,-0.01,41.1,1238428,1641905874.85081,0
757.31,4.36,0,0,41.1,1238440,1641905874.86332,0
757.31,4.36,0,0,41.1,1238454,1641905874.87575,0
757.31,4.36,0,-0.01,41.1,1238467,1641905874.88808,0
757.31,4.36,0,-0.01,41.1,1238479,1641905874.90979,0
757.31,4.36,0,-0.01,41.1,1238493,1641905874.91624,0
757.31,4.36,0,0,41.1,1238505,1641905874.92838,0
757.31,4.36,0,-0.01,41.1,1238518,1641905874.94063,0
757.31,4.36,0,-0.01,41.1,1238532,1641905874.95335,0
757.31,4.36,0,-0.01,41.1,1238545,1641905874.96585,0
757.31,4.36,0,0,41.1,1238557,1641905874.97824,0
757.31,4.36,0,0,41.1,1238571,1641905874.99397,0
757.31,4.36,0,-0.01,41.1,1238584,1641905875.00708,0
757.31,4.36,0,-0.01,41.1,1238596,1641905875.01868,0
757.31,4.36,0,-0.01,41.1,1238609,1641905875.03107,0
757.31,4.36,0,0,41.1,1238622,1641905875.04361,0
757.31,4.36,0,-0.01,41.1,1238635,1641905875.05607,0
757.31,4.36,0,-0.01,41.1,1238648,1641905875.07221,0
757.31,4.36,0,-0.01,41.1,1238662,1641905875.08433,0
757.31,4.36,0,0,41.1,1238674,1641905875.09662,0
757.31,4.36,0,0,41.1,1238687,1641905875.10912,0
757.31,4.36,0,-0.01,41.1,1238700,1641905875.13108,0
757.31,4.36,0,-0.01,41.1,1238713,1641905875.13789,0
757.31,4.36,0,-0.01,41.1,1238726,1641905875.15221,0
757.31,4.36,0,0,41.1,1238738,1641905875.16167,0
757.31,4.36,0,-0.01,41.1,1238752,1641905875.17409,0
757.31,4.36,0,-0.01,41.1,1238765,1641905875.18767,0
757.31,4.36,0,-0.01,41.1,1238777,1641905875.19984,0
757.31,4.36,0,0,41.1,1238791,1641905875.21124,0
757.31,4.36,0,0,41.1,1238803,1641905875.22728,0
757.31,4.36,0,-0.01,41.1,1238816,1641905875.24059,0
757.31,4.36,0,-0.01,41.1,1238830,1641905875.25279,0
757.31,4.36,0,-0.01,41.1,1238842,1641905875.26532,0
757.31,4.36,0,0,41.1,1238855,1641905875.27652,0
757.31,4.36,0,-0.01,41.1,1238868,1641905875.29696,0
757.31,4.36,0,-0.01,41.1,1238882,1641905875.30554,0
757.31,4.36,0,-0.01,41.1,1238894,1641905875.31861,0
757.31,4.36,0,0,41.1,1238907,1641905875.32986,0
757.31,4.36,0,0,41.1,1238920,1641905875.34237,0
757.31,4.36,0,-0.01,41.1,1238933,1641905875.35459,0
757.31,4.36,0,-0.01,41.1,1238946,1641905875.37194,0
757.31,4.36,0,-0.01,41.1,1238959,1641905875.39256,0
757.31,4.36,0,0,41.1,1238972,1641905875.39618,0
757.31,4.36,0,0,41.1,1238984,1641905875.40865,0
757.31,4.36,0,-0.01,41.1,1238998,1641905875.42111,0
757.31,4.36,0,-0.01,41.1,1239011,1641905875.43297,0
757.31,4.36,0,0,41.1,1239023,1641905875.44419,0
757.31,4.36,0,0,41.1,1239036,1641905875.46138,0
757.31,4.36,0,-0.01,41.1,1239050,1641905875.47366,0
757.31,4.36,0,-0.01,41.1,1239062,1641905875.48575,0
757.31,4.36,0,-0.01,41.1,1239075,1641905875.49817,0
757.31,4.36,0,0,41.1,1239088,1641905875.51049,0
757.31,4.36,0,-0.01,41.1,1239101,1641905875.52367,0
757.31,4.36,0,-0.01,41.1,1239114,1641905875.53904,0
757.31,4.36,0,-0.01,41.1,1239127,1641905875.55142,0
757.31,4.36,0,0,41.1,1239140,1641905875.56369,0
757.31,4.36,0,0,41.1,1239153,1641905875.57575,0
757.31,4.36,0,-0.01,41.1,1239165,1641905875.58812,0
757.31,4.36,0,-0.01,41.1,1239179,1641905875.60049,0
757.31,4.36,0,-0.01,41.1,1239192,1641905875.61799,0
757.31,4.36,0,0,41.1,1239204,1641905875.62851,0
757.31,4.36,0,0,41.1,1239218,1641905875.64651,0
757.31,4.36,0,-0.01,41.1,1239230,1641905875.65292,0
757.31,4.36,0,-0.01,41.1,1239243,1641905875.66564,0
757.31,4.36,0,0,41.1,1239257,1641905875.67801,0
757.31,4.36,0,0,41.1,1239269,1641905875.69054,0
757.31,4.36,0,-0.01,41.1,1239282,1641905875.7077,0
757.31,4.36,0,-0.01,41.1,1239296,1641905875.71938,0
757.31,4.36,0,-0.01,41.1,1239308,1641905875.73197,0
757.31,4.36,0,0,41.1,1239321,1641905875.75274,0
757.31,4.36,0,-0.01,41.1,1239333,1641905875.76362,0
757.31,4.36,0,-0.01,41.1,1239347,1641905875.76935,0
757.31,4.36,0,-0.01,41.1,1239360,1641905875.78491,0
757.31,4.36,0,0,41.1,1239372,1641905875.79703,0
757.31,4.36,0,0,41.1,1239386,1641905875.80937,0
757.31,4.36,0,-0.01,41.1,1239399,1641905875.82156,0
757.31,4.36,0,-0.01,41.1,1239411,1641905875.83371,0
757.31,4.36,0,-0.01,41.1,1239425,1641905875.846,0
757.31,4.36,0,0,41.1,1239437,1641905875.86319,0
757.31,4.36,0,-0.01,41.1,1239450,1641905875.87426,0
757.31,4.36,0,-0.01,41.1,1239463,1641905875.88659,0
757.31,4.36,0,-0.01,41.1,1239477,1641905875.89886,0
757.31,4.36,0,0,41.1,1239489,1641905875.91149,0
757.31,4.36,0,0,41.1,1239502,1641905875.92462,0
757.31,4.36,0,-0.01,41.1,1239516,1641905875.9408,0
757.31,4.36,0,-0.01,41.1,1239528,1641905875.95316,0
757.31,4.36,0,-0.01,41.1,1239541,1641905875.96552,0
757.31,4.36,0,0,41.1,1239554,1641905875.97681,0
757.31,4.36,0,0,41.1,1239567,1641905875.98934,0
757.31,4.36,0,-0.01,41.1,1239580,1641905876.00172,0
757.31,4.36,0,-0.01,41.1,1239592,1641905876.01755,0
757.31,4.36,0,0,41.1,1239606,1641905876.03,0
757.31,4.36,0,0,41.1,1239618,1641905876.04235,0
757.31,4.36,0,-0.01,41.1,1239631,1641905876.05452,0
757.31,4.36,0,-0.01,41.1,1239645,1641905876.06687,0
757.31,4.36,0,-0.01,41.1,1239657,1641905876.07938,0
757.31,4.36,0,0,41.1,1239670,1641905876.0968,0
757.31,4.36,0,-0.01,41.1,1239684,1641905876.11425,0
757.31,4.36,0,-0.01,41.1,1239696,1641905876.12132,0
757.31,4.36,0,-0.01,41.1,1239709,1641905876.13364,0
757.31,4.36,0,0,41.1,1239721,1641905876.1452,0
757.31,4.36,0,0,41.1,1239735,1641905876.15727,0
757.31,4.36,0,-0.01,41.1,1239748,1641905876.16949,0
757.31,4.36,0,-0.01,41.1,1239760,1641905876.18631,0
757.31,4.36,0,-0.01,41.1,1239774,1641905876.19881,0
757.31,4.36,0,0,41.1,1239786,1641905876.21204,0
757.31,4.36,0,-0.01,41.1,1239799,1641905876.2242,0
757.31,4.36,0,-0.01,41.1,1239813,1641905876.23612,0
757.31,4.36,0,-0.01,41.1,1239826,1641905876.25641,0
757.31,4.36,0,0,41.1,1239838,1641905876.26576,0
757.31,4.36,0,0,41.1,1239852,1641905876.27656,0
757.31,4.36,0,-0.01,41.1,1239864,1641905876.28962,0
757.31,4.36,0,-0.01,41.1,1239877,1641905876.30067,0
757.31,4.36,0,-0.01,41.1,1239890,1641905876.31306,0
757.31,4.36,0,0,41.1,1239903,1641905876.32598,0
757.31,4.36,0,-0.01,41.1,1239916,1641905876.34185,0
757.31,4.36,0,-0.01,41.1,1239929,1641905876.35434,0
757.31,4.36,0,-0.01,41.1,1239942,1641905876.36687,0
757.31,4.36,0,0,41.1,1239955,1641905876.37922,0
757.31,4.36,0,0,41.1,1239967,1641905876.39041,0
757.31,4.36,0,-0.01,41.1,1239981,1641905876.4029,0
757.31,4.36,0,-0.01,41.1,1239994,1641905876.41947,0
757.31,4.36,0,-0.01,41.1,1240006,1641905876.43245,0
757.31,4.36,0,0,41.1,1240019,1641905876.44363,0
757.31,4.36,0,-0.01,41.1,1240033,1641905876.45593,0
757.31,4.36,0,-0.01,41.1,1240046,1641905876.47731,0
757.31,4.36,0,-0.01,41.1,1240058,1641905876.48364,0
757.31,4.36,0,0,41.1,1240072,1641905876.49732,0
757.31,4.36,0,0,41.1,1240084,1641905876.50984,0
757.31,4.36,0,-0.01,41.1,1240097,1641905876.5226,0
757.31,4.36,0,-0.01,41.1,1240111,1641905876.53577,0
757.31,4.36,0,-0.01,41.1,1240123,1641905876.54712,0
757.31,4.36,0,0,41.1,1240136,1641905876.55935,0
757.31,4.36,0,0,41.1,1240148,1641905876.57473,0
757.31,4.36,0,-0.01,41.1,1240162,1641905876.58702,0
757.31,4.36,0,-0.01,41.1,1240175,1641905876.59927,0
757.31,4.36,0,0,41.1,1240187,1641905876.61165,0
757.31,4.36,0,0,41.1,1240201,1641905876.62474,0
757.31,4.36,0,-0.01,41.1,1240214,1641905876.64594,0
757.31,4.36,0,-0.01,41.1,1240226,1641905876.65552,0
757.31,4.36,0,-0.01,41.1,1240240,1641905876.66628,0
757.31,4.36,0,0,41.1,1240252,1641905876.67786,0
757.31,4.36,0,-0.01,41.1,1240265,1641905876.69251,0
757.31,4.36,0,-0.01,41.1,1240279,1641905876.70302,0
757.31,4.36,0,-0.01,41.1,1240292,1641905876.71489,0
757.31,4.36,0,0,41.1,1240304,1641905876.73055,0
757.31,4.36,0,0,41.1,1240317,1641905876.74306,0
757.31,4.36,0,-0.01,41.1,1240330,1641905876.75541,0
757.31,4.36,0,-0.01,41.1,1240343,1641905876.76783,0
757.31,4.36,0,-0.01,41.1,1240356,1641905876.78045,0
757.31,4.36,0,0,41.1,1240369,1641905876.79171,0
757.31,4.36,0,-0.01,41.1,1240382,1641905876.80816,0
757.31,4.36,0,-0.01,41.1,1240395,1641905876.82072,0
757.31,4.36,0,-0.01,41.1,1240408,1641905876.84126,0
757.31,4.36,0,0,41.1,1240421,1641905876.85065,0
757.31,4.36,0,0,41.1,1240433,1641905876.85847,0
757.31,4.36,0,0,41.1,1240445,1641905876.87036,0
757.31,4.36,0,0,41.1,1240458,1641905876.88287,0
757.31,4.36,0,0,41.1,1240470,1641905876.90036,0
757.31,4.36,0,0,41.1,1240482,1641905876.91407,0
757.31,4.36,0,0,41.1,1240496,1641905876.91958,0
757.31,4.36,0,0,41.1,1240508,1641905876.93202,0
757.31,4.36,0,0,41.1,1240520,1641905876.94428,0
757.31,4.36,0,0,41.1,1240532,1641905876.9558,0
757.31,4.36,0,0,41.1,1240546,1641905876.96821,0
757.31,4.36,0,0,41.1,1240558,1641905876.9851,0
757.31,4.36,0,0,41.1,1240570,1641905876.99765,0
757.31,4.36,0,0,41.1,1240583,1641905877.00886,0
757.31,4.36,0,0,41.1,1240595,1641905877.02107,0
757.31,4.36,0,0,41.1,1240608,1641905877.03371,0
757.31,4.36,0,0,41.1,1240621,1641905877.04625,0
757.31,4.36,0,0,41.1,1240633,1641905877.05815,0
757.31,4.36,0,0,41.1,1240645,1641905877.07096,0
757.31,4.36,0,0,41.1,1240658,1641905877.08355,0
757.31,4.36,0,0,41.1,1240671,1641905877.09579,0
757.31,4.36,0,0,41.1,1240683,1641905877.10808,0
757.31,4.36,0,0,41.1,1240695,1641905877.1204,0
757.31,4.36,0,0,41.1,1240708,1641905877.13296,0
757.31,4.36,0,0,41.1,1240721,1641905877.14516,0
757.31,4.36,0,0,41.1,1240733,1641905877.15649,0
757.31,4.36,0,0,41.1,1240745,1641905877.16885,0
757.31,4.36,0,0,41.1,1240758,1641905877.18132,0
757.31,4.36,0,0,41.1,1240771,1641905877.19825,0
757.31,4.36,0,0,41.1,1240783,1641905877.21039,0
757.31,4.36,0,0,41.1,1240796,1641905877.22338,0
757.31,4.36,0,0,41.1,1240808,1641905877.23687,0
757.31,4.36,0,0,41.1,1240820,1641905877.24837,0
757.31,4.36,0,0,41.1,1240834,1641905877.25913,0
757.31,4.36,0,0,41.1,1240846,1641905877.27158,0
757.31,4.36,0,0,41.1,1240858,1641905877.28397,0
757.31,4.36,0,0,41.1,1240870,1641905877.29611,0
757.31,4.36,0,0,41.1,1240884,1641905877.30827,0
757.31,4.36,0,0,41.1,1240896,1641905877.32052,0
757.31,4.36,0,0,41.1,1240908,1641905877.33279,0
757.31,4.36,0,0,41.1,1240921,1641905877.3451,0
757.31,4.36,0,0,41.1,1240933,1641905877.35777,0
757.31,4.36,0,0,41.1,1240946,1641905877.37022,0
757.31,4.36,0,0,41.1,1240958,1641905877.38172,0
757.31,4.36,0,0,41.1,1240971,1641905877.39788,0
757.31,4.36,0,0,41.1,1240983,1641905877.41006,0
757.31,4.36,0,0,41.1,1240995,1641905877.42326,0
757.31,4.36,0,0,41.1,1241009,1641905877.43527,0
757.31,4.36,0,0,41.1,1241021,1641905877.44754,0
757.31,4.36,0,0,41.1,1241033,1641905877.45984,0
757.31,4.36,0,0,41.1,1241046,1641905877.4775,0
757.31,4.36,0,0,41.1,1241059,1641905877.48722,0
757.31,4.36,0,0,41.1,1241071,1641905877.49752,0
757.31,4.36,0,0,41.1,1241083,1641905877.50903,0
757.31,4.36,0,0,41.1,1241096,1641905877.52121,0
757.31,4.36,0,0,41.1,1241109,1641905877.53477,0
757.31,4.36,0,0,41.1,1241121,1641905877.54626,0
757.31,4.36,0,0,41.1,1241134,1641905877.55879,0
757.31,4.36,0,0,41.1,1241146,1641905877.57039,0
757.31,4.36,0,0,41.1,1241158,1641905877.58288,0
757.31,4.36,0,0,41.1,1241171,1641905877.59482,0
757.31,4.36,0,0,41.1,1241184,1641905877.61136,0
757.31,4.36,0,0,41.1,1241196,1641905877.6241,0
757.31,4.36,0,0,41.1,1241208,1641905877.6364,0
757.31,4.36,0,0,41.1,1241222,1641905877.64878,0
757.31,4.36,0,0,41.1,1241234,1641905877.66116,0
757.31,4.36,0,0,41.1,1241246,1641905877.67244,0
757.31,4.36,0,0,41.1,1241259,1641905877.68566,0
757.31,4.36,0,0,41.1,1241272,1641905877.69772,0
757.31,4.36,0,0,41.1,1241284,1641905877.70964,0
757.31,4.36,0,0,41.1,1241296,1641905877.72204,0
757.31,4.36,0,0,41.1,1241309,1641905877.7341,0
757.31,4.36,0,0,41.1,1241322,1641905877.74645,0
757.31,4.36,0,0,41.1,1241334,1641905877.75874,0
757.31,4.36,0,0,41.1,1241347,1641905877.77096,0
757.31,4.36,0,0,41.1,1241359,1641905877.78357,0
757.31,4.36,0,0,41.1,1241371,1641905877.80898,0
757.31,4.36,0,0,41.1,1241384,1641905877.81922,0
757.31,4.36,0,0,41.1,1241397,1641905877.82517,0
757.31,4.36,0,0,41.1,1241409,1641905877.83734,0
757.31,4.36,0,0,41.1,1241421,1641905877.84955,0
757.31,4.36,0,0,41.1,1241435,1641905877.86167,0
757.31,4.36,0,0,41.1,1241447,1641905877.87412,0
757.31,4.36,0,0,41.1,1241459,1641905877.88576,0
757.31,4.36,0,0,41.1,1241472,1641905877.89846,0
757.31,4.36,0,0,41.1,1241485,1641905877.91052,0
757.31,4.36,0,0,41.1,1241497,1641905877.92357,0
757.31,4.36,0,0,41.1,1241509,1641905877.93464,0
757.31,4.36,0,0,41.1,1241522,1641905877.9477,0
757.31,4.36,0,0,41.1,1241534,1641905877.95985,0
757.31,4.36,0,0,41.1,1241547,1641905877.97301,0
757.31,4.36,0,0,41.1,1241560,1641905877.98488,0
757.31,4.36,0,0,41.1,1241572,1641905877.99707,0
757.31,4.36,0,0,41.1,1241584,1641905878.01271,0
757.31,4.36,0,0,41.1,1241596,1641905878.02505,0
757.31,4.36,0,0,41.1,1241610,1641905878.03767,0
757.31,4.36,0,0,41.1,1241622,1641905878.04994,0
757.31,4.36,0,0,41.1,1241634,1641905878.07052,0
757.31,4.36,0,0,41.1,1241647,1641905878.07958,0
757.31,4.36,0,0,41.1,1241659,1641905878.08742,0
757.31,4.36,0,0,41.1,1241672,1641905878.09858,0
757.31,4.36,0,0,41.1,1241684,1641905878.11075,0
757.31,4.36,0,0,41.1,1241697,1641905878.12362,0
757.31,4.36,0,0,41.1,1241709,1641905878.13559,0
757.31,4.36,0,-0.01,41.1,1241722,1641905878.14802,0
757.31,4.36,0,0,41.1,1241735,1641905878.16064,0
757.31,4.36,0,0,41.1,1241747,1641905878.17197,0
757.31,4.36,0,-0.01,41.1,1241760,1641905878.18963,0
757.31,4.36,0,-0.01,41.1,1241774,1641905878.2015,0
757.31,4.36,0,0,41.1,1241786,1641905878.21909,0
757.31,4.36,0,0,41.1,1241798,1641905878.22943,0
757.31,4.36,0,-0.01,41.1,1241811,1641905878.2387,0
757.31,4.36,0,-0.01,41.1,1241825,1641905878.25023,0
757.31,4.36,0,-0.01,41.1,1241837,1641905878.26293,0
757.31,4.36,0,0,41.1,1241850,1641905878.27873,0
757.31,4.36,0,0,41.1,1241863,1641905878.29197,0
757.31,4.36,0,-0.01,41.1,1241876,1641905878.31048,0
757.31,4.36,0,-0.01,41.1,1241889,1641905878.31742,0
757.31,4.36,0,0,41.1,1241902,1641905878.32866,0
757.31,4.36,0,0,41.1,1241915,1641905878.34105,0
757.31,4.36,0,-0.01,41.1,1241928,1641905878.35355,0
757.31,4.36,0,-0.01,41.1,1241940,1641905878.37512,0
757.31,4.36,0,-0.01,41.1,1241954,1641905878.38508,0
757.31,4.36,0,0,41.1,1241966,1641905878.39446,0
757.31,4.36,0,0,41.1,1241979,1641905878.40579,0
757.31,4.36,0,-0.01,41.1,1241993,1641905878.4181,0
757.31,4.36,0,-0.01,41.1,1242005,1641905878.43049,0
757.31,4.36,0,0,41.1,1242018,1641905878.44753,0
757.31,4.36,0,0,41.1,1242031,1641905878.46398,0
757.31,4.36,0,-0.01,41.1,1242044,1641905878.47506,0
757.31,4.36,0,-0.01,41.1,1242057,1641905878.48448,0
757.31,4.36,0,-0.01,41.1,1242070,1641905878.49672,0
757.31,4.36,0,0,41.1,1242083,1641905878.50836,0
757.31,4.36,0,0,41.1,1242095,1641905878.52214,0
757.31,4.36,0,-0.01,41.1,1242108,1641905878.54216,0
757.31,4.36,0,-0.01,41.1,1242122,1641905878.55378,0
757.31,4.36,0,0,41.1,1242134,1641905878.56478,0
757.31,4.36,0,0,41.1,1242147,1641905878.57482,0
757.31,4.36,0,-0.01,41.1,1242161,1641905878.58857,0
757.31,4.36,0,-0.01,41.1,1242173,1641905878.59837,0
757.31,4.36,0,-0.01,41.1,1242186,1641905878.61428,0
757.31,4.36,0,0,41.1,1242199,1641905878.62874,0
757.31,4.36,0,-0.01,41.1,1242212,1641905878.64314,0
757.31,4.36,0,-0.01,41.1,1242225,1641905878.65281,0
757.31,4.36,0,-0.01,41.1,1242237,1641905878.66469,0
757.31,4.36,0,0,41.1,1242251,1641905878.67607,0
757.31,4.36,0,0,41.1,1242263,1641905878.69332,0
757.31,4.36,0,-0.01,41.1,1242276,1641905878.70572,0
757.31,4.36,0,-0.01,41.1,1242290,1641905878.71692,0
757.31,4.36,0,-0.01,41.1,1242302,1641905878.729,0
757.31,4.36,0,0,41.1,1242315,1641905878.74171,0
757.31,4.36,0,0,41.1,1242329,1641905878.75407,0
757.31,4.36,0,-0.01,41.1,1242341,1641905878.76999,0
757.31,4.36,0,-0.01,41.1,1242354,1641905878.78351,0
757.31,4.36,0,0,41.1,1242366,1641905878.79471,0
757.31,4.36,0,0,41.1,1242380,1641905878.80693,0
757.31,4.36,0,-0.01,41.1,1242393,1641905878.82,0
757.31,4.36,0,-0.01,41.1,1242405,1641905878.83282,0
757.31,4.36,0,-0.01,41.1,1242419,1641905878.84399,0
757.31,4.36,0,0,41.1,1242431,1641905878.86066,0
757.31,4.36,0,-0.01,41.1,1242444,1641905878.87345,0
757.31,4.36,0,-0.01,41.1,1242458,1641905878.88474,0
757.31,4.36,0,-0.01,41.1,1242471,1641905878.89717,0
757.31,4.36,0,0,41.1,1242483,1641905878.91056,0
757.31,4.36,0,0,41.1,1242497,1641905878.92287,0
757.31,4.36,0,-0.01,41.1,1242509,1641905878.93828,0
757.31,4.36,0,-0.01,41.1,1242522,1641905878.95053,0
757.31,4.36,0,-0.01,41.1,1242535,1641905878.96308,0
757.31,4.36,0,0,41.1,1242548,1641905878.97567,0
757.31,4.36,0,-0.01,41.1,1242561,1641905878.98834,0
757.31,4.36,0,-0.01,41.1,1242574,1641905879.00386,0
757.31,4.36,0,-0.01,41.1,1242587,1641905879.01707,0
757.31,4.36,0,0,41.1,1242600,1641905879.0287,0
757.31,4.36,0,0,41.1,1242612,1641905879.04126,0
757.31,4.36,0,-0.01,41.1,1242626,1641905879.05277,0
757.31,4.36,0,-0.01,41.1,1242639,1641905879.06507,0
757.31,4.36,0,-0.01,41.1,1242651,1641905879.07761,0
757.31,4.36,0,0,41.1,1242664,1641905879.09474,0
757.31,4.36,0,-0.01,41.1,1242678,1641905879.10609,0
757.31,4.36,0,-0.01,41.1,1242690,1641905879.11857,0
757.31,4.36,0,-0.01,41.1,1242703,1641905879.13051,0
757.31,4.36,0,0,41.1,1242716,1641905879.14319,0
757.31,4.36,0,0,41.1,1242729,1641905879.15548,0
757.31,4.36,0,-0.01,41.1,1242742,1641905879.17148,0
757.31,4.36,0,-0.01,41.1,1242755,1641905879.18735,0
757.31,4.36,0,-0.01,41.1,1242768,1641905879.19889,0
757.31,4.36,0,0,41.1,1242780,1641905879.20931,0
757.31,4.36,0,-0.01,41.1,1242793,1641905879.22068,0
757.31,4.36,0,-0.01,41.1,1242807,1641905879.23576,0
757.31,4.36,0,-0.01,41.1,1242820,1641905879.25004,0
757.31,4.36,0,0,41.1,1242832,1641905879.26267,0
757.31,4.36,0,0,41.1,1242846,1641905879.27889,0
757.31,4.36,0,-0.01,41.1,1242858,1641905879.28774,0
757.31,4.36,0,-0.01,41.1,1242871,1641905879.29881,0
757.31,4.36,0,-0.01,41.1,1242885,1641905879.31127,0
757.31,4.36,0,0,41.1,1242897,1641905879.32757,0
757.31,4.36,0,-0.01,41.1,1242910,1641905879.34102,0
757.31,4.36,0,-0.01,41.1,1242924,1641905879.35238,0
757.31,4.36,0,-0.01,41.1,1242936,1641905879.36465,0
757.31,4.36,0,0,41.1,1242949,1641905879.37678,0
757.31,4.36,0,0,41.1,1242961,1641905879.38898,0
757.31,4.36,0,-0.01,41.1,1242975,1641905879.40134,0
757.31,4.36,0,-0.01,41.1,1242988,1641905879.41718,0
757.31,4.36,0,0,41.1,1243000,1641905879.4297,0
757.31,4.36,0,0,41.1,1243014,1641905879.4424,0
757.31,4.36,0,-0.01,41.1,1243026,1641905879.45479,0
757.31,4.36,0,-0.01,41.1,1243039,1641905879.4724,0
757.31,4.36,0,-0.01,41.1,1243053,1641905879.48244,0
757.31,4.36,0,0,41.1,1243065,1641905879.49619,0
757.31,4.36,0,0,41.1,1243078,1641905879.50762,0
757.31,4.36,0,-0.01,41.1,1243090,1641905879.51953,0
757.31,4.36,0,-0.01,41.1,1243104,1641905879.53193,0
757.31,4.36,0,0,41.1,1243116,1641905879.54463,0
757.31,4.36,0,0,41.1,1243129,1641905879.56213,0
757.31,4.36,0,-0.01,41.1,1243143,1641905879.57192,0
757.31,4.36,0,-0.01,41.1,1243155,1641905879.58621,0
757.31,4.36,0,-0.01,41.1,1243168,1641905879.59844,0
757.31,4.36,0,0,41.1,1243181,1641905879.61142,0
757.31,4.36,0,0,41.1,1243194,1641905879.62342,0
757.31,4.36,0,-0.01,41.1,1243207,1641905879.63514,0
757.31,4.36,0,-0.01,41.1,1243219,1641905879.64772,0
757.31,4.36,0,0,41.1,1243233,1641905879.65924,0
757.31,4.36,0,0,41.1,1243245,1641905879.67592,0
757.31,4.36,0,-0.01,41.1,1243258,1641905879.68821,0
757.31,4.36,0,-0.01,41.1,1243271,1641905879.70034,0
757.31,4.36,0,-0.01,41.1,1243284,1641905879.71283,0
757.31,4.36,0,0,41.1,1243297,1641905879.72494,0
757.31,4.36,0,0,41.1,1243310,1641905879.73755,0
757.31,4.36,0,-0.01,41.1,1243323,1641905879.75362,0
757.31,4.36,0,-0.01,41.1,1243335,1641905879.7661,0
757.31,4.36,0,0,41.1,1243348,1641905879.77854,0
757.31,4.36,0,0,41.1,1243361,1641905879.79074,0
757.31,4.36,0,-0.01,41.1,1243374,1641905879.80291,0
757.31,4.36,0,-0.01,41.1,1243387,1641905879.81495,0
757.31,4.36,0,0,41.1,1243400,1641905879.82702,0
757.31,4.36,0,0,41.1,1243413,1641905879.84371,0
757.31,4.36,0,-0.01,41.1,1243425,1641905879.85632,0
757.31,4.36,0,-0.01,41.1,1243439,1641905879.86876,0
757.31,4.36,0,-0.01,41.1,1243452,1641905879.88546,0
757.31,4.36,0,0,41.1,1243464,1641905879.89818,0
757.31,4.36,0,0,41.1,1243478,1641905879.90708,0
757.31,4.36,0,-0.01,41.1,1243490,1641905879.91776,0
757.31,4.36,0,-0.01,41.1,1243503,1641905879.93441,0
757.31,4.36,0,0,41.1,1243515,1641905879.94651,0
757.31,4.36,0,0,41.1,1243529,1641905879.9588,0
757.31,4.36,0,-0.01,41.1,1243542,1641905879.97135,0
757.31,4.36,0,-0.01,41.1,1243554,1641905879.98307,0
757.31,4.36,0,-0.01,41.1,1243568,1641905879.99496,0
757.31,4.36,0,0,41.1,1243580,1641905880.01156,0
757.31,4.36,0,0,41.1,1243593,1641905880.0246,0
757.31,4.36,0,-0.01,41.1,1243607,1641905880.03639,0
757.31,4.36,0,-0.01,41.1,1243619,1641905880.04884,0
757.31,4.36,0,0,41.1,1243631,1641905880.06129,0
757.31,4.36,0,0,41.1,1243644,1641905880.07378,0
757.31,4.36,0,-0.01,41.1,1243658,1641905880.08506,0
757.31,4.36,0,-0.01,41.1,1243670,1641905880.10191,0
757.31,4.36,0,-0.01,41.1,1243683,1641905880.11432,0
757.31,4.36,0,0,41.1,1243697,1641905880.12686,0
757.31,4.36,0,0,41.1,1243709,1641905880.13824,0
757.31,4.36,0,-0.01,41.1,1243722,1641905880.15086,0
757.31,4.36,0,-0.01,41.1,1243735,1641905880.16358,0
757.31,4.36,0,0,41.1,1243748,1641905880.1793,0
757.31,4.36,0,0,41.1,1243761,1641905880.19166,0
757.31,4.36,0,-0.01,41.1,1243773,1641905880.20485,0
757.31,4.36,0,-0.01,41.1,1243787,1641905880.22251,0
757.31,4.36,0,-0.01,41.1,1243799,1641905880.23106,0
757.31,4.36,0,0,41.1,1243812,1641905880.2428,0
757.31,4.36,0,0,41.1,1243826,1641905880.25408,0
757.31,4.36,0,-0.01,41.1,1243838,1641905880.26991,0
757.31,4.36,0,-0.01,41.1,1243851,1641905880.28241,0
757.31,4.36,0,0,41.1,1243864,1641905880.29454,0
757.31,4.36,0,0,41.1,1243877,1641905880.30756,0
757.31,4.36,0,-0.01,41.1,1243890,1641905880.31925,0
757.31,4.36,0,-0.01,41.1,1243902,1641905880.3317,0
757.31,4.36,0,-0.01,41.1,1243916,1641905880.34748,0
757.31,4.36,0,0,41.1,1243929,1641905880.36002,0
757.31,4.36,0,-0.01,41.1,1243941,1641905880.37263,0
757.31,4.36,0,-0.01,41.1,1243955,1641905880.39325,0
757.31,4.36,0,-0.01,41.1,1243968,1641905880.40504,0
757.31,4.36,0,0,41.1,1243980,1641905880.4118,0
757.31,4.36,0,0,41.1,1243994,1641905880.42587,0
757.31,4.36,0,-0.01,41.1,1244007,1641905880.43693,0
757.31,4.36,0,-0.01,41.1,1244019,1641905880.44941,0
757.31,4.36,0,-0.01,41.1,1244033,1641905880.46215,0
757.31,4.36,0,0,41.1,1244045,1641905880.47422,0
757.31,4.36,0,-0.01,41.1,1244058,1641905880.4867,0
757.31,4.36,0,-0.01,41.1,1244071,1641905880.50367,0
757.31,4.36,0,-0.01,41.1,1244085,1641905880.51604,0
757.31,4.36,0,0,41.1,1244097,1641905880.52808,0
757.31,4.36,0,0,41.1,1244110,1641905880.5406,0
757.31,4.36,0,-0.01,41.1,1244123,1641905880.55203,0
757.31,4.36,0,-0.01,41.1,1244136,1641905880.56457,0
757.31,4.36,0,-0.01,41.1,1244149,1641905880.58042,0
757.31,4.36,0,0,41.1,1244162,1641905880.59371,0
757.31,4.36,0,-0.01,41.1,1244175,1641905880.60493,0
757.31,4.36,0,-0.01,41.1,1244188,1641905880.61725,0
757.31,4.36,0,-0.01,41.1,1244200,1641905880.63003,0
757.31,4.36,0,0,41.1,1244214,1641905880.64253,0
757.31,4.36,0,0,41.1,1244226,1641905880.65492,0
757.31,4.36,0,-0.01,41.1,1244239,1641905880.67052,0
757.31,4.36,0,-0.01,41.1,1244253,1641905880.68305,0
757.31,4.36,0,-0.01,41.1,1244265,1641905880.69622,0
757.31,4.36,0,0,41.1,1244278,1641905880.71931,0
757.31,4.36,0,-0.01,41.1,1244292,1641905880.72335,0
757.31,4.36,0,-0.01,41.1,1244304,1641905880.73676,0
757.31,4.36,0,-0.01,41.1,1244317,1641905880.74853,0
757.31,4.36,0,0,41.1,1244329,1641905880.76051,0
757.31,4.36,0,0,41.1,1244343,1641905880.77315,0
757.31,4.36,0,-0.01,41.1,1244356,1641905880.78538,0
757.31,4.36,0,-0.01,41.1,1244368,1641905880.79775,0
757.31,4.36,0,-0.01,41.1,1244382,1641905880.8106,0
757.31,4.36,0,0,41.1,1244394,1641905880.82606,0
757.31,4.36,0,-0.01,41.1,1244407,1641905880.84794,0
757.31,4.36,0,-0.01,41.1,1244421,1641905880.8586,0
757.31,4.36,0,-0.01,41.1,1244434,1641905880.86465,0
757.31,4.36,0,0,41.1,1244446,1641905880.87626,0
757.31,4.36,0,0,41.1,1244460,1641905880.8891,0
757.31,4.36,0,-0.01,41.1,1244472,1641905880.90461,0
757.31,4.36,0,-0.01,41.1,1244485,1641905880.91698,0
757.31,4.36,0,-0.01,41.1,1244498,1641905880.9297,0
757.31,4.36,0,0,41.1,1244511,1641905880.94228,0
757.31,4.36,0,-0.01,41.1,1244524,1641905880.95359,0
757.31,4.36,0,-0.01,41.1,1244537,1641905880.96618,0
757.31,4.36,0,-0.01,41.1,1244550,1641905880.98208,0
757.31,4.36,0,0,41.1,1244563,1641905880.99458,0
757.31,4.36,0,0,41.1,1244575,1641905881.00753,0
757.31,4.36,0,-0.01,41.1,1244589,1641905881.01948,0
757.31,4.36,0,-0.01,41.1,1244602,1641905881.03189,0
757.31,4.36,0,-0.01,41.1,1244614,1641905881.04369,0
757.31,4.36,0,0,41.1,1244627,1641905881.05982,0
757.31,4.36,0,-0.01,41.1,1244641,1641905881.08183,0
757.31,4.36,0,-0.01,41.1,1244653,1641905881.08642,0
757.31,4.36,0,-0.01,41.1,1244666,1641905881.09884,0
757.31,4.36,0,0,41.1,1244679,1641905881.10894,0
757.31,4.36,0,0,41.1,1244692,1641905881.12195,0
757.31,4.36,0,-0.01,41.1,1244705,1641905881.13737,0
757.31,4.36,0,-0.01,41.1,1244718,1641905881.15053,0
757.31,4.36,0,0,41.1,1244731,1641905881.16297,0
757.31,4.36,0,0,41.1,1244743,1641905881.17445,0
757.31,4.36,0,-0.01,41.1,1244756,1641905881.187,0
757.31,4.36,0,-0.01,41.1,1244770,1641905881.19912,0
757.31,4.36,0,-0.01,41.1,1244782,1641905881.21134,0
757.31,4.36,0,0,41.1,1244795,1641905881.22846,0
757.31,4.36,0,0,41.1,1244808,1641905881.24082,0
757.31,4.36,0,-0.01,41.1,1244821,1641905881.25319,0
757.31,4.36,0,-0.01,41.1,1244834,1641905881.26534,0
757.31,4.36,0,0,41.1,1244847,1641905881.27791,0
757.31,4.36,0,0,41.1,1244860,1641905881.28938,0
757.31,4.36,0,-0.01,41.1,1244872,1641905881.30165,0
757.31,4.36,0,-0.01,41.1,1244886,1641905881.31832,0
757.31,4.36,0,-0.01,41.1,1244898,1641905881.33082,0
757.31,4.36,0,0,41.1,1244911,1641905881.34332,0
757.31,4.36,0,0,41.1,1244924,1641905881.35568,0
757.31,4.36,0,-0.01,41.1,1244937,1641905881.36688,0
757.31,4.36,0,-0.01,41.1,1244950,1641905881.38926,0
757.31,4.36,0,0,41.1,1244962,1641905881.39855,0
757.31,4.36,0,0,41.1,1244976,1641905881.40867,0
757.31,4.36,0,-0.01,41.1,1244989,1641905881.42078,0
757.31,4.36,0,-0.01,41.1,1245001,1641905881.43318,0
757.31,4.36,0,-0.01,41.1,1245015,1641905881.4453,0
757.31,4.36,0,0,41.1,1245027,1641905881.45788,0
757.31,4.36,0,0,41.1,1245040,1641905881.46946,0
757.31,4.36,0,-0.01,41.1,1245053,1641905881.48616,0
757.31,4.36,0,-0.01,41.1,1245066,1641905881.49882,0
757.31,4.36,0,0,41.1,1245079,1641905881.51014,0
757.31,4.36,0,0,41.1,1245091,1641905881.52315,0
757.31,4.36,0,-0.01,41.1,1245105,1641905881.53527,0
757.31,4.36,0,-0.01,41.1,1245118,1641905881.54796,0
757.31,4.36,0,-0.01,41.1,1245130,1641905881.56368,0
757.31,4.36,0,0,41.1,1245144,1641905881.57634,0
757.31,4.36,0,0,41.1,1245156,1641905881.58935,0
757.31,4.36,0,-0.01,41.1,1245169,1641905881.60113,0
757.31,4.36,0,-0.01,41.1,1245182,1641905881.61364,0
757.31,4.36,0,0,41.1,1245195,1641905881.62502,0
757.31,4.36,0,0,41.1,1245208,1641905881.64189,0
757.31,4.36,0,-0.01,41.1,1245221,1641905881.65439,0
757.31,4.36,0,-0.01,41.1,1245234,1641905881.66687,0
757.31,4.36,0,-0.01,41.1,1245247,1641905881.67825,0
757.31,4.36,0,0,41.1,1245259,1641905881.69117,0
757.31,4.36,0,0,41.1,1245273,1641905881.70322,0
757.31,4.36,0,-0.01,41.1,1245286,1641905881.71558,0
757.31,4.36,0,-0.01,41.1,1245298,1641905881.73251,0
757.31,4.36,0,0,41.1,1245312,1641905881.74476,0
757.31,4.36,0,0,41.1,1245324,1641905881.7569,0
757.31,4.36,0,-0.01,41.1,1245337,1641905881.7683,0
757.31,4.36,0,-0.01,41.1,1245350,1641905881.78096,0
757.31,4.36,0,-0.01,41.1,1245363,1641905881.79363,0
757.31,4.36,0,0,41.1,1245376,1641905881.81543,0
757.31,4.36,0,-0.01,41.1,1245389,1641905881.82634,0
757.31,4.36,0,-0.01,41.1,1245402,1641905881.83528,0
757.31,4.36,0,-0.01,41.1,1245415,1641905881.8461,0
757.31,4.36,0,0,41.1,1245427,1641905881.8585,0
757.31,4.36,0,0,41.1,1245441,1641905881.87096,0
757.31,4.36,0,-0.01,41.1,1245454,1641905881.88904,0
757.31,4.36,0,-0.01,41.1,1245466,1641905881.90046,0
757.31,4.36,0,-0.01,41.1,1245479,1641905881.91301,0
757.31,4.36,0,0,41.1,1245492,1641905881.9239,0
757.31,4.36,0,-0.01,41.1,1245505,1641905881.9362,0
757.31,4.36,0,-0.01,41.1,1245518,1641905881.94852,0
757.31,4.36,0,-0.01,41.1,1245532,1641905881.96551,0
757.31,4.36,0,0,41.1,1245544,1641905881.9781,0
757.31,4.36,0,0,41.1,1245557,1641905881.99056,0
757.31,4.36,0,-0.01,41.1,1245570,1641905882.00316,0
757.31,4.36,0,-0.01,41.1,1245583,1641905882.01428,0
757.31,4.36,0,-0.01,41.1,1245596,1641905882.02641,0
757.31,4.36,0,0,41.1,1245608,1641905882.03876,0
757.31,4.36,0,-0.01,41.1,1245622,1641905882.05571,0
757.31,4.36,0,-0.01,41.1,1245635,1641905882.06788,0
757.31,4.36,0,-0.01,41.1,1245647,1641905882.08064,0
757.31,4.36,0,0,41.1,1245661,1641905882.093,0
757.31,4.36,0,0,41.1,1245673,1641905882.10417,0
757.31,4.36,0,-0.01,41.1,1245686,1641905882.12837,0
757.31,4.36,0,-0.01,41.1,1245700,1641905882.13449,0
757.31,4.36,0,-0.01,41.1,1245712,1641905882.14567,0
757.31,4.36,0,0,41.1,1245725,1641905882.15811,0
757.31,4.36,0,-0.01,41.1,1245739,1641905882.17023,0
757.31,4.36,0,-0.01,41.1,1245751,1641905882.18312,0
757.31,4.36,0,-0.01,41.1,1245764,1641905882.19521,0
757.31,4.36,0,0,41.1,1245776,1641905882.21121,0
757.31,4.36,0,0,41.1,1245790,1641905882.22359,0
757.31,4.36,0,-0.01,41.1,1245803,1641905882.23579,0
757.31,4.36,0,-0.01,41.1,1245815,1641905882.24794,0
757.31,4.36,0,-0.01,41.1,1245829,1641905882.26038,0
757.31,4.36,0,0,41.1,1245842,1641905882.27333,0
757.31,4.36,0,-0.01,41.1,1245854,1641905882.28906,0
757.31,4.36,0,-0.01,41.1,1245868,1641905882.30176,0
757.31,4.36,0,-0.01,41.1,1245881,1641905882.31427,0
757.31,4.36,0,0,41.1,1245893,1641905882.32604,0
757.31,4.36,0,0,41.1,1245906,1641905882.33821,0
757.31,4.36,0,-0.01,41.1,1245919,1641905882.35027,0
757.31,4.36,0,-0.01,41.1,1245932,1641905882.36701,0
757.31,4.36,0,-0.01,41.1,1245945,1641905882.37947,0
757.31,4.36,0,0,41.1,1245958,1641905882.39218,0
757.31,4.36,0,-0.01,41.1,1245971,1641905882.40359,0
757.31,4.36,0,-0.01,41.1,1245984,1641905882.41673,0
757.31,4.36,0,-0.01,41.1,1245997,1641905882.429,0
757.31,4.36,0,0,41.1,1246010,1641905882.44517,0
757.31,4.36,0,0,41.1,1246022,1641905882.45646,0
757.31,4.36,0,-0.01,41.1,1246035,1641905882.46889,0
757.31,4.36,0,-0.01,41.1,1246049,1641905882.48128,0
757.31,4.36,0,-0.01,41.1,1246061,1641905882.49398,0
757.31,4.36,0,0,41.1,1246074,1641905882.50651,0
757.31,4.36,0,-0.01,41.1,1246088,1641905882.52226,0
757.31,4.36,0,-0.01,41.1,1246100,1641905882.53512,0
757.31,4.36,0,-0.01,41.1,1246113,1641905882.55586,0
757.31,4.36,0,0,41.1,1246126,1641905882.56212,0
757.31,4.36,0,0,41.1,1246139,1641905882.57151,0
757.31,4.36,0,-0.01,41.1,1246152,1641905882.58446,0
757.31,4.36,0,-0.01,41.1,1246166,1641905882.59988,0
757.31,4.36,0,-0.01,41.1,1246178,1641905882.61219,0
757.31,4.36,0,0,41.1,1246191,1641905882.62441,0
757.31,4.36,0,-0.01,41.1,1246203,1641905882.63716,0
757.31,4.36,0,-0.01,41.1,1246217,1641905882.64948,0
757.31,4.36,0,-0.01,41.1,1246230,1641905882.66183,0
757.31,4.36,0,0,41.1,1246242,1641905882.67351,0
757.31,4.36,0,0,41.1,1246256,1641905882.69044,0
757.31,4.36,0,-0.01,41.1,1246269,1641905882.70298,0
757.31,4.36,0,-0.01,41.1,1246281,1641905882.71435,0
757.31,4.36,0,0,41.1,1246295,1641905882.73188,0
757.31,4.36,0,0,41.1,1246307,1641905882.74075,0
757.31,4.36,0,-0.01,41.1,1246320,1641905882.7533,0
757.31,4.36,0,-0.01,41.1,1246332,1641905882.7698,0
757.31,4.36,0,-0.01,41.1,1246346,1641905882.78077,0
757.31,4.36,0,0,41.1,1246359,1641905882.79286,0
757.31,4.36,0,0,41.1,1246371,1641905882.80502,0
757.31,4.36,0,-0.01,41.1,1246385,1641905882.81718,0
757.31,4.36,0,-0.01,41.1,1246397,1641905882.82927,0
757.31,4.36,0,0,41.1,1246410,1641905882.84155,0
757.31,4.36,0,0,41.1,1246423,1641905882.86368,0
757.31,4.36,0,-0.01,41.1,1246436,1641905882.87382,0
757.31,4.36,0,-0.01,41.1,1246449,1641905882.88347,0
757.31,4.36,0,-0.01,41.1,1246461,1641905882.89574,0
757.31,4.36,0,0,41.1,1246475,1641905882.90798,0
757.31,4.36,0,0,41.1,1246487,1641905882.9207,0
757.31,4.36,0,-0.01,41.1,1246500,1641905882.94137,0
757.31,4.36,0,-0.01,41.1,1246513,1641905882.94773,0
757.31,4.36,0,0,41.1,1246526,1641905882.9611,0
757.31,4.36,0,0,41.1,1246539,1641905882.97492,0
757.31,4.36,0,-0.01,41.1,1246552,1641905882.98605,0
757.31,4.36,0,-0.01,41.1,1246565,1641905882.9995,0
757.31,4.36,0,-0.01,41.1,1246577,1641905883.01186,0
757.31,4.36,0,0,41.1,1246590,1641905883.02728,0
757.31,4.36,0,-0.01,41.1,1246604,1641905883.04076,0
757.31,4.36,0,-0.01,41.1,1246616,1641905883.0509,0
757.31,4.36,0,-0.01,41.1,1246629,1641905883.06357,0
757.31,4.36,0,0,41.1,1246642,1641905883.07608,0
757.31,4.36,0,0,41.1,1246655,1641905883.08849,0
757.31,4.36,0,-0.01,41.1,1246668,1641905883.10037,0
757.31,4.36,0,-0.01,41.1,1246681,1641905883.11733,0
757.31,4.36,0,0,41.1,1246694,1641905883.12817,0
757.31,4.36,0,0,41.1,1246706,1641905883.14132,0
757.31,4.36,0,-0.01,41.1,1246720,1641905883.15367,0
757.31,4.36,0,-0.01,41.1,1246733,1641905883.16512,0
757.31,4.36,0,-0.01,41.1,1246745,1641905883.17768,0
757.31,4.36,0,0,41.1,1246758,1641905883.19018,0
757.31,4.36,0,0,41.1,1246771,1641905883.20618,0
757.31,4.36,0,-0.01,41.1,1246784,1641905883.21819,0
757.31,4.36,0,-0.01,41.1,1246797,1641905883.24043,0
757.31,4.36,0,0,41.1,1246810,1641905883.24341,0
757.31,4.36,0,0,41.1,1246822,1641905883.25564,0
757.31,4.36,0,-0.01,41.1,1246835,1641905883.26841,0
757.31,4.36,0,-0.01,41.1,1246849,1641905883.28441,0
757.31,4.36,0,-0.01,41.1,1246861,1641905883.29675,0
757.31,4.36,0,0,41.1,1246874,1641905883.30826,0
757.31,4.36,0,0,41.1,1246886,1641905883.32193,0
757.31,4.36,0,-0.01,41.1,1246900,1641905883.34468,0
757.31,4.36,0,-0.01,41.1,1246913,1641905883.34818,0
757.31,4.36,0,0,41.1,1246925,1641905883.35888,0
757.31,4.36,0,0,41.1,1246939,1641905883.37507,0
757.31,4.36,0,-0.01,41.1,1246952,1641905883.38758,0
757.31,4.36,0,-0.01,41.1,1246964,1641905883.40497,0
757.31,4.36,0,-0.01,41.1,1246978,1641905883.41581,0
757.31,4.36,0,0,41.1,1246990,1641905883.42428,0
757.31,4.36,0,0,41.1,1247003,1641905883.43571,0
757.31,4.36,0,-0.01,41.1,1247016,1641905883.45287,0
757.31,4.36,0,-0.01,41.1,1247029,1641905883.46403,0
757.31,4.36,0,0,41.1,1247042,1641905883.47659,0
757.31,4.36,0,0,41.1,1247054,1641905883.48909,0
757.31,4.36,0,-0.01,41.1,1247068,1641905883.50141,0
757.31,4.36,0,-0.01,41.1,1247081,1641905883.51352,0
757.31,4.36,0,-0.01,41.1,1247093,1641905883.52968,0
757.31,4.36,0,0,41.1,1247107,1641905883.54241,0
757.31,4.36,0,0,41.1,1247119,1641905883.55485,0
757.31,4.36,0,-0.01,41.1,1247132,1641905883.56706,0
757.31,4.36,0,-0.01,41.1,1247145,1641905883.57937,0
757.31,4.36,0,0,41.1,1247158,1641905883.59148,0
757.31,4.36,0,0,41.1,1247171,1641905883.60464,0
757.31,4.36,0,-0.01,41.1,1247184,1641905883.62057,0
757.31,4.36,0,-0.01,41.1,1247197,1641905883.63274,0
757.31,4.36,0,-0.01,41.1,1247210,1641905883.64494,0
757.31,4.36,0,0,41.1,1247222,1641905883.65762,0
757.31,4.36,0,0,41.1,1247236,1641905883.67513,0
757.31,4.36,0,-0.01,41.1,1247249,1641905883.68826,0
757.31,4.36,0,-0.01,41.1,1247261,1641905883.70011,0
757.31,4.36,0,0,41.1,1247275,1641905883.71115,0
757.31,4.36,0,0,41.1,1247287,1641905883.72745,0
757.31,4.36,0,-0.01,41.1,1247300,1641905883.73511,0
757.31,4.36,0,-0.01,41.1,1247313,1641905883.74683,0
757.31,4.36,0,-0.01,41.1,1247326,1641905883.76536,0
757.31,4.36,0,0,41.1,1247339,1641905883.77658,0
757.31,4.36,0,-0.01,41.1,1247352,1641905883.78845,0
757.31,4.36,0,-0.01,41.1,1247365,1641905883.80034,0
757.31,4.36,0,-0.01,41.1,1247378,1641905883.81266,0
757.31,4.36,0,0,41.1,1247391,1641905883.82553,0
757.31,4.36,0,0,41.1,1247404,1641905883.837,0
757.31,4.36,0,-0.01,41.1,1247417,1641905883.85376,0
757.31,4.36,0,-0.01,41.1,1247430,1641905883.86618,0
757.31,4.36,0,-0.01,41.1,1247442,1641905883.87805,0
757.31,4.36,0,0,41.1,1247456,1641905883.89043,0
757.31,4.36,0,-0.01,41.1,1247468,1641905883.90282,0
757.31,4.36,0,-0.01,41.1,1247481,1641905883.915,0
757.31,4.36,0,-0.01,41.1,1247495,1641905883.93102,0
757.31,4.36,0,0,41.1,1247507,1641905883.95147,0
757.31,4.36,0,0,41.1,1247520,1641905883.96334,0
757.31,4.36,0,-0.01,41.1,1247534,1641905883.96937,0
757.31,4.36,0,-0.01,41.1,1247546,1641905883.98107,0
757.31,4.36,0,-0.01,41.1,1247559,1641905883.9936,0
757.31,4.36,0,0,41.1,1247571,1641905884.00817,0
757.31,4.36,0,-0.01,41.1,1247585,1641905884.02232,0
757.31,4.36,0,-0.01,41.1,1247598,1641905884.03361,0
757.31,4.36,0,-0.01,41.1,1247610,1641905884.04596,0
757.31,4.36,0,0,41.1,1247624,1641905884.05842,0
757.31,4.36,0,0,41.1,1247637,1641905884.07054,0
757.31,4.36,0,-0.01,41.1,1247649,1641905884.08301,0
757.31,4.36,0,-0.01,41.1,1247663,1641905884.10032,0
757.31,4.36,0,-0.01,41.1,1247676,1641905884.11098,0
757.31,4.36,0,0,41.1,1247688,1641905884.12359,0
757.31,4.36,0,-0.01,41.1,1247702,1641905884.13566,0
757.31,4.36,0,-0.01,41.1,1247715,1641905884.14815,0
757.31,4.36,0,-0.01,41.1,1247727,1641905884.16061,0
757.31,4.36,0,0,41.1,1247740,1641905884.17649,0
757.31,4.36,0,0,41.1,1247753,1641905884.18893,0
757.31,4.36,0,-0.01,41.1,1247766,1641905884.20175,0
757.31,4.36,0,-0.01,41.1,1247779,1641905884.21457,0
757.31,4.36,0,-0.01,41.1,1247792,1641905884.2261,0
757.31,4.36,0,0,41.1,1247805,1641905884.23857,0
757.31,4.36,0,-0.01,41.1,1247817,1641905884.25458,0
757.31,4.36,0,-0.01,41.1,1247831,1641905884.26688,0
757.31,4.36,0,-0.01,41.1,1247844,1641905884.27952,0
757.31,4.36,0,0,41.1,1247856,1641905884.29187,0
757.31,4.36,0,0,41.1,1247869,1641905884.30421,0
757.31,4.36,0,-0.01,41.1,1247883,1641905884.31637,0
757.31,4.36,0,-0.01,41.1,1247895,1641905884.3324,0
757.31,4.36,0,0,41.1,1247908,1641905884.34491,0
757.31,4.36,0,0,41.1,1247921,1641905884.35719,0
757.31,4.36,0,-0.01,41.1,1247934,1641905884.37011,0
757.31,4.36,0,-0.01,41.1,1247946,1641905884.38154,0
757.31,4.36,0,-0.01,41.1,1247960,1641905884.3948,0
757.31,4.36,0,0,41.1,1247972,1641905884.40719,0
757.31,4.36,0,0,41.1,1247985,1641905884.42342,0
757.31,4.36,0,-0.01,41.1,1247998,1641905884.43506,0
757.31,4.36,0,-0.01,41.1,1248011,1641905884.44731,0
757.31,4.36,0,0,41.1,1248024,1641905884.45977,0
757.31,4.36,0,0,41.1,1248036,1641905884.47223,0
757.31,4.36,0,-0.01,41.1,1248050,1641905884.48375,0
757.31,4.36,0,-0.01,41.1,1248063,1641905884.50024,0
757.31,4.36,0,-0.01,41.1,1248075,1641905884.51477,0
757.31,4.36,0,0,41.1,1248089,1641905884.52557,0
757.31,4.36,0,0,41.1,1248101,1641905884.53801,0
757.31,4.36,0,-0.01,41.1,1248114,1641905884.55017,0
757.31,4.36,0,-0.01,41.1,1248128,1641905884.56263,0
757.31,4.36,0,0,41.1,1248140,1641905884.57452,0
757.31,4.36,0,0,41.1,1248153,1641905884.58656,0
757.31,4.36,0,-0.01,41.1,1248165,1641905884.60342,0
757.31,4.36,0,-0.01,41.1,1248179,1641905884.61593,0
757.31,4.36,0,0,41.1,1248191,1641905884.62723,0
757.31,4.36,0,0,41.1,1248204,1641905884.63986,0
757.31,4.36,0,-0.01,41.1,1248217,1641905884.65276,0
757.31,4.36,0,-0.01,41.1,1248230,1641905884.6649,0
757.31,4.36,0,-0.01,41.1,1248243,1641905884.68062,0
757.31,4.36,0,0,41.1,1248256,1641905884.69351,0
757.31,4.36,0,0,41.1,1248269,1641905884.70493,0
757.31,4.36,0,-0.01,41.1,1248282,1641905884.71762,0
757.31,4.36,0,-0.01,41.1,1248294,1641905884.72992,0
757.31,4.36,0,0,41.1,1248307,1641905884.74291,0
757.31,4.36,0,0,41.1,1248320,1641905884.75521,0
757.31,4.36,0,-0.01,41.1,1248333,1641905884.77123,0
757.31,4.36,0,-0.01,41.1,1248346,1641905884.78371,0
757.31,4.36,0,-0.01,41.1,1248359,1641905884.79498,0
757.31,4.36,0,0,41.1,1248371,1641905884.80768,0
757.31,4.36,0,0,41.1,1248385,1641905884.81966,0
757.31,4.36,0,-0.01,41.1,1248398,1641905884.83219,0
757.31,4.36,0,-0.01,41.1,1248410,1641905884.8447,0
757.31,4.36,0,0,41.1,1248422,1641905884.86051,0
757.31,4.36,0,0,41.1,1248436,1641905884.87313,0
757.31,4.36,0,-0.01,41.1,1248449,1641905884.89171,0
757.31,4.36,0,-0.01,41.1,1248461,1641905884.90484,0
757.31,4.36,0,0,41.1,1248475,1641905884.91323,0
757.31,4.36,0,0,41.1,1248487,1641905884.92333,0
757.31,4.36,0,0,41.1,1248500,1641905884.94118,0
757.31,4.36,0,-0.01,41.1,1248513,1641905884.95204,0
757.31,4.36,0,-0.01,41.1,1248526,1641905884.96375,0
757.31,4.36,0,0,41.1,1248538,1641905884.97622,0
757.31,4.36,0,0,41.1,1248551,1641905884.98867,0
757.31,4.36,0,-0.01,41.1,1248565,1641905884.99993,0
757.31,4.36,0,-0.01,41.1,1248577,1641905885.01235,0
757.31,4.36,0,0,41.1,1248590,1641905885.02454,0
757.31,4.36,0,0,41.1,1248603,1641905885.0412,0
757.31,4.36,0,-0.01,41.1,1248616,1641905885.05385,0
757.31,4.36,0,-0.01,41.1,1248629,1641905885.06624,0
757.31,4.36,0,-0.01,41.1,1248642,1641905885.07868,0
757.31,4.36,0,0,41.1,1248655,1641905885.09086,0
757.31,4.36,0,0,41.1,1248667,1641905885.10341,0
757.31,4.36,0,-0.01,41.1,1248680,1641905885.11484,0
757.31,4.36,0,-0.01,41.1,1248693,1641905885.13078,0
757.31,4.36,0,0,41.1,1248706,1641905885.14363,0
757.31,4.36,0,0,41.1,1248718,1641905885.15589,0
757.31,4.36,0,-0.01,41.1,1248732,1641905885.16814,0
757.31,4.36,0,-0.01,41.1,1248745,1641905885.18058,0
757.31,4.36,0,-0.01,41.1,1248757,1641905885.19289,0
757.31,4.36,0,0,41.1,1248771,1641905885.20511,0
757.31,4.36,0,0,41.1,1248783,1641905885.22228,0
757.31,4.36,0,-0.01,41.1,1248796,1641905885.23337,0
757.31,4.36,0,-0.01,41.1,1248808,1641905885.24576,0
757.31,4.36,0,0,41.1,1248822,1641905885.25805,0
757.31,4.36,0,0,41.1,1248835,1641905885.27137,0
757.31,4.36,0,-0.01,41.1,1248847,1641905885.28299,0
757.31,4.36,0,-0.01,41.1,1248861,1641905885.29982,0
757.31,4.36,0,0,41.1,1248873,1641905885.31244,0
757.31,4.36,0,0,41.1,1248886,1641905885.32536,0
757.31,4.36,0,-0.01,41.1,1248899,1641905885.33587,0
757.31,4.36,0,-0.01,41.1,1248912,1641905885.34906,0
757.31,4.36,0,-0.01,41.1,1248925,1641905885.36107,0
757.31,4.36,0,0,41.1,1248937,1641905885.37352,0
757.31,4.36,0,0,41.1,1248951,1641905885.38909,0
757.31,4.36,0,-0.01,41.1,1248964,1641905885.40175,0
757.31,4.36,0,-0.01,41.1,1248976,1641905885.41421,0
757.31,4.36,0,0,41.1,1248989,1641905885.42649,0
757.31,4.36,0,0,41.1,1249002,1641905885.4392,0
757.31,4.36,0,-0.01,41.1,1249015,1641905885.45116,0
757.31,4.36,0,-0.01,41.1,1249028,1641905885.46343,0
757.31,4.36,0,-0.01,41.1,1249041,1641905885.48025,0
757.31,4.36,0,0,41.1,1249053,1641905885.49159,0
757.31,4.36,0,0,41.1,1249067,1641905885.50402,0
757.31,4.36,0,-0.01,41.1,1249080,1641905885.52286,0
757.31,4.36,0,-0.01,41.1,1249092,1641905885.52929,0
757.31,4.36,0,0,41.1,1249105,1641905885.54218,0
757.31,4.36,0,0,41.1,1249118,1641905885.55435,0
757.31,4.36,0,-0.01,41.1,1249131,1641905885.56994,0
757.31,4.36,0,-0.01,41.1,1249143,1641905885.58257,0
757.31,4.36,0,-0.01,41.1,1249157,1641905885.59475,0
757.31,4.36,0,0,41.1,1249170,1641905885.60644,0
757.31,4.36,0,0,41.1,1249182,1641905885.61872,0
757.31,4.36,0,-0.01,41.1,1249196,1641905885.63119,0
757.31,4.36,0,-0.01,41.1,1249208,1641905885.6471,0
757.31,4.36,0,0,41.1,1249221,1641905885.65959,0
757.31,4.36,0,0,41.1,1249233,1641905885.6722,0
757.31,4.36,0,-0.01,41.1,1249247,1641905885.68479,0
757.31,4.36,0,-0.01,41.1,1249260,1641905885.69722,0
757.31,4.36,0,0,41.1,1249272,1641905885.70968,0
757.31,4.36,0,0,41.1,1249286,1641905885.72211,0
757.31,4.36,0,-0.01,41.1,1249298,1641905885.74448,0
757.31,4.36,0,-0.01,41.1,1249311,1641905885.75489,0
757.31,4.36,0,-0.01,41.1,1249325,1641905885.76292,0
757.31,4.36,0,0,41.1,1249337,1641905885.7741,0
757.31,4.36,0,0,41.1,1249350,1641905885.7866,0
757.31,4.36,0,-0.01,41.1,1249362,1641905885.80323,0
757.31,4.36,0,-0.01,41.1,1249376,1641905885.81558,0
757.31,4.36,0,0,41.1,1249388,1641905885.82721,0
757.31,4.36,0,0,41.1,1249401,1641905885.83979,0
757.31,4.36,0,-0.01,41.1,1249415,1641905885.85224,0
757.31,4.36,0,-0.01,41.1,1249427,1641905885.86527,0
757.31,4.36,0,-0.01,41.1,1249440,1641905885.87777,0
757.31,4.36,0,0,41.1,1249453,1641905885.88881,0
757.31,4.36,0,0,41.1,1249466,1641905885.90535,0
757.31,4.36,0,-0.01,41.1,1249479,1641905885.91778,0
757.31,4.36,0,-0.01,41.1,1249491,1641905885.93046,0
757.31,4.36,0,0,41.1,1249504,1641905885.94285,0
757.31,4.36,0,0,41.1,1249517,1641905885.95999,0
757.31,4.36,0,-0.01,41.1,1249530,1641905885.9697,0
757.31,4.36,0,-0.01,41.1,1249543,1641905885.97977,0
757.31,4.36,0,0,41.1,1249556,1641905885.99593,0
757.31,4.36,0,0,41.1,1249568,1641905886.02019,0
757.31,4.36,0,0,41.1,1249582,1641905886.02465,0
757.31,4.36,0,-0.01,41.1,1249594,1641905886.03374,0
757.31,4.36,0,-0.01,41.1,1249607,1641905886.04528,0
757.31,4.36,0,0,41.1,1249619,1641905886.05712,0
757.31,4.36,0,0,41.1,1249633,1641905886.06945,0
757.31,4.36,0,-0.01,41.1,1249646,1641905886.08625,0
757.31,4.36,0,-0.01,41.1,1249658,1641905886.0986,0
757.31,4.36,0,0,41.1,1249672,1641905886.11148,0
757.31,4.36,0,0,41.1,1249684,1641905886.12301,0
757.31,4.36,0,-0.01,41.1,1249697,1641905886.13496,0
757.31,4.36,0,-0.01,41.1,1249711,1641905886.14746,0
757.31,4.36,0,-0.01,41.1,1249723,1641905886.16574,0
757.31,4.36,0,0,41.1,1249736,1641905886.17828,0
757.31,4.36,0,0,41.1,1249748,1641905886.19102,0
757.31,4.36,0,-0.01,41.1,1249762,1641905886.20057,0
757.31,4.36,0,-0.01,41.1,1249775,1641905886.21279,0
757.31,4.36,0,0,41.1,1249787,1641905886.225,0
757.31,4.36,0,0,41.1,1249800,1641905886.2475,0
757.31,4.36,0,-0.01,41.1,1249813,1641905886.25243,0
757.31,4.36,0,-0.01,41.1,1249826,1641905886.26709,0
757.31,4.36,0,-0.01,41.1,1249839,1641905886.27903,0
757.31,4.36,0,0,41.1,1249852,1641905886.29008,0
757.31,4.36,0,0,41.1,1249864,1641905886.30332,0
757.31,4.36,0,-0.01,41.1,1249878,1641905886.31763,0
757.31,4.36,0,-0.01,41.1,1249890,1641905886.32796,0
757.31,4.36,0,0,41.1,1249903,1641905886.3399,0
757.31,4.36,0,0,41.1,1249915,1641905886.35633,0
757.31,4.36,0,-0.01,41.1,1249929,1641905886.36865,0
757.31,4.36,0,-0.01,41.1,1249942,1641905886.38081,0
757.31,4.36,0,0,41.1,1249954,1641905886.3932,0
757.31,4.36,0,0,41.1,1249968,1641905886.40547,0
757.31,4.36,0,-0.01,41.1,1249980,1641905886.41752,0
757.31,4.36,0,-0.01,41.1,1249993,1641905886.43461,0
757.31,4.36,0,-0.01,41.1,1250007,1641905886.45077,0
757.31,4.36,0,0,41.1,1250019,1641905886.46427,0
757.31,4.36,0,0,41.1,1250032,1641905886.47706,0
757.31,4.36,0,-0.01,41.1,1250044,1641905886.48445,0
757.31,4.36,0,-0.01,41.1,1250058,1641905886.49549,0
757.31,4.36,0,0,41.1,1250070,1641905886.50959,0
757.31,4.36,0,0,41.1,1250083,1641905886.52068,0
757.31,4.36,0,-0.01,41.1,1250096,1641905886.53724,0
757.31,4.36,0,-0.01,41.1,1250109,1641905886.54965,0
757.31,4.36,0,-0.01,41.1,1250122,1641905886.56178,0
757.31,4.36,0,0,41.1,1250135,1641905886.57408,0
757.31,4.36,0,0,41.1,1250148,1641905886.59449,0
757.31,4.36,0,-0.01,41.1,1250160,1641905886.60056,0
757.31,4.36,0,-0.01,41.1,1250173,1641905886.61458,0
757.31,4.36,0,0,41.1,1250186,1641905886.62652,0
757.31,4.36,0,0,41.1,1250199,1641905886.63898,0
757.31,4.36,0,-0.01,41.1,1250212,1641905886.65062,0
757.31,4.36,0,-0.01,41.1,1250225,1641905886.66342,0
757.31,4.36,0,0,41.1,1250237,1641905886.67575,0
757.31,4.36,0,0,41.1,1250250,1641905886.68827,0
757.31,4.36,0,-0.01,41.1,1250264,1641905886.70383,0
757.31,4.36,0,-0.01,41.1,1250276,1641905886.71626,0
757.31,4.36,0,-0.01,41.1,1250289,1641905886.73482,0
757.31,4.36,0,0,41.1,1250301,1641905886.74518,0
757.31,4.36,0,0,41.1,1250315,1641905886.7542,0
757.31,4.36,0,-0.01,41.1,1250328,1641905886.76528,0
757.31,4.36,0,-0.01,41.1,1250340,1641905886.782,0
757.31,4.36,0,0,41.1,1250353,1641905886.79121,0
757.31,4.36,0,0,41.1,1250366,1641905886.80722,0
757.31,4.36,0,-0.01,41.1,1250379,1641905886.81862,0
757.31,4.36,0,-0.01,41.1,1250392,1641905886.83088,0
757.31,4.36,0,0,41.1,1250405,1641905886.84374,0
757.31,4.36,0,0,41.1,1250417,1641905886.85628,0
757.31,4.36,0,0,41.1,1250430,1641905886.86861,0
757.31,4.36,0,-0.01,41.1,1250443,1641905886.88927,0
757.31,4.36,0,-0.01,41.1,1250456,1641905886.89943,0
757.31,4.36,0,0,41.1,1250468,1641905886.9093,0
757.31,4.36,0,0,41.1,1250482,1641905886.92205,0
757.31,4.36,0,-0.01,41.1,1250495,1641905886.9341,0
757.31,4.36,0,-0.01,41.1,1250507,1641905886.94548,0
757.31,4.36,0,0,41.1,1250521,1641905886.95819,0
757.31,4.36,0,0,41.1,1250533,1641905886.97051,0
757.31,4.36,0,-0.01,41.1,1250546,1641905886.98756,0
757.31,4.36,0,-0.01,41.1,1250558,1641905886.99866,0
757.31,4.36,0,-0.01,41.1,1250572,1641905887.01104,0
757.31,4.36,0,0,41.1,1250585,1641905887.02385,0
757.31,4.36,0,0,41.1,1250597,1641905887.03586,0
757.31,4.36,0,-0.01,41.1,1250611,1641905887.04834,0
757.31,4.36,0,-0.01,41.1,1250623,1641905887.06509,0
757.31,4.36,0,0,41.1,1250636,1641905887.07727,0
757.31,4.36,0,0,41.1,1250649,1641905887.08947,0
757.31,4.36,0,-0.01,41.1,1250662,1641905887.10252,0
757.31,4.36,0,-0.01,41.1,1250674,1641905887.11424,0
757.31,4.36,0,0,41.1,1250688,1641905887.12654,0
757.31,4.36,0,0,41.1,1250700,1641905887.14763,0
757.31,4.36,0,0,41.1,1250713,1641905887.15705,0
757.31,4.36,0,-0.01,41.1,1250725,1641905887.16744,0
757.31,4.36,0,-0.01,41.1,1250739,1641905887.17906,0
757.31,4.36,0,0,41.1,1250751,1641905887.19147,0
757.31,4.36,0,0,41.1,1250764,1641905887.20467,0
757.31,4.36,0,-0.01,41.1,1250778,1641905887.21579,0
757.31,4.36,0,-0.01,41.1,1250790,1641905887.22828,0
757.31,4.36,0,0,41.1,1250803,1641905887.24065,0
757.31,4.36,0,0,41.1,1250816,1641905887.25729,0
757.31,4.36,0,-0.01,41.1,1250829,1641905887.26976,0
757.31,4.36,0,-0.01,41.1,1250841,1641905887.28251,0
757.31,4.36,0,0,41.1,1250854,1641905887.29472,0
757.31,4.36,0,0,41.1,1250867,1641905887.30655,0
757.31,4.36,0,0,41.1,1250880,1641905887.3194,0
757.31,4.36,0,-0.01,41.1,1250892,1641905887.3385,0
757.31,4.36,0,-0.01,41.1,1250906,1641905887.35039,0
757.31,4.36,0,0,41.1,1250918,1641905887.36072,0
757.31,4.36,0,0,41.1,1250931,1641905887.37354,0
757.31,4.36,0,-0.01,41.1,1250945,1641905887.38529,0
757.31,4.36,0,-0.01,41.1,1250957,1641905887.39597,0
757.31,4.36,0,0,41.1,1250969,1641905887.40827,0
757.31,4.36,0,0,41.1,1250982,1641905887.42146,0
757.31,4.36,0,0,41.1,1250996,1641905887.43365,0
757.31,4.36,0,-0.01,41.1,1251008,1641905887.4492,0
757.31,4.36,0,-0.01,41.1,1251021,1641905887.46177,0
757.31,4.36,0,0,41.1,1251034,1641905887.47419,0
757.31,4.36,0,0,41.1,1251047,1641905887.49225,0
757.31,4.36,0,-0.01,41.1,1251059,1641905887.50655,0
757.31,4.36,0,-0.01,41.1,1251073,1641905887.51479,0
757.31,4.36,0,0,41.1,1251085,1641905887.52457,0
757.31,4.36,0,0,41.1,1251098,1641905887.54019,0
757.31,4.36,0,-0.01,41.1,1251110,1641905887.55291,0
757.31,4.36,0,-0.01,41.1,1251124,1641905887.56509,0
757.31,4.36,0,0,41.1,1251136,1641905887.58317,0
757.31,4.36,0,0,41.1,1251149,1641905887.59666,0
757.31,4.36,0,0,41.1,1251162,1641905887.6055,0
757.31,4.36,0,-0.01,41.1,1251175,1641905887.61392,0
757.31,4.36,0,0,41.1,1251187,1641905887.62607,0
757.31,4.36,0,0,41.1,1251201,1641905887.64196,0
757.31,4.36,0,0,41.1,1251213,1641905887.65465,0
757.31,4.36,0,0,41.1,1251225,1641905887.66689,0
757.31,4.36,0,0,41.1,1251237,1641905887.67896,0
757.31,4.36,0,0,41.1,1251251,1641905887.69178,0
757.31,4.36,0,0,41.1,1251263,1641905887.70423,0
757.31,4.36,0,0,41.1,1251275,1641905887.71618,0
757.31,4.36,0,0,41.1,1251288,1641905887.72834,0
757.31,4.36,0,0,41.1,1251301,1641905887.74109,0
757.31,4.36,0,0,41.1,1251313,1641905887.75362,0
757.31,4.36,0,0,41.1,1251325,1641905887.76579,0
757.31,4.36,0,0,41.1,1251338,1641905887.7769,0
757.31,4.36,0,0,41.1,1251351,1641905887.78944,0
757.31,4.36,0,0,41.1,1251363,1641905887.80272,0
757.31,4.36,0,0,41.1,1251376,1641905887.81794,0
757.31,4.36,0,0,41.1,1251388,1641905887.83966,0
757.31,4.36,0,0,41.1,1251401,1641905887.84459,0
757.31,4.36,0,0,41.1,1251414,1641905887.85637,0
757.31,4.36,0,0,41.1,1251426,1641905887.86742,0
757.31,4.36,0,0,41.1,1251438,1641905887.87939,0
757.31,4.36,0,0,41.1,1251451,1641905887.89282,0
757.31,4.36,0,0,41.1,1251464,1641905887.90448,0
757.31,4.36,0,0,41.1,1251476,1641905887.91692,0
757.31,4.36,0,0,41.1,1251488,1641905887.92935,0
757.31,4.36,0,0,41.1,1251502,1641905887.94971,0
757.31,4.36,0,0,41.1,1251514,1641905887.95876,0
757.31,4.36,0,0,41.1,1251526,1641905887.97014,0
757.31,4.36,0,0,41.1,1251538,1641905887.97918,0
757.31,4.36,0,0,41.1,1251551,1641905887.99271,0
757.31,4.36,0,0,41.1,1251564,1641905888.00464,0
757.31,4.36,0,-0.01,41.1,1251577,1641905888.01895,0
757.31,4.36,0,-0.01,41.1,1251590,1641905888.03129,0
757.31,4.36,0,-0.01,41.1,1251603,1641905888.04369,0
757.31,4.36,0,0,41.1,1251615,1641905888.05612,0
757.31,4.36,0,0,41.1,1251629,1641905888.06865,0
757.31,4.36,0,-0.01,41.1,1251642,1641905888.08477,0
757.31,4.36,0,-0.01,41.1,1251654,1641905888.09732,0
757.31,4.36,0,-0.01,41.1,1251667,1641905888.10868,0
757.31,4.36,0,0,41.1,1251681,1641905888.1224,0
757.31,4.36,0,-0.01,41.1,1251693,1641905888.13332,0
757.31,4.36,0,-0.01,41.1,1251706,1641905888.1455,0
757.31,4.36,0,-0.01,41.1,1251720,1641905888.16242,0
757.31,4.36,0,0,41.1,1251732,1641905888.17472,0
757.31,4.36,0,0,41.1,1251745,1641905888.18731,0
757.31,4.36,0,-0.01,41.1,1251759,1641905888.19952,0
757.31,4.36,0,-0.01,41.1,1251771,1641905888.21179,0
757.31,4.36,0,-0.01,41.1,1251784,1641905888.22451,0
757.31,4.36,0,0,41.1,1251796,1641905888.24005,0
757.31,4.36,0,-0.01,41.1,1251810,1641905888.25273,0
757.31,4.36,0,-0.01,41.1,1251823,1641905888.26497,0
757.31,4.36,0,-0.01,41.1,1251836,1641905888.2849,0
757.31,4.36,0,0,41.1,1251849,1641905888.29163,0
757.31,4.36,0,0,41.1,1251862,1641905888.30221,0
757.31,4.36,0,-0.01,41.1,1251874,1641905888.31749,0
757.31,4.36,0,-0.01,41.1,1251888,1641905888.33076,0
757.31,4.36,0,-0.01,41.1,1251901,1641905888.34349,0
757.31,4.36,0,0,41.1,1251913,1641905888.3561,0
757.31,4.36,0,-0.01,41.1,1251927,1641905888.36689,0
757.31,4.36,0,-0.01,41.1,1251940,1641905888.3793,0
757.31,4.36,0,-0.01,41.1,1251952,1641905888.39623,0
757.31,4.36,0,0,41.1,1251965,1641905888.40867,0
757.31,4.36,0,0,41.1,1251978,1641905888.41998,0
757.31,4.36,0,-0.01,41.1,1251991,1641905888.43363,0
757.31,4.36,0,-0.01,41.1,1252004,1641905888.44455,0
757.31,4.36,0,0,41.1,1252017,1641905888.46103,0
757.31,4.36,0,0,41.1,1252030,1641905888.47364,0
757.31,4.36,0,-0.01,41.1,1252042,1641905888.48694,0
757.31,4.36,0,-0.01,41.1,1252056,1641905888.49857,0
757.31,4.36,0,0,41.1,1252068,1641905888.51084,0
757.31,4.36,0,0,41.1,1252081,1641905888.52418,0
757.31,4.36,0,0,41.1,1252093,1641905888.53523,0
757.31,4.36,0,0,41.1,1252107,1641905888.54766,0
757.31,4.36,0,0,41.1,1252119,1641905888.56001,0
757.31,4.36,0,0,41.1,1252131,1641905888.57156,0
757.31,4.36,0,0,41.1,1252144,1641905888.58424,0
757.31,4.36,0,0,41.1,1252157,1641905888.60491,0
757.31,4.36,0,0,41.1,1252169,1641905888.61468,0
757.31,4.36,0,0,41.1,1252182,1641905888.62643,0
757.31,4.36,0,0,41.1,1252194,1641905888.63977,0
757.31,4.36,0,-0.01,41.1,1252207,1641905888.65007,0
757.31,4.36,0,0,41.1,1252219,1641905888.66233,0
757.31,4.36,0,0,41.1,1252232,1641905888.67607,0
757.31,4.36,0,0,41.1,1252245,1641905888.68643,0
757.31,4.36,0,0,41.1,1252257,1641905888.69949,0
757.31,4.36,0,0,41.1,1252270,1641905888.71169,0
757.31,4.36,0,0,41.1,1252283,1641905888.72393,0
757.31,4.36,0,0,41.1,1252295,1641905888.73537,0
757.31,4.36,0,0,41.1,1252307,1641905888.74779,0
757.31,4.36,0,0,41.1,1252320,1641905888.76004,0
757.31,4.36,0,0,41.1,1252332,1641905888.77289,0
757.31,4.36,0,0,41.1,1252345,1641905888.78508,0
757.31,4.36,0,0,41.1,1252358,1641905888.80186,0
757.31,4.36,0,0,41.1,1252370,1641905888.81405,0
757.31,4.36,0,0,41.1,1252382,1641905888.82606,0
757.31,4.36,0,0,41.1,1252396,1641905888.83832,0
757.31,4.36,0,0,41.1,1252408,1641905888.8503,0
757.31,4.36,0,0,41.1,1252420,1641905888.86235,0
757.31,4.36,0,0,41.1,1252432,1641905888.87463,0
757.31,4.36,0,0,41.1,1252445,1641905888.88702,0
757.31,4.36,0,0,41.1,1252458,1641905888.90825,0
757.31,4.36,0,0,41.1,1252470,1641905888.9146,0
757.31,4.36,0,0,41.1,1252483,1641905888.92503,0
757.31,4.36,0,0,41.1,1252495,1641905888.93669,0
757.31,4.36,0,0,41.1,1252508,1641905888.94886,0
757.31,4.36,0,0,41.1,1252520,1641905888.96144,0
757.31,4.36,0,0,41.1,1252533,1641905888.97396,0
757.31,4.36,0,0,41.1,1252545,1641905888.98642,0
757.31,4.36,0,0,41.1,1252558,1641905889.00184,0
757.31,4.36,0,0,41.1,1252571,1641905889.01385,0
757.31,4.36,0,0,41.1,1252583,1641905889.02611,0
757.31,4.36,0,0,41.1,1252595,1641905889.03892,0
757.31,4.36,0,0,41.1,1252609,1641905889.05645,0
757.31,4.36,0,0,41.1,1252621,1641905889.0687,0
757.31,4.36,0,0,41.1,1252633,1641905889.07807,0
757.31,4.36,0,0,41.1,1252645,1641905889.08899,0
757.31,4.36,0,0,41.1,1252659,1641905889.10175,0
757.31,4.36,0,0,41.1,1252671,1641905889.11457,0
757.31,4.36,0,0,41.1,1252683,1641905889.12605,0
757.31,4.36,0,0,41.1,1252696,1641905889.14039,0
757.31,4.36,0,0,41.1,1252709,1641905889.14992,0
757.31,4.36,0,0,41.1,1252721,1641905889.16187,0
757.31,4.36,0,0,41.1,1252733,1641905889.17423,0
757.31,4.36,0,0,41.1,1252746,1641905889.19008,0
757.31,4.36,0,0,41.1,1252759,1641905889.20265,0
757.31,4.36,0,0,41.1,1252771,1641905889.21559,0
757.31,4.36,0,0,41.1,1252784,1641905889.22747,0
757.31,4.36,0,0,41.1,1252796,1641905889.24001,0
757.31,4.36,0,0,41.1,1252808,1641905889.2523,0
757.31,4.36,0,0,41.1,1252820,1641905889.26457,0
757.31,4.36,0,0,41.1,1252834,1641905889.27696,0
757.31,4.36,0,0,41.1,1252846,1641905889.28845,0
757.31,4.36,0,0,41.1,1252858,1641905889.30058,0
757.31,4.36,0,0,41.1,1252871,1641905889.3134,0
757.31,4.36,0,0,41.1,1252884,1641905889.32544,0
757.31,4.36,0,0,41.1,1252896,1641905889.33768,0
757.31,4.36,0,0,41.1,1252909,1641905889.35092,0
757.31,4.36,0,0,41.1,1252921,1641905889.36234,0
757.31,4.36,0,0,41.1,1252934,1641905889.37833,0
757.31,4.36,0,0,41.1,1252946,1641905889.39632,0
757.31,4.36,0,0,41.1,1252959,1641905889.40435,0
757.31,4.36,0,0,41.1,1252971,1641905889.41614,0
757.31,4.36,0,0,41.1,1252984,1641905889.42855,0
757.31,4.36,0,0,41.1,1252997,1641905889.43997,0
757.31,4.36,0,0,41.1,1253009,1641905889.45261,0
757.31,4.36,0,0,41.1,1253021,1641905889.46488,0
757.31,4.36,0,0,41.1,1253035,1641905889.47705,0
757.31,4.36,0,0,41.1,1253047,1641905889.48932,0
757.31,4.36,0,0,41.1,1253059,1641905889.50142,0
757.31,4.36,0,0,41.1,1253071,1641905889.51377,0
757.31,4.36,0,0,41.1,1253085,1641905889.52622,0
757.31,4.36,0,0,41.1,1253097,1641905889.53859,0
757.31,4.36,0,0,41.1,1253109,1641905889.5508,0
757.31,4.36,0,0,41.1,1253122,1641905889.56346,0
757.31,4.36,0,0,41.1,1253135,1641905889.57945,0
757.31,4.36,0,0,41.1,1253147,1641905889.59189,0
757.31,4.36,0,0,41.1,1253159,1641905889.60431,0
757.31,4.36,0,0,41.1,1253172,1641905889.61679,0
757.31,4.36,0,0,41.1,1253185,1641905889.62883,0
757.31,4.36,0,0,41.1,1253197,1641905889.64061,0
757.31,4.36,0,0,41.1,1253210,1641905889.65305,0
757.31,4.36,0,0,41.1,1253222,1641905889.66572,0
757.31,4.36,0,0,41.1,1253234,1641905889.67813,0
757.31,4.36,0,0,41.1,1253248,1641905889.69047,0
757.31,4.36,0,0,41.1,1253260,1641905889.70299,0
757.31,4.36,0,0,41.1,1253272,1641905889.71489,0
757.31,4.36,0,0,41.1,1253284,1641905889.7273,0
757.31,4.36,0,0,41.1,1253298,1641905889.73876,0
757.31,4.36,0,0,41.1,1253310,1641905889.75237,0
757.31,4.36,0,0,41.1,1253322,1641905889.76461,0
757.31,4.36,0,0,41.1,1253335,1641905889.78078,0
757.31,4.36,0,0,41.1,1253348,1641905889.79177,0
757.31,4.36,0,0,41.1,1253360,1641905889.80439,0
757.31,4.36,0,0,41.1,1253372,1641905889.81667,0
757.31,4.36,0,0,41.1,1253385,1641905889.82902,0
757.31,4.36,0,0,41.1,1253397,1641905889.84174,0
757.31,4.36,0,0,41.1,1253410,1641905889.85441,0
757.31,4.36,0,0,41.1,1253423,1641905889.86568,0
757.31,4.36,0,0,41.1,1253435,1641905889.87811,0
757.31,4.36,0,0,41.1,1253447,1641905889.89081,0
757.31,4.36,0,0,41.1,1253460,1641905889.90334,0
757.31,4.36,0,0,41.1,1253473,1641905889.9157,0
757.31,4.36,0,0,41.1,1253485,1641905889.92793,0
757.31,4.36,0,0,41.1,1253497,1641905889.9397,0
757.31,4.36,0,0,41.1,1253510,1641905889.95273,0
757.31,4.36,0,0,41.1,1253523,1641905889.96496,0
757.31,4.36,0,0,41.1,1253535,1641905889.97752,0
757.31,4.36,0,0,41.1,1253548,1641905889.99337,0
757.31,4.36,0,0,41.1,1253560,1641905890.00654,0
757.31,4.36,0,0,41.1,1253573,1641905890.01738,0
757.31,4.36,0,0,41.1,1253585,1641905890.02998,0
757.31,4.36,0,0,41.1,1253598,1641905890.04263,0
757.31,4.36,0,0,41.1,1253610,1641905890.05466,0
757.31,4.36,0,0,41.1,1253622,1641905890.06718,0
757.31,4.36,0,0,41.1,1253636,1641905890.07936,0
757.31,4.36,0,0,41.1,1253648,1641905890.09201,0
757.31,4.36,0,0,41.1,1253660,1641905890.10382,0
757.31,4.36,0,0,41.1,1253672,1641905890.11594,0
757.31,4.36,0,0,41.1,1253685,1641905890.12859,0
757.31,4.36,0,0,41.1,1253698,1641905890.1412,0
757.31,4.36,0,0,41.1,1253710,1641905890.1614,0
757.31,4.36,0,0,41.1,1253723,1641905890.17153,0
757.31,4.36,0,0,41.1,1253735,1641905890.17898,0
757.31,4.36,0,0,41.1,1253748,1641905890.19032,0
757.31,4.36,0,0,41.1,1253761,1641905890.20589,0
757.31,4.36,0,0,41.1,1253773,1641905890.21824,0
757.31,4.36,0,0,41.1,1253785,1641905890.23086,0
757.31,4.36,0,0,41.1,1253797,1641905890.24347,0
757.31,4.36,0,0,41.1,1253811,1641905890.2558,0
757.31,4.36,0,0,41.1,1253823,1641905890.26716,0
757.31,4.36,0,0,41.1,1253835,1641905890.27996,0
757.31,4.36,0,0,41.1,1253848,1641905890.2926,0
757.31,4.36,0,0,41.1,1253861,1641905890.3152,0
757.31,4.36,0,0,41.1,1253873,1641905890.31762,0
757.31,4.36,0,0,41.1,1253885,1641905890.3295,0
757.31,4.36,0,0,41.1,1253898,1641905890.34182,0
757.31,4.36,0,0,41.1,1253910,1641905890.35391,0
757.31,4.36,0,0,41.1,1253923,1641905890.3664,0
757.31,4.36,0,0,41.1,1253936,1641905890.37876,0
757.31,4.36,0,0,41.1,1253948,1641905890.39034,0
757.31,4.36,0,0,41.1,1253960,1641905890.41412,0
757.31,4.36,0,0,41.1,1253974,1641905890.42362,0
757.31,4.36,0,0,41.1,1253986,1641905890.43161,0
757.31,4.36,0,0,41.1,1253998,1641905890.44374,0
757.31,4.36,0,0,41.1,1254010,1641905890.45607,0
757.31,4.36,0,0,41.1,1254023,1641905890.46839,0
757.31,4.36,0,0,41.1,1254036,1641905890.48117,0
757.31,4.36,0,0,41.1,1254048,1641905890.49882,0
757.31,4.36,0,0,41.1,1254061,1641905890.50785,0
757.31,4.36,0,0,41.1,1254073,1641905890.51771,0
757.31,4.36,0,0,41.1,1254085,1641905890.5297,0
757.31,4.36,0,0,41.1,1254098,1641905890.5449,0
757.31,4.36,0,0,41.1,1254111,1641905890.56042,0
757.31,4.36,0,0,41.1,1254123,1641905890.56778,0
757.31,4.36,0,0,41.1,1254135,1641905890.57965,0
757.31,4.36,0,0,41.1,1254148,1641905890.59074,0
757.31,4.36,0,0,41.1,1254161,1641905890.60313,0
757.31,4.36,0,0,41.1,1254173,1641905890.61642,0
757.31,4.36,0,0,41.1,1254185,1641905890.62875,0
757.31,4.36,0,0,41.1,1254198,1641905890.64378,0
757.31,4.36,0,0,41.1,1254210,1641905890.65631,0
757.31,4.36,0,0,41.1,1254222,1641905890.66891,0
757.31,4.36,0,0,41.1,1254236,1641905890.68187,0
757.31,4.36,0,0,41.1,1254248,1641905890.69366,0
757.31,4.36,0,0,41.1,1254260,1641905890.70662,0
757.31,4.36,0,0,41.1,1254273,1641905890.72353,0
757.31,4.36,0,0,41.1,1254285,1641905890.73627,0
757.31,4.36,0,0,41.1,1254298,1641905890.74231,0
757.31,4.36,0,0,41.1,1254310,1641905890.7551,0
757.31,4.36,0,0,41.1,1254323,1641905890.76734,0
757.31,4.36,0,0,41.1,1254335,1641905890.78002,0
757.31,4.36,0,0,41.1,1254347,1641905890.79161,0
757.31,4.36,0,0,41.1,1254361,1641905890.80392,0
757.31,4.36,0,0,41.1,1254373,1641905890.81602,0
757.31,4.36,0,0,41.1,1254385,1641905890.82859,0
757.31,4.36,0,0,41.1,1254397,1641905890.84111,0
757.31,4.36,0,0,41.1,1254410,1641905890.85369,0
757.31,4.36,0,0,41.1,1254422,1641905890.86624,0
757.31,4.36,0,0,41.1,1254435,1641905890.88229,0
757.31,4.36,0,0,41.1,1254448,1641905890.89466,0
757.31,4.36,0,0,41.1,1254460,1641905890.90734,0
757.31,4.36,0,0,41.1,1254472,1641905890.91905,0
757.31,4.36,0,0,41.1,1254484,1641905890.93115,0
757.31,4.36,0,0,41.1,1254498,1641905890.94897,0
757.31,4.36,0,0,41.1,1254510,1641905890.95877,0
757.31,4.36,0,0,41.1,1254522,1641905890.96842,0
757.31,4.36,0,0,41.1,1254535,1641905890.98166,0
757.31,4.36,0,0,41.1,1254547,1641905890.99326,0
757.31,4.36,0,0,41.1,1254560,1641905891.00463,0
757.31,4.36,0,0,41.1,1254573,1641905891.01726,0
757.31,4.36,0,0,41.1,1254585,1641905891.02991,0
757.31,4.36,0,0,41.1,1254597,1641905891.04122,0
757.31,4.36,0,0,41.1,1254609,1641905891.05399,0
757.31,4.36,0,0,41.1,1254623,1641905891.06634,0
757.31,4.36,0,0,41.1,1254635,1641905891.07869,0
757.31,4.36,0,0,41.1,1254647,1641905891.09083,0
757.31,4.36,0,0,41.1,1254660,1641905891.11214,0
757.31,4.36,0,0,41.1,1254672,1641905891.12103,0
757.31,4.36,0,0,41.1,1254685,1641905891.13201,0
757.31,4.36,0,0,41.1,1254697,1641905891.14439,0
757.31,4.36,0,0,41.1,1254710,1641905891.15581,0
757.31,4.36,0,0,41.1,1254722,1641905891.18326,0
757.31,4.36,0,0,41.1,1254734,1641905891.18408,0
757.31,4.36,0,0,41.1,1254748,1641905891.1948,0
757.31,4.36,0,0,41.1,1254760,1641905891.20606,0
757.31,4.36,0,0,41.1,1254772,1641905891.2182,0
757.31,4.36,0,0,41.1,1254785,1641905891.23045,0
757.31,4.36,0,0,41.1,1254797,1641905891.243,0
757.31,4.36,0,0,41.1,1254810,1641905891.25433,0
757.31,4.36,0,0,41.1,1254822,1641905891.26659,0
757.31,4.36,0,0,41.1,1254835,1641905891.27918,0
757.31,4.36,0,0,41.1,1254847,1641905891.29176,0
757.31,4.36,0,0,41.1,1254859,1641905891.30504,0
757.31,4.36,0,0,41.1,1254873,1641905891.31697,0
757.31,4.36,0,0,41.1,1254885,1641905891.32822,0
757.31,4.36,0,0,41.1,1254897,1641905891.34519,0
757.31,4.36,0,0,41.1,1254909,1641905891.35772,0
757.31,4.36,0,0,41.1,1254923,1641905891.37016,0
757.31,4.36,0,0,41.1,1254935,1641905891.38119,0
757.31,4.36,0,0,41.1,1254947,1641905891.39466,0
757.31,4.36,0,0,41.1,1254960,1641905891.40663,0
757.31,4.36,0,0,41.1,1254972,1641905891.4187,0
757.31,4.36,0,0,41.1,1254985,1641905891.43057,0
757.31,4.36,0,0,41.1,1254998,1641905891.44418,0
757.31,4.36,0,0,41.1,1255010,1641905891.45626,0
757.31,4.36,0,0,41.1,1255022,1641905891.46808,0
757.31,4.36,0,0,41.1,1255035,1641905891.48007,0
757.31,4.36,0,0,41.1,1255048,1641905891.49284,0
757.31,4.36,0,0,41.1,1255060,1641905891.50465,0
757.31,4.36,0,0,41.1,1255072,1641905891.517,0
757.31,4.36,0,0,41.1,1255086,1641905891.52912,0
757.31,4.36,0,0,41.1,1255098,1641905891.54579,0
757.31,4.36,0,0,41.1,1255110,1641905891.55803,0
757.31,4.36,0,0,41.1,1255122,1641905891.57039,0
757.31,4.36,0,0,41.1,1255135,1641905891.58305,0
757.31,4.36,0,0,41.1,1255148,1641905891.59514,0
757.31,4.36,0,0,41.1,1255160,1641905891.60814,0
757.31,4.36,0,0,41.1,1255173,1641905891.61966,0
757.31,4.36,0,0,41.1,1255185,1641905891.63321,0
757.31,4.36,0,0,41.1,1255198,1641905891.64361,0
757.31,4.36,0,0,41.1,1255211,1641905891.65587,0
757.31,4.36,0,0,41.1,1255223,1641905891.66835,0
757.31,4.36,0,0,41.1,1255235,1641905891.68063,0
757.31,4.36,0,0,41.1,1255248,1641905891.69317,0
757.31,4.36,0,0,41.1,1255261,1641905891.70538,0
757.31,4.36,0,0,41.1,1255273,1641905891.71777,0
757.31,4.36,0,0,41.1,1255285,1641905891.7359,0
757.31,4.36,0,0,41.1,1255299,1641905891.74944,0
757.31,4.36,0,0,41.1,1255311,1641905891.75871,0
757.31,4.36,0,0,41.1,1255323,1641905891.77089,0
757.31,4.36,0,0,41.1,1255335,1641905891.78313,0
757.31,4.36,0,0,41.1,1255349,1641905891.79592,0
757.31,4.36,0,0,41.1,1255361,1641905891.80808,0
757.31,4.36,0,0,41.1,1255373,1641905891.8216,0
757.31,4.36,0,0,41.1,1255386,1641905891.83577,0
757.31,4.36,0,0,41.1,1255398,1641905891.84889,0
757.31,4.36,0,0,41.1,1255411,1641905891.85677,0
757.31,4.36,0,0,41.1,1255424,1641905891.87063,0
757.31,4.36,0,0,41.1,1255436,1641905891.88217,0
757.31,4.36,0,0,41.1,1255448,1641905891.89344,0
757.31,4.36,0,0,41.1,1255461,1641905891.90899,0
757.31,4.36,0,0,41.1,1255474,1641905891.92005,0
757.31,4.36,0,0,41.1,1255486,1641905891.94157,0
757.31,4.36,0,0,41.1,1255498,1641905891.94832,0
757.31,4.36,0,0,41.1,1255512,1641905891.95906,0
757.31,4.36,0,0,41.1,1255524,1641905891.97163,0
757.31,4.36,0,0,41.1,1255536,1641905891.98408,0
757.31,4.36,0,0,41.1,1255548,1641905891.99558,0
757.31,4.36,0,0,41.1,1255562,1641905892.00815,0
757.31,4.36,0,0,41.1,1255574,1641905892.02069,0
757.31,4.36,0,0,41.1,1255586,1641905892.0329,0
757.31,4.36,0,0,41.1,1255599,1641905892.04513,0
757.31,4.36,0,0,41.1,1255611,1641905892.05861,0
757.31,4.36,0,0,41.1,1255624,1641905892.06942,0
757.31,4.36,0,0,41.1,1255636,1641905892.09351,0
757.31,4.36,0,0,41.1,1255649,1641905892.09668,0
757.31,4.36,0,0,41.1,1255661,1641905892.1099,0
757.31,4.36,0,0,41.1,1255674,1641905892.11882,0
