446.25,0,0,0,41.33,363419,1641904998.73405,0
446.25,0,0,0,41.33,363439,1641904998.73482,0
446.25,0,0,0,41.33,363459,1641904998.73559,0
446.25,0,0,0,41.33,363479,1641904998.73625,0
446.25,0,0,0,41.33,363499,1641904998.7369,0
446.25,0,0,0,41.33,363518,1641904998.73754,0
446.25,0,0,0,41.33,363539,1641904998.73818,0
446.25,0,0,0,41.33,363558,1641904998.73882,0
446.25,0,0,0,41.33,363579,1641904998.78225,0
446.25,0,0,0,41.33,363599,1641904998.78331,0
446.25,0,0,0,41.33,363619,1641904998.83589,0
446.25,0,0,0,41.33,363639,1641904998.83736,0
446.25,0,0,0,41.33,363659,1641904998.83891,0
446.25,0,0,0,41.33,363679,1641904998.86291,0
446.25,0,0,0,41.33,363699,1641904998.86384,0
446.25,0,0,0,41.33,363719,1641904998.88344,0
446.25,0,0,0,41.33,363739,1641904998.90537,0
446.25,0,0,0,41.33,363759,1641904998.9256,0
446.25,0,0,0,41.33,363779,1641904998.94526,0
446.25,0,0,0,41.33,363799,1641904998.96713,0
446.25,0,0,0,41.33,363819,1641904998.98238,0
446.25,0,0,0,41.33,363839,1641904999.00317,0
446.25,0,0,0,41.33,363858,1641904999.0322,0
446.25,0,0,0,41.33,363879,1641904999.05312,0
446.25,0,0,0,41.33,363898,1641904999.07256,0
446.25,0,0,0,41.33,363919,1641904999.09384,0
446.25,0,0,0,41.33,363939,1641904999.10735,0
446.25,0,0,0,41.33,363959,1641904999.12578,0
446.25,0,0,0,41.33,363979,1641904999.14626,0
446.25,0,0,0,41.33,363999,1641904999.16232,0
446.25,0,0,0,41.33,364019,1641904999.18268,0
446.25,0,0,0,41.33,364039,1641904999.20413,0
446.25,0,0,0,41.33,364059,1641904999.22448,0
446.25,0,0,0,41.33,364079,1641904999.24517,0
446.25,0,0,0,41.33,364099,1641904999.26447,0
446.25,0,0,0,41.33,364119,1641904999.28616,0
446.25,0,0,0,41.33,364139,1641904999.30778,0
446.25,0,0,0,41.33,364158,1641904999.32924,0
446.25,0,0,0,41.33,364179,1641904999.34428,0
446.25,0,0,0,41.33,364198,1641904999.36451,0
446.25,0,0,0,41.33,364219,1641904999.38489,0
446.25,0,0,0,41.33,364239,1641904999.40644,0
446.25,0,0,0,41.33,364259,1641904999.42391,0
446.25,0,0,0,41.33,364279,1641904999.44521,0
446.25,0,0,0,41.33,364299,1641904999.46458,0
446.25,0,0,0,41.33,364319,1641904999.4853,0
446.25,0,0,0,41.33,364339,1641904999.5062,0
446.25,0,0,0,41.33,364359,1641904999.52646,0
446.25,0,0,0,41.33,364379,1641904999.54367,0
446.25,0,0,0,41.33,364399,1641904999.56375,0
446.25,0,0,0,41.33,364419,1641904999.58437,0
446.25,0,0,0,41.33,364439,1641904999.6038,0
446.25,0,0,0,41.33,364459,1641904999.62498,0
446.25,0,0,0,41.33,364479,1641904999.64568,0
446.25,0,0,0,41.33,364498,1641904999.66665,0
446.25,0,0,0,41.33,364519,1641904999.6867,0
446.25,0,0,0,41.33,364538,1641904999.70367,0
446.25,0,0,0,41.33,364559,1641904999.72366,0
446.25,0,0,0,41.33,364579,1641904999.74904,0
446.25,0,0,0,41.33,364599,1641904999.76466,0
446.25,0,0,0,41.33,364619,1641904999.78541,0
446.25,0,0,0,41.33,364639,1641904999.8048,0
446.25,0,0,0,41.33,364659,1641904999.82625,0
446.25,0,0,0,41.33,364679,1641904999.84683,0
446.25,0,0,0,41.33,364699,1641904999.86686,0
446.25,0,0,0,41.33,364719,1641904999.88393,0
446.25,0,0,0,41.33,364739,1641904999.90402,0
446.25,0,0,0,41.33,364759,1641904999.92425,0
446.25,0,0,0,41.33,364779,1641904999.9443,0
446.25,0,0,0,41.33,364798,1641904999.9647,0
446.25,0,0,0,41.33,364819,1641904999.98583,0
446.25,0,0,0,41.33,364838,1641905000.0063,0
446.25,0,0,0,41.33,364859,1641905000.02703,0
446.25,0,0,0,41.33,364879,1641905000.04717,0
446.25,0,0,0,41.33,364899,1641905000.06424,0
446.25,0,0,0,41.33,364919,1641905000.08465,0
446.25,0,0,0,41.33,364939,1641905000.1047,0
446.25,0,0,0,41.33,364959,1641905000.12508,0
446.25,0,0,0,41.33,364979,1641905000.15005,0
446.25,0,0,0,41.33,364999,1641905000.16739,0
446.25,0,0,0,41.33,365019,1641905000.19076,0
446.25,0,0,0,41.33,365039,1641905000.20706,0
446.25,0,0,0,41.33,365059,1641905000.22771,0
446.25,0,0,0,41.33,365079,1641905000.24337,0
446.25,0,0,0,41.33,365099,1641905000.26372,0
446.25,0,0,0,41.33,365119,1641905000.28447,0
446.25,0,0,0,41.33,365138,1641905000.30489,0
446.25,0,0,0,41.33,365159,1641905000.32572,0
446.25,0,0,0,41.33,365178,1641905000.34609,0
446.25,0,0,0,41.33,365199,1641905000.3666,0
446.25,0,0,0,41.33,365219,1641905000.38791,0
446.25,0,0,0,41.33,365239,1641905000.40823,0
446.25,0,0,0,41.33,365259,1641905000.4243,0
446.25,0,0,0,41.33,365279,1641905000.44573,0
446.25,0,0,0,41.33,365299,1641905000.46609,0
446.25,0,0,-0.01,41.33,365320,1641905000.48658,0
446.25,0,0,-0.01,41.33,365339,1641905000.50693,0
446.25,0,0,0,41.33,365360,1641905000.52734,0
446.25,0,0,0,41.33,365379,1641905000.54796,0
446.25,0,0,-0.01,41.33,365400,1641905000.56844,0
446.25,0,0,-0.01,41.33,365419,1641905000.58838,0
446.25,0,0,-0.01,41.33,365440,1641905000.60778,0
446.25,0,0,0,41.33,365459,1641905000.62504,0
446.25,0,0,0,41.33,365479,1641905000.64521,0
446.25,0,0,-0.01,41.33,365499,1641905000.6654,0
446.25,0,0,-0.01,41.33,365519,1641905000.68603,0
446.25,0,0,-0.01,41.33,365540,1641905000.70645,0
446.25,0,0,0,41.33,365559,1641905000.72892,0
446.25,0,0,0,41.33,365579,1641905000.74835,0
446.25,0,0,-0.01,41.33,365599,1641905000.76756,0
446.25,0,0,-0.01,41.33,365620,1641905000.78796,0
446.25,0,0,-0.01,41.33,365639,1641905000.80853,0
446.25,0,0,0,41.33,365660,1641905000.82568,0
446.25,0,0,-0.01,41.33,365679,1641905000.84628,0
446.25,0,0,-0.01,41.33,365700,1641905000.86637,0
446.25,0,0,-0.01,41.33,365719,1641905000.88712,0
446.25,0,0,-0.01,41.33,365740,1641905000.908,0
446.25,0,0,0,41.33,365759,1641905000.92909,0
446.25,0,0,-0.01,41.33,365779,1641905000.94852,0
446.25,0,0,-0.01,41.33,365799,1641905000.97283,0
446.25,0,0,-0.01,41.33,365819,1641905000.98951,0
446.25,0,0,-0.01,41.33,365840,1641905001.00474,0
446.25,0,0,-0.01,41.33,365859,1641905001.03318,0
446.25,0,0,-0.01,41.33,365880,1641905001.04645,0
446.25,0,0,-0.01,41.33,365899,1641905001.06657,0
446.25,0,0,-0.01,41.33,365920,1641905001.08707,0
446.25,0,0,-0.01,41.33,365939,1641905001.10749,0
446.25,0,0,-0.01,41.33,365960,1641905001.1299,0
446.25,0,0,-0.01,41.33,365979,1641905001.14994,0
446.25,0,0,-0.01,41.33,366000,1641905001.16989,0
446.25,0,0,-0.01,41.33,366019,1641905001.18583,0
446.25,0,0,-0.01,41.33,366040,1641905001.20659,0
446.25,0,0,-0.01,41.33,366059,1641905001.228,0
446.25,0,0,-0.01,41.33,366080,1641905001.24799,0
446.25,0,0,-0.01,41.33,366100,1641905001.26835,0
446.25,0,0,-0.01,41.33,366119,1641905001.28909,0
446.25,0,0,-0.01,41.33,366140,1641905001.30952,0
446.25,0,0,-0.01,41.33,366159,1641905001.3297,0
446.25,0,0,-0.01,41.33,366180,1641905001.34968,0
446.25,0,0,-0.01,41.33,366199,1641905001.36997,0
446.25,0,0,-0.01,41.33,366220,1641905001.38704,0
446.25,0,0,-0.01,41.33,366239,1641905001.40733,0
446.25,0,0,-0.01,41.33,366260,1641905001.42828,0
446.25,0,0,-0.01,41.33,366279,1641905001.44844,0
446.25,0,0,-0.01,41.33,366300,1641905001.47343,0
446.25,0,0,-0.01,41.33,366319,1641905001.49132,0
446.25,0,0,-0.01,41.33,366340,1641905001.51185,0
446.25,0,0,0,41.33,366359,1641905001.53275,0
446.25,0,0,-0.01,41.33,366380,1641905001.55079,0
446.25,0,0,-0.01,41.33,366399,1641905001.56781,0
446.25,0,0,-0.01,41.33,366419,1641905001.58742,0
446.25,0,0,-0.01,41.33,366440,1641905001.60847,0
446.25,0,0,0,41.33,366459,1641905001.6316,0
446.25,0,0,-0.01,41.33,366480,1641905001.64861,0
446.25,0,0,-0.01,41.33,366499,1641905001.66867,0
446.25,0,0,-0.01,41.33,366520,1641905001.69057,0
446.25,0,0,-0.01,41.33,366539,1641905001.71061,0
446.25,0,0,0,41.33,366559,1641905001.72608,0
446.25,0,0,-0.01,41.33,366579,1641905001.74759,0
446.25,0,0,-0.01,41.33,366600,1641905001.76699,0
446.25,0,0,-0.01,41.33,366619,1641905001.7873,0
446.25,0,0,-0.01,41.33,366640,1641905001.80878,0
446.25,0,0,0,41.33,366659,1641905001.82923,0
446.25,0,0,-0.01,41.33,366680,1641905001.84928,0
446.25,0,0,-0.01,41.33,366699,1641905001.86941,0
446.25,0,0,-0.01,41.33,366720,1641905001.89092,0
446.25,0,0,-0.01,41.33,366740,1641905001.91123,0
446.25,0,0,-0.01,41.33,366759,1641905001.92787,0
446.25,0,0,-0.01,41.33,366780,1641905001.9484,0
446.25,0,0,-0.01,41.33,366799,1641905001.96784,0
446.25,0,0,-0.01,41.33,366820,1641905001.98907,0
446.25,0,0,-0.01,41.33,366839,1641905002.01003,0
446.25,0,0,-0.01,41.33,366860,1641905002.03005,0
446.25,0,0,-0.01,41.33,366879,1641905002.05024,0
446.25,0,0,-0.01,41.33,366900,1641905002.07041,0
446.25,0,0,-0.01,41.33,366919,1641905002.0908,0
446.25,0,0,-0.01,41.33,366940,1641905002.10939,0
446.25,0,0,-0.01,41.33,366959,1641905002.12814,0
446.25,0,0,-0.01,41.33,366980,1641905002.14891,0
446.25,0,0,-0.01,41.33,366999,1641905002.16926,0
446.25,0,0,-0.01,41.33,367020,1641905002.18973,0
446.25,0,0,-0.01,41.33,367040,1641905002.21122,0
446.25,0,0,-0.01,41.33,367059,1641905002.2303,0
446.25,0,0,-0.01,41.33,367080,1641905002.25078,0
446.25,0,0,-0.01,41.33,367099,1641905002.27157,0
446.25,0,0,-0.01,41.33,367120,1641905002.28746,0
446.25,0,0,-0.01,41.33,367139,1641905002.30927,0
446.25,0,0,-0.01,41.33,367160,1641905002.32845,0
446.25,0,0,-0.01,41.33,367179,1641905002.34975,0
446.25,0,0,-0.01,41.33,367200,1641905002.36919,0
446.25,0,0,-0.01,41.33,367219,1641905002.39047,0
446.25,0,0,-0.01,41.33,367240,1641905002.41186,0
446.25,0,0,-0.01,41.33,367259,1641905002.43152,0
446.25,0,0,-0.01,41.33,367280,1641905002.4509,0
446.25,0,0,-0.01,41.33,367299,1641905002.46795,0
446.25,0,0,-0.01,41.33,367320,1641905002.48845,0
446.25,0,0,-0.01,41.33,367339,1641905002.51758,0
446.25,0,0,-0.01,41.33,367360,1641905002.53091,0
446.25,0,0,-0.01,41.33,367380,1641905002.5497,0
446.25,0,0,-0.01,41.33,367399,1641905002.56951,0
446.25,0,0,-0.01,41.33,367420,1641905002.59043,0
446.25,0,0,-0.01,41.33,367439,1641905002.61187,0
446.25,0,0,-0.01,41.33,367460,1641905002.63738,0
446.25,0,0,-0.01,41.33,367479,1641905002.65221,0
446.25,0,0,-0.01,41.33,367500,1641905002.66912,0
446.25,0,0,-0.01,41.33,367519,1641905002.69044,0
446.25,0,0,-0.01,41.33,367540,1641905002.70976,0
446.25,0,0,-0.01,41.33,367559,1641905002.72988,0
446.25,0,0,-0.01,41.33,367580,1641905002.75012,0
446.25,0,0,-0.01,41.33,367599,1641905002.77125,0
446.25,0,0,-0.01,41.33,367620,1641905002.792,0
446.25,0,0,-0.01,41.33,367639,1641905002.81265,0
446.25,0,0,-0.01,41.33,367660,1641905002.82834,0
446.25,0,0,-0.01,41.33,367680,1641905002.84941,0
446.25,0,0,-0.01,41.33,367699,1641905002.87505,0
446.25,0,0,-0.01,41.33,367720,1641905002.89394,0
446.25,0,0,-0.01,41.33,367739,1641905002.91063,0
446.25,0,0,-0.01,41.33,367760,1641905002.93044,0
446.25,0,0,-0.01,41.33,367779,1641905002.95057,0
446.25,0,0,-0.01,41.33,367800,1641905002.97064,0
446.25,0,0,-0.01,41.33,367819,1641905002.99252,0
446.25,0,0,-0.01,41.33,367840,1641905003.00923,0
446.25,0,0,-0.01,41.33,367859,1641905003.02916,0
446.25,0,0,-0.01,41.33,367880,1641905003.04993,0
446.25,0,0,-0.01,41.33,367899,1641905003.07053,0
446.25,0,0,-0.01,41.33,367920,1641905003.09101,0
446.25,0,0,-0.01,41.33,367939,1641905003.11281,0
446.25,0,0,-0.01,41.33,367960,1641905003.13144,0
446.25,0,0,-0.01,41.33,367979,1641905003.15257,0
446.25,0,0,-0.01,41.33,368000,1641905003.17309,0
446.25,0,0,-0.01,41.33,368020,1641905003.18875,0
446.25,0,0,-0.01,41.33,368039,1641905003.21001,0
446.25,0,0,-0.01,41.33,368060,1641905003.23,0
446.25,0,0,-0.01,41.33,368079,1641905003.25036,0
446.25,0,0,-0.01,41.33,368100,1641905003.2708,0
446.25,0,0,-0.01,41.33,368119,1641905003.29154,0
446.25,0,0,-0.01,41.33,368140,1641905003.31239,0
446.25,0,0,-0.01,41.33,368159,1641905003.33259,0
446.25,0,0,-0.01,41.33,368180,1641905003.35333,0
446.25,0,0,-0.01,41.33,368199,1641905003.37365,0
446.25,0,0,-0.01,41.33,368220,1641905003.38944,0
446.25,0,0,-0.01,41.33,368239,1641905003.41041,0
446.25,0,0,-0.01,41.33,368260,1641905003.43099,0
446.25,0,0,-0.01,41.33,368279,1641905003.45139,0
446.25,0,0,-0.01,41.33,368300,1641905003.47229,0
446.25,0,0,-0.01,41.33,368320,1641905003.49366,0
446.25,0,0,-0.01,41.33,368339,1641905003.51319,0
446.25,0,0,-0.01,41.33,368360,1641905003.53285,0
446.25,0,0,-0.01,41.33,368379,1641905003.55313,0
446.25,0,0,-0.01,41.33,368400,1641905003.56977,0
446.25,0,0,-0.01,41.33,368419,1641905003.59021,0
446.25,0,0,-0.01,41.33,368440,1641905003.61058,0
446.25,0,0,-0.01,41.33,368459,1641905003.63162,0
446.25,0,0,-0.01,41.33,368480,1641905003.65198,0
446.25,0,0,-0.01,41.33,368499,1641905003.67264,0
446.25,0,0,-0.01,41.33,368520,1641905003.69402,0
446.25,0,0,-0.01,41.33,368539,1641905003.71382,0
446.25,0,0,-0.01,41.33,368560,1641905003.73322,0
446.25,0,0,-0.01,41.33,368579,1641905003.75,0
446.25,0,0,-0.01,41.33,368600,1641905003.77019,0
446.25,0,0,-0.01,41.33,368619,1641905003.79148,0
446.25,0,0,-0.01,41.33,368640,1641905003.81185,0
446.25,0,0,-0.01,41.33,368660,1641905003.83171,0
446.25,0,0,-0.01,41.33,368679,1641905003.85228,0
446.25,0,0,-0.01,41.33,368700,1641905003.87287,0
446.25,0,0,-0.01,41.33,368719,1641905003.89383,0
446.25,0,0,0,41.33,368739,1641905003.919,0
446.25,0,0,-0.01,41.33,368759,1641905003.92997,0
446.25,0,0,-0.01,41.33,368780,1641905003.94975,0
446.25,0,0,-0.01,41.33,368799,1641905003.97107,0
446.25,0,0,-0.01,41.33,368820,1641905003.99169,0
446.25,0,0,0,41.33,368839,1641905004.01261,0
446.25,0,0,-0.01,41.33,368860,1641905004.03225,0
446.25,0,0,-0.01,41.33,368879,1641905004.05262,0
446.25,0,0,-0.01,41.33,368900,1641905004.07301,0
446.25,0,0,-0.01,41.33,368919,1641905004.09357,0
446.25,0,0,-0.01,41.33,368940,1641905004.1103,0
446.25,0,0,-0.01,41.33,368960,1641905004.1306,0
446.25,0,0,-0.01,41.33,368979,1641905004.15067,0
446.25,0,0,-0.01,41.33,369000,1641905004.17099,0
446.25,0,0,-0.01,41.33,369019,1641905004.19207,0
446.25,0,0,-0.01,41.33,369040,1641905004.21251,0
446.25,0,0,-0.01,41.33,369059,1641905004.24021,0
446.25,0,0,-0.01,41.33,369080,1641905004.25656,0
446.25,0,0,-0.01,41.33,369099,1641905004.27644,0
446.25,0,0,-0.01,41.33,369120,1641905004.29085,0
446.25,0,0,-0.01,41.33,369139,1641905004.31705,0
446.25,0,0,-0.01,41.33,369160,1641905004.33263,0
446.25,0,0,-0.01,41.33,369179,1641905004.35276,0
446.25,0,0,-0.01,41.33,369200,1641905004.37287,0
446.25,0,0,-0.01,41.33,369219,1641905004.39318,0
446.25,0,0,-0.01,41.33,369240,1641905004.4137,0
446.25,0,0,-0.01,41.33,369259,1641905004.43786,0
446.25,0,0,-0.01,41.33,369280,1641905004.45434,0
446.25,0,0,-0.01,41.33,369300,1641905004.4699,0
446.25,0,0,-0.01,41.33,369319,1641905004.49144,0
446.25,0,0,-0.01,41.33,369340,1641905004.51089,0
446.25,0,0,-0.01,41.33,369359,1641905004.53173,0
446.25,0,0,-0.01,41.33,369380,1641905004.55185,0
446.25,0,0,-0.01,41.33,369399,1641905004.57744,0
446.25,0,0,-0.01,41.33,369420,1641905004.59919,0
446.25,0,0,-0.01,41.33,369439,1641905004.61405,0
446.25,0,0,-0.01,41.33,369460,1641905004.63395,0
446.25,0,0,-0.01,41.33,369479,1641905004.65065,0
446.25,0,0,-0.01,41.33,369500,1641905004.67148,0
446.25,0,0,-0.01,41.33,369519,1641905004.69177,0
446.25,0,0,-0.01,41.33,369540,1641905004.71281,0
446.25,0,0,-0.01,41.33,369559,1641905004.73326,0
446.25,0,0,-0.01,41.33,369580,1641905004.75373,0
446.25,0,0,-0.01,41.33,369600,1641905004.77394,0
446.25,0,0,-0.01,41.33,369619,1641905004.79519,0
446.25,0,0,-0.01,41.33,369640,1641905004.81552,0
446.25,0,0,-0.01,41.33,369659,1641905004.83148,0
446.25,0,0,-0.01,41.33,369680,1641905004.85176,0
446.25,0,0,-0.01,41.33,369699,1641905004.8725,0
446.25,0,0,-0.01,41.33,369720,1641905004.89278,0
446.25,0,0,-0.01,41.33,369739,1641905004.91459,0
446.25,0,0,-0.01,41.33,369760,1641905004.93388,0
446.25,0,0,-0.01,41.33,369779,1641905004.95467,0
446.25,0,0,-0.01,41.33,369800,1641905004.97511,0
446.25,0,0,-0.01,41.33,369819,1641905004.99585,0
446.25,0,0,-0.01,41.33,369840,1641905005.01229,0
446.25,0,0,-0.01,41.33,369859,1641905005.0328,0
446.25,0,0,-0.01,41.33,369880,1641905005.05304,0
446.25,0,0,-0.01,41.33,369899,1641905005.07317,0
446.25,0,0,-0.01,41.33,369920,1641905005.09324,0
446.25,0,0,-0.01,41.33,369939,1641905005.11443,0
446.25,0,0,-0.01,41.33,369959,1641905005.1344,0
446.25,0,0,-0.01,41.33,369980,1641905005.15488,0
446.25,0,0,-0.01,41.33,369999,1641905005.17601,0
446.25,0,0,0,41.33,370019,1641905005.19154,0
446.25,0,0,-0.01,41.33,370039,1641905005.22305,0
446.25,0,0,-0.01,41.33,370060,1641905005.23407,0
446.25,0,0,-0.01,41.33,370079,1641905005.25251,0
446.25,0,0,-0.01,41.33,370100,1641905005.27306,0
446.25,0,0,0,41.33,370119,1641905005.29374,0
446.25,0,0,-0.01,41.33,370140,1641905005.31361,0
446.25,0,0,-0.01,41.33,370159,1641905005.33415,0
446.25,0,0,-0.01,41.33,370180,1641905005.36408,0
446.25,0,0,-0.01,41.33,370199,1641905005.37329,0
446.25,0,0,0,41.33,370220,1641905005.39771,0
446.25,0,0,-0.01,41.33,370239,1641905005.41356,0
446.25,0,0,-0.01,41.33,370259,1641905005.43348,0
446.25,0,0,-0.01,41.33,370280,1641905005.45362,0
446.25,0,0,-0.01,41.33,370299,1641905005.47931,0
446.25,0,0,0,41.33,370319,1641905005.50123,0
446.25,0,0,-0.01,41.33,370339,1641905005.51503,0
446.25,0,0,-0.01,41.33,370359,1641905005.53486,0
446.25,0,0,-0.01,41.33,370379,1641905005.5553,0
446.25,0,0,-0.01,41.33,370400,1641905005.57282,0
446.25,0,0,0,41.33,370419,1641905005.59212,0
446.25,0,0,-0.01,41.33,370440,1641905005.62058,0
446.25,0,0,-0.01,41.33,370459,1641905005.63703,0
446.25,0,0,-0.01,41.33,370480,1641905005.65356,0
446.25,0,0,-0.01,41.33,370499,1641905005.67573,0
446.25,0,0,0,41.33,370520,1641905005.69494,0
446.25,0,0,-0.01,41.33,370539,1641905005.71634,0
446.25,0,0,-0.01,41.33,370560,1641905005.73263,0
446.25,0,0,-0.01,41.33,370580,1641905005.75334,0
446.25,0,0,-0.01,41.33,370599,1641905005.77378,0
446.25,0,0,0,41.33,370619,1641905005.79362,0
446.25,0,0,-0.01,41.33,370639,1641905005.81473,0
446.25,0,0,-0.01,41.33,370659,1641905005.83525,0
446.25,0,0,-0.01,41.33,370679,1641905005.85543,0
446.25,0,0,-0.01,41.33,370700,1641905005.87581,0
446.25,0,0,0,41.33,370719,1641905005.89602,0
446.25,0,0,-0.01,41.33,370740,1641905005.91639,0
446.25,0,0,-0.01,41.33,370759,1641905005.93348,0
446.25,0,0,-0.01,41.33,370780,1641905005.95397,0
446.25,0,0,-0.01,41.33,370799,1641905005.97403,0
446.25,0,0,0,41.33,370820,1641905005.99542,0
446.25,0,0,-0.01,41.33,370839,1641905006.01473,0
446.25,0,0,-0.01,41.33,370860,1641905006.03617,0
446.25,0,0,-0.01,41.33,370880,1641905006.0565,0
446.25,0,0,-0.01,41.33,370899,1641905006.07663,0
446.25,0,0,0,41.33,370919,1641905006.09375,0
446.25,0,0,-0.01,41.33,370939,1641905006.1141,0
446.25,0,0,-0.01,41.33,370959,1641905006.13383,0
446.25,0,0,-0.01,41.33,370979,1641905006.15766,0
446.25,0,0,-0.01,41.33,371000,1641905006.17481,0
446.25,0,0,0,41.33,371019,1641905006.19589,0
446.25,0,0,-0.01,41.33,371040,1641905006.21546,0
446.25,0,0,-0.01,41.33,371059,1641905006.23572,0
446.25,0,0,-0.01,41.33,371080,1641905006.25627,0
446.25,0,0,-0.01,41.33,371099,1641905006.27669,0
446.25,0,0,0,41.33,371120,1641905006.29392,0
446.25,0,0,-0.01,41.33,371139,1641905006.31393,0
446.25,0,0,-0.01,41.33,371160,1641905006.33424,0
446.25,0,0,-0.01,41.33,371179,1641905006.35461,0
446.25,0,0,-0.01,41.33,371200,1641905006.37587,0
446.25,0,0,0,41.33,371219,1641905006.39677,0
446.25,0,0,-0.01,41.33,371239,1641905006.42135,0
446.25,0,0,-0.01,41.33,371259,1641905006.43854,0
446.25,0,0,-0.01,41.33,371279,1641905006.45709,0
446.25,0,0,-0.01,41.33,371300,1641905006.48277,0
446.25,0,0,0,41.33,371319,1641905006.50109,0
446.25,0,0,-0.01,41.33,371340,1641905006.51411,0
446.25,0,0,-0.01,41.33,371359,1641905006.53507,0
446.25,0,0,-0.01,41.33,371380,1641905006.55551,0
446.25,0,0,-0.01,41.33,371399,1641905006.57616,0
446.25,0,0,0,41.33,371420,1641905006.59679,0
446.25,0,0,-0.01,41.33,371439,1641905006.61648,0
446.25,0,0,-0.01,41.33,371460,1641905006.6374,0
446.25,0,0,-0.01,41.33,371479,1641905006.65357,0
446.25,0,0,-0.01,41.33,371500,1641905006.67439,0
446.25,0,0,0,41.33,371519,1641905006.69615,0
446.25,0,0,-0.01,41.33,371539,1641905006.71572,0
446.25,0,0,-0.01,41.33,371559,1641905006.73587,0
446.25,0,0,-0.01,41.33,371579,1641905006.75636,0
446.25,0,0,-0.01,41.33,371600,1641905006.77667,0
446.25,0,0,0,41.33,371619,1641905006.79758,0
446.25,0,0,-0.01,41.33,371640,1641905006.8177,0
446.25,0,0,-0.01,41.33,371659,1641905006.83454,0
446.25,0,0,-0.01,41.33,371680,1641905006.85505,0
446.25,0,0,-0.01,41.33,371699,1641905006.87914,0
446.25,0,0,0,41.33,371720,1641905006.89623,0
446.25,0,0,-0.01,41.33,371739,1641905006.91623,0
446.25,0,0,-0.01,41.33,371760,1641905006.94456,0
446.25,0,0,-0.01,41.33,371779,1641905006.96379,0
446.25,0,0,-0.01,41.33,371800,1641905006.97724,0
446.25,0,0,0,41.33,371819,1641905006.99846,0
446.25,0,0,-0.01,41.33,371840,1641905007.01974,0
446.25,0,0,-0.01,41.33,371859,1641905007.03494,0
446.25,0,0,-0.01,41.33,371879,1641905007.05507,0
446.25,0,0,0,41.33,371899,1641905007.07516,0
446.25,0,0,0,41.33,371919,1641905007.09619,0
446.25,0,0,-0.01,41.33,371939,1641905007.11629,0
446.25,0,0,-0.01,41.33,371959,1641905007.13662,0
446.25,0,0,-0.01,41.33,371980,1641905007.15734,0
446.25,0,0,0,41.33,371999,1641905007.18316,0
446.25,0,0,0,41.33,372020,1641905007.19604,0
446.25,0,0,-0.01,41.33,372039,1641905007.21464,0
446.25,0,0,-0.01,41.33,372060,1641905007.23471,0
446.25,0,0,-0.01,41.33,372079,1641905007.2556,0
446.25,0,0,0,41.33,372100,1641905007.27598,0
446.25,0,0,0,41.33,372119,1641905007.29625,0
446.25,0,0,-0.01,41.33,372140,1641905007.31693,0
446.25,0,0,-0.01,41.33,372160,1641905007.33701,0
446.25,0,0,-0.01,41.33,372179,1641905007.35831,0
446.25,0,0,0,41.33,372199,1641905007.37458,0
446.25,0,0,0,41.33,372219,1641905007.40397,0
446.25,0,0,-0.01,41.33,372239,1641905007.4234,0
446.25,0,0,-0.01,41.33,372259,1641905007.43624,0
446.25,0,0,-0.01,41.33,372280,1641905007.45649,0
446.25,0,0,0,41.33,372299,1641905007.47707,0
446.25,0,0,0,41.33,372319,1641905007.49781,0
446.25,0,0,-0.01,41.33,372339,1641905007.51741,0
446.25,0,0,-0.01,41.33,372360,1641905007.54949,0
446.25,0,0,-0.01,41.33,372379,1641905007.55998,0
446.25,0,0,0,41.33,372400,1641905007.57471,0
446.25,0,0,-0.01,41.33,372419,1641905007.59607,0
446.25,0,0,-0.01,41.33,372440,1641905007.61626,0
446.25,0,0,-0.01,41.33,372459,1641905007.64418,0
446.25,0,0,-0.01,41.33,372480,1641905007.65736,0
446.25,0,0,0,41.33,372499,1641905007.68023,0
446.25,0,0,-0.01,41.33,372519,1641905007.70079,0
446.25,0,0,-0.01,41.33,372539,1641905007.71987,0
446.25,0,0,-0.01,41.33,372559,1641905007.73902,0
446.25,0,0,-0.01,41.33,372580,1641905007.7556,0
446.25,0,0,-0.01,41.33,372599,1641905007.77558,0
446.25,0,0,-0.01,41.33,372620,1641905007.797,0
446.25,0,0,-0.01,41.33,372639,1641905007.81811,0
446.25,0,0,-0.01,41.33,372660,1641905007.8374,0
446.25,0,0,-0.01,41.33,372679,1641905007.86439,0
446.25,0,0,-0.01,41.33,372700,1641905007.8779,0
446.25,0,0,-0.01,41.33,372719,1641905007.89915,0
446.25,0,0,-0.01,41.33,372740,1641905007.91947,0
446.25,0,0,-0.01,41.33,372759,1641905007.93517,0
446.25,0,0,-0.01,41.33,372780,1641905007.95575,0
446.25,0,0,-0.01,41.33,372800,1641905007.9763,0
446.25,0,0,-0.01,41.33,372819,1641905007.9976,0
446.25,0,0,-0.01,41.33,372840,1641905008.01776,0
446.25,0,0,-0.01,41.33,372859,1641905008.03768,0
446.25,0,0,-0.01,41.33,372880,1641905008.05875,0
446.25,0,0,-0.01,41.33,372899,1641905008.07904,0
446.25,0,0,-0.01,41.33,372920,1641905008.09981,0
446.25,0,0,-0.01,41.33,372939,1641905008.11641,0
446.25,0,0,-0.01,41.33,372960,1641905008.13642,0
446.25,0,0,-0.01,41.33,372979,1641905008.16166,0
446.25,0,0,-0.01,41.33,373000,1641905008.18277,0
446.25,0,0,-0.01,41.33,373019,1641905008.19739,0
446.25,0,0,-0.01,41.33,373040,1641905008.21783,0
446.25,0,0,-0.01,41.33,373059,1641905008.23918,0
446.25,0,0,-0.01,41.33,373080,1641905008.25933,0
446.25,0,0,-0.01,41.33,373100,1641905008.27975,0
446.25,0,0,-0.01,41.33,373120,1641905008.29558,0
446.25,0,0,-0.01,41.33,373140,1641905008.3159,0
446.25,0,0,-0.01,41.33,373159,1641905008.33691,0
446.25,0,0,-0.01,41.33,373180,1641905008.35692,0
446.25,0,0,-0.01,41.33,373199,1641905008.37847,0
446.25,0,0,-0.01,41.33,373220,1641905008.39925,0
446.25,0,0,-0.01,41.33,373239,1641905008.41918,0
446.25,0,0,-0.01,41.33,373260,1641905008.44036,0
446.25,0,0,-0.01,41.33,373279,1641905008.46059,0
446.25,0,0,-0.01,41.33,373300,1641905008.47657,0
446.25,0,0,-0.01,41.33,373319,1641905008.49772,0
446.25,0,0,-0.01,41.33,373340,1641905008.5203,0
446.25,0,0,-0.01,41.33,373359,1641905008.53826,0
446.25,0,0,-0.01,41.33,373380,1641905008.55842,0
446.25,0,0,-0.01,41.33,373399,1641905008.5787,0
446.25,0,0,-0.01,41.33,373420,1641905008.59926,0
446.25,0,0,-0.01,41.33,373440,1641905008.61925,0
446.25,0,0,-0.01,41.33,373459,1641905008.63929,0
446.25,0,0,-0.01,41.33,373480,1641905008.65642,0
446.25,0,0,-0.01,41.33,373499,1641905008.67729,0
446.25,0,0,-0.01,41.33,373520,1641905008.69763,0
446.25,0,0,-0.01,41.33,373539,1641905008.72272,0
446.25,0,0,-0.01,41.33,373560,1641905008.73975,0
446.25,0,0,-0.01,41.33,373579,1641905008.76322,0
446.25,0,0,-0.01,41.33,373600,1641905008.78322,0
446.25,0,0,-0.01,41.33,373619,1641905008.79988,0
446.25,0,0,-0.01,41.33,373640,1641905008.8204,0
446.25,0,0,-0.01,41.33,373659,1641905008.83608,0
446.25,0,0,-0.01,41.33,373680,1641905008.86707,0
446.25,0,0,-0.01,41.33,373699,1641905008.87961,0
446.25,0,0,-0.01,41.33,373720,1641905008.89771,0
446.25,0,0,-0.01,41.33,373739,1641905008.91805,0
446.25,0,0,-0.01,41.33,373760,1641905008.93902,0
446.25,0,0,-0.01,41.33,373780,1641905008.95943,0
446.25,0,0,-0.01,41.33,373799,1641905008.9797,0
446.25,0,0,-0.01,41.33,373820,1641905009.00009,0
446.25,0,0,-0.01,41.33,373839,1641905009.0212,0
446.25,0,0,-0.01,41.33,373860,1641905009.04335,0
446.25,0,0,-0.01,41.33,373879,1641905009.05804,0
446.25,0,0,-0.01,41.33,373900,1641905009.07821,0
446.25,0,0,-0.01,41.33,373919,1641905009.10617,0
446.25,0,0,-0.01,41.33,373940,1641905009.11993,0
446.25,0,0,-0.01,41.33,373959,1641905009.13986,0
446.25,0,0,-0.01,41.33,373980,1641905009.16053,0
446.25,0,0,-0.01,41.33,373999,1641905009.18147,0
446.25,0,0,-0.01,41.33,374020,1641905009.19723,0
446.25,0,0,-0.01,41.33,374040,1641905009.21743,0
446.25,0,0,-0.01,41.33,374060,1641905009.23846,0
446.25,0,0,-0.01,41.33,374080,1641905009.25905,0
446.25,0,0,-0.01,41.33,374099,1641905009.27902,0
446.25,0,0,-0.01,41.33,374120,1641905009.29977,0
446.25,0,0,-0.01,41.33,374139,1641905009.31982,0
446.25,0,0,-0.01,41.33,374160,1641905009.34008,0
446.25,0,0,-0.01,41.33,374179,1641905009.36072,0
446.25,0,0,-0.01,41.33,374200,1641905009.37788,0
446.25,0,0,-0.01,41.33,374219,1641905009.39839,0
446.25,0,0,-0.01,41.33,374240,1641905009.42406,0
446.25,0,0,-0.01,41.33,374259,1641905009.44319,0
446.25,0,0,-0.01,41.33,374280,1641905009.45987,0
446.25,0,0,-0.01,41.33,374299,1641905009.48002,0
446.25,0,0,-0.01,41.33,374320,1641905009.50507,0
446.25,0,0,-0.01,41.33,374339,1641905009.52185,0
446.25,0,0,-0.01,41.33,374360,1641905009.54068,0
446.25,0,0,-0.01,41.33,374379,1641905009.55772,0
446.25,0,0,-0.01,41.33,374400,1641905009.57828,0
446.25,0,0,-0.01,41.33,374420,1641905009.59968,0
446.25,0,0,-0.01,41.33,374439,1641905009.6196,0
446.25,0,0,-0.01,41.33,374460,1641905009.6396,0
446.25,0,0,-0.01,41.33,374479,1641905009.66637,0
446.25,0,0,-0.01,41.33,374500,1641905009.6839,0
446.25,0,0,-0.01,41.33,374519,1641905009.70098,0
446.25,0,0,-0.01,41.33,374540,1641905009.72156,0
446.25,0,0,-0.01,41.33,374559,1641905009.74168,0
446.25,0,0,-0.01,41.33,374580,1641905009.75846,0
446.25,0,0,-0.01,41.33,374599,1641905009.77888,0
446.25,0,0,-0.01,41.33,374620,1641905009.80081,0
446.25,0,0,-0.01,41.33,374639,1641905009.82553,0
446.25,0,0,-0.01,41.33,374660,1641905009.84023,0
446.25,0,0,-0.01,41.33,374680,1641905009.86027,0
446.25,0,0,-0.01,41.33,374700,1641905009.881,0
446.25,0,0,-0.01,41.33,374720,1641905009.90927,0
446.25,0,0,-0.01,41.33,374739,1641905009.92233,0
446.25,0,0,-0.01,41.33,374760,1641905009.93855,0
446.25,0,0,-0.01,41.33,374779,1641905009.95906,0
446.25,0,0,-0.01,41.33,374800,1641905009.97965,0
446.25,0,0,-0.01,41.33,374819,1641905009.99978,0
446.25,0,0,-0.01,41.33,374840,1641905010.0204,0
446.25,0,0,-0.01,41.33,374859,1641905010.04048,0
446.25,0,0,-0.01,41.33,374880,1641905010.06113,0
446.25,0,0,-0.01,41.33,374899,1641905010.08696,0
446.25,0,0,-0.01,41.33,374920,1641905010.10193,0
446.25,0,0,-0.01,41.33,374939,1641905010.11817,0
446.25,0,0,-0.01,41.33,374960,1641905010.1394,0
446.25,0,0,-0.01,41.33,374979,1641905010.15945,0
446.25,0,0,-0.01,41.33,375000,1641905010.17974,0
446.25,0,0,-0.01,41.33,375019,1641905010.20012,0
446.25,0,0,-0.01,41.33,375040,1641905010.22137,0
446.25,0,0,-0.01,41.33,375060,1641905010.24171,0
446.25,0,0,-0.01,41.33,375079,1641905010.2622,0
446.25,0,0,-0.01,41.33,375100,1641905010.28267,0
446.25,0,0,-0.01,41.33,375119,1641905010.30422,0
446.25,0,0,-0.01,41.33,375140,1641905010.32104,0
446.25,0,0,-0.01,41.33,375159,1641905010.33957,0
446.25,0,0,-0.01,41.33,375180,1641905010.36083,0
446.25,0,0,-0.01,41.33,375199,1641905010.38093,0
446.25,0,0,-0.01,41.33,375220,1641905010.40079,0
446.25,0,0,-0.01,41.33,375239,1641905010.42257,0
446.25,0,0,-0.01,41.33,375260,1641905010.44656,0
446.25,0,0,-0.01,41.33,375279,1641905010.4629,0
446.25,0,0,-0.01,41.33,375300,1641905010.47888,0
446.25,0,0,-0.01,41.33,375320,1641905010.5001,0
446.25,0,0,-0.01,41.33,375340,1641905010.52105,0
446.25,0,0,-0.01,41.33,375360,1641905010.54084,0
446.25,0,0,-0.01,41.33,375379,1641905010.56094,0
446.25,0,0,-0.01,41.33,375400,1641905010.58142,0
446.25,0,0,-0.01,41.33,375419,1641905010.60238,0
446.25,0,0,-0.01,41.33,375440,1641905010.62463,0
446.25,0,0,-0.01,41.33,375459,1641905010.64498,0
446.25,0,0,-0.01,41.33,375480,1641905010.66099,0
446.25,0,0,-0.01,41.33,375499,1641905010.685,0
446.25,0,0,-0.01,41.33,375520,1641905010.7041,0
446.25,0,0,-0.01,41.33,375539,1641905010.7214,0
446.25,0,0,-0.01,41.33,375560,1641905010.74156,0
446.25,0,0,-0.01,41.33,375579,1641905010.76205,0
446.25,0,0,-0.01,41.33,375600,1641905010.78148,0
446.25,0,0,-0.01,41.33,375619,1641905010.803,0
446.25,0,0,-0.01,41.33,375640,1641905010.82952,0
446.25,0,0,-0.01,41.33,375659,1641905010.844,0
446.25,0,0,-0.01,41.33,375680,1641905010.86231,0
446.25,0,0,-0.01,41.33,375700,1641905010.88145,0
446.25,0,0,-0.01,41.33,375719,1641905010.90147,0
446.25,0,0,-0.01,41.33,375740,1641905010.92195,0
446.25,0,0,-0.01,41.33,375759,1641905010.94249,0
446.25,0,0,-0.01,41.33,375780,1641905010.96266,0
446.25,0,0,-0.01,41.33,375799,1641905010.98316,0
446.25,0,0,-0.01,41.33,375820,1641905011.00345,0
446.25,0,0,-0.01,41.33,375839,1641905011.02047,0
446.25,0,0,-0.01,41.33,375860,1641905011.04066,0
446.25,0,0,-0.01,41.33,375879,1641905011.06076,0
446.25,0,0,-0.01,41.33,375900,1641905011.08105,0
446.25,0,0,-0.01,41.33,375919,1641905011.10135,0
446.25,0,0,-0.01,41.33,375940,1641905011.1217,0
446.25,0,0,-0.01,41.33,375959,1641905011.14338,0
446.25,0,0,-0.01,41.33,375980,1641905011.16875,0
446.25,0,0,-0.01,41.33,376000,1641905011.18555,0
446.25,0,0,-0.01,41.33,376019,1641905011.20569,0
446.25,0,0,-0.01,41.33,376040,1641905011.22421,0
446.25,0,0,-0.01,41.33,376059,1641905011.24125,0
446.25,0,0,-0.01,41.33,376080,1641905011.26097,0
446.25,0,0,-0.01,41.33,376099,1641905011.28139,0
446.25,0,0,-0.01,41.33,376120,1641905011.3021,0
446.25,0,0,-0.01,41.33,376139,1641905011.3286,0
446.25,0,0,-0.01,41.33,376160,1641905011.35158,0
446.25,0,0,-0.01,41.33,376179,1641905011.36392,0
446.25,0,0,-0.01,41.33,376200,1641905011.38088,0
446.25,0,0,-0.01,41.33,376219,1641905011.40091,0
446.25,0,0,-0.01,41.33,376240,1641905011.42129,0
446.25,0,0,-0.01,41.33,376259,1641905011.44217,0
446.25,0,0,-0.01,41.33,376280,1641905011.4629,0
446.25,0,0,-0.01,41.33,376300,1641905011.48366,0
446.25,0,0,-0.01,41.33,376320,1641905011.50421,0
446.25,0,0,-0.01,41.33,376340,1641905011.53116,0
446.25,0,0,-0.01,41.33,376359,1641905011.54569,0
446.25,0,0,-0.01,41.33,376380,1641905011.56117,0
446.25,0,0,-0.01,41.33,376399,1641905011.5815,0
446.25,0,0,-0.01,41.33,376420,1641905011.6018,0
446.25,0,0,-0.01,41.33,376439,1641905011.62278,0
446.25,0,0,-0.01,41.33,376460,1641905011.64354,0
446.25,0,0,-0.01,41.33,376479,1641905011.6635,0
446.25,0,0,-0.01,41.33,376500,1641905011.68421,0
446.25,0,0,-0.01,41.33,376519,1641905011.70431,0
446.25,0,0,-0.01,41.33,376540,1641905011.72455,0
446.25,0,0,-0.01,41.33,376559,1641905011.74494,0
446.25,0,0,-0.01,41.33,376580,1641905011.76106,0
446.25,0,0,-0.01,41.33,376599,1641905011.78234,0
446.25,0,0,-0.01,41.33,376620,1641905011.80274,0
446.25,0,0,-0.01,41.33,376640,1641905011.82293,0
446.25,0,0,-0.01,41.33,376659,1641905011.84362,0
446.25,0,0,-0.01,41.33,376680,1641905011.86867,0
446.25,0,0,-0.01,41.33,376699,1641905011.88674,0
446.25,0,0,-0.01,41.33,376720,1641905011.9048,0
446.25,0,0,-0.01,41.33,376739,1641905011.92459,0
446.25,0,0,-0.01,41.33,376760,1641905011.94986,0
446.25,0,0,-0.01,41.33,376779,1641905011.96797,0
446.25,0,0,-0.01,41.33,376800,1641905011.98232,0
446.25,0,0,-0.01,41.33,376819,1641905012.00237,0
446.25,0,0,-0.01,41.33,376840,1641905012.02373,0
446.25,0,0,-0.01,41.33,376859,1641905012.04826,0
446.25,0,0,-0.01,41.33,376880,1641905012.06415,0
446.25,0,0,-0.01,41.33,376899,1641905012.0853,0
446.25,0,0,-0.01,41.33,376920,1641905012.10801,0
446.25,0,0,-0.01,41.33,376940,1641905012.12309,0
446.25,0,0,-0.01,41.33,376960,1641905012.14278,0
446.25,0,0,-0.01,41.33,376980,1641905012.16306,0
446.25,0,0,-0.01,41.33,376999,1641905012.18359,0
446.25,0,0,-0.01,41.33,377020,1641905012.20398,0
446.25,0,0,-0.01,41.33,377039,1641905012.22404,0
446.25,0,0,-0.01,41.33,377060,1641905012.24542,0
446.25,0,0,-0.01,41.33,377079,1641905012.26589,0
446.25,0,0,-0.01,41.33,377100,1641905012.28577,0
446.25,0,0,-0.01,41.33,377119,1641905012.30262,0
446.25,0,0,-0.01,41.33,377140,1641905012.32946,0
446.25,0,0,-0.01,41.33,377159,1641905012.34324,0
446.25,0,0,-0.01,41.33,377180,1641905012.36304,0
446.25,0,0,-0.01,41.33,377199,1641905012.38341,0
446.25,0,0,-0.01,41.33,377220,1641905012.40448,0
446.25,0,0,-0.01,41.33,377239,1641905012.43256,0
446.25,0,0,-0.01,41.33,377260,1641905012.44756,0
446.25,0,0,-0.01,41.33,377280,1641905012.46675,0
446.25,0,0,-0.01,41.33,377299,1641905012.48285,0
446.25,0,0,-0.01,41.33,377320,1641905012.50402,0
446.25,0,0,-0.01,41.33,377339,1641905012.52346,0
446.25,0,0,-0.01,41.33,377360,1641905012.54398,0
446.25,0,0,-0.01,41.33,377379,1641905012.56403,0
446.25,0,0,-0.01,41.33,377400,1641905012.58424,0
446.25,0,0,-0.01,41.33,377419,1641905012.6045,0
446.25,0,0,-0.01,41.33,377440,1641905012.63236,0
446.25,0,0,-0.01,41.33,377459,1641905012.64556,0
446.25,0,0,-0.01,41.33,377480,1641905012.66266,0
446.25,0,0,-0.01,41.33,377499,1641905012.68312,0
446.25,0,0,-0.01,41.33,377520,1641905012.70372,0
446.25,0,0,-0.01,41.33,377539,1641905012.72412,0
446.25,0,0,-0.01,41.33,377560,1641905012.7477,0
446.25,0,0,-0.01,41.33,377580,1641905012.7669,0
446.25,0,0,-0.01,41.33,377600,1641905012.78539,0
446.25,0,0,-0.01,41.33,377620,1641905012.80583,0
446.25,0,0,-0.01,41.33,377639,1641905012.8263,0
446.25,0,0,-0.01,41.33,377660,1641905012.84301,0
446.25,0,0,-0.01,41.33,377679,1641905012.86304,0
446.25,0,0,-0.01,41.33,377700,1641905012.88768,0
446.25,0,0,-0.01,41.33,377719,1641905012.90632,0
446.25,0,0,-0.01,41.33,377740,1641905012.92396,0
446.25,0,0,-0.01,41.33,377759,1641905012.94525,0
446.25,0,0,-0.01,41.33,377780,1641905012.96594,0
446.25,0,0,-0.01,41.33,377799,1641905012.9863,0
446.25,0,0,-0.01,41.33,377820,1641905013.00671,0
446.25,0,0,-0.01,41.33,377839,1641905013.0225,0
446.25,0,0,-0.01,41.33,377860,1641905013.04298,0
446.25,0,0,-0.01,41.33,377879,1641905013.06426,0
446.25,0,0,-0.01,41.33,377900,1641905013.08743,0
446.25,0,0,-0.01,41.33,377920,1641905013.10489,0
446.25,0,0,-0.01,41.33,377939,1641905013.12431,0
446.25,0,0,-0.01,41.33,377960,1641905013.14538,0
446.25,0,0,-0.01,41.33,377979,1641905013.16571,0
446.25,0,0,-0.01,41.33,378000,1641905013.18646,0
446.25,0,0,-0.01,41.33,378019,1641905013.20312,0
446.25,0,0,-0.01,41.33,378040,1641905013.22351,0
446.25,0,0,-0.01,41.33,378059,1641905013.24944,0
446.25,0,0,-0.01,41.33,378080,1641905013.26867,0
446.25,0,0,-0.01,41.33,378099,1641905013.28521,0
446.25,0,0,-0.01,41.33,378120,1641905013.30584,0
446.25,0,0,-0.01,41.33,378139,1641905013.32606,0
446.25,0,0,-0.01,41.33,378160,1641905013.34622,0
446.25,0,0,-0.01,41.33,378179,1641905013.36657,0
446.25,0,0,-0.01,41.33,378200,1641905013.38357,0
446.25,0,0,-0.01,41.33,378220,1641905013.41581,0
446.25,0,0,-0.01,41.33,378240,1641905013.42591,0
446.25,0,0,-0.01,41.33,378260,1641905013.44482,0
446.25,0,0,-0.01,41.33,378279,1641905013.46548,0
446.25,0,0,-0.01,41.33,378300,1641905013.48573,0
446.25,0,0,-0.01,41.33,378319,1641905013.50608,0
446.25,0,0,-0.01,41.33,378340,1641905013.52714,0
446.25,0,0,-0.01,41.33,378359,1641905013.54701,0
446.25,0,0,-0.01,41.33,378380,1641905013.56413,0
446.25,0,0,-0.01,41.33,378399,1641905013.58452,0
446.25,0,0,-0.01,41.33,378420,1641905013.60468,0
446.25,0,0,-0.01,41.33,378439,1641905013.6247,0
446.25,0,0,-0.01,41.33,378460,1641905013.64605,0
446.25,0,0,-0.01,41.33,378479,1641905013.66636,0
446.25,0,0,-0.01,41.33,378500,1641905013.68658,0
446.25,0,0,-0.01,41.33,378519,1641905013.70686,0
446.25,0,0,-0.01,41.33,378540,1641905013.72723,0
446.25,0,0,-0.01,41.33,378560,1641905013.74319,0
446.25,0,0,-0.01,41.33,378579,1641905013.76371,0
446.25,0,0,-0.01,41.33,378600,1641905013.78393,0
446.25,0,0,-0.01,41.33,378619,1641905013.8049,0
446.25,0,0,-0.01,41.33,378640,1641905013.82526,0
446.25,0,0,-0.01,41.33,378659,1641905013.846,0
446.25,0,0,-0.01,41.33,378680,1641905013.86652,0
446.25,0,0,-0.01,41.33,378699,1641905013.88711,0
446.25,0,0,-0.01,41.33,378720,1641905013.90809,0
446.25,0,0,-0.01,41.33,378739,1641905013.92993,0
446.25,0,0,-0.01,41.33,378760,1641905013.9452,0
446.25,0,0,-0.01,41.33,378779,1641905013.9654,0
446.25,0,0,-0.01,41.33,378800,1641905013.98623,0
446.25,0,0,-0.01,41.33,378819,1641905014.00599,0
446.25,0,0,-0.01,41.33,378840,1641905014.02665,0
446.25,0,0,-0.01,41.33,378860,1641905014.04649,0
446.25,0,0,-0.01,41.33,378880,1641905014.06803,0
446.25,0,0,-0.01,41.33,378900,1641905014.08853,0
446.25,0,0,-0.01,41.33,378919,1641905014.10841,0
446.25,0,0,-0.01,41.33,378940,1641905014.12525,0
446.25,0,0,-0.01,41.33,378959,1641905014.151,0
446.25,0,0,-0.01,41.33,378980,1641905014.16608,0
446.25,0,0,-0.01,41.33,378999,1641905014.18622,0
446.25,0,0,-0.01,41.33,379020,1641905014.20697,0
446.25,0,0,-0.01,41.33,379039,1641905014.22948,0
446.25,0,0,-0.01,41.33,379060,1641905014.24746,0
446.25,0,0,-0.01,41.33,379079,1641905014.26968,0
446.25,0,0,-0.01,41.33,379100,1641905014.28544,0
446.25,0,0,-0.01,41.33,379119,1641905014.30477,0
446.25,0,0,-0.01,41.33,379140,1641905014.32685,0
446.25,0,0,-0.01,41.33,379159,1641905014.34585,0
446.25,0,0,-0.01,41.33,379180,1641905014.36687,0
446.25,0,0,-0.01,41.33,379200,1641905014.38691,0
446.25,0,0,-0.01,41.33,379219,1641905014.40727,0
446.25,0,0,-0.01,41.33,379240,1641905014.42881,0
446.25,0,0,-0.01,41.33,379259,1641905014.4485,0
446.25,0,0,-0.01,41.33,379280,1641905014.46881,0
446.25,0,0,-0.01,41.33,379299,1641905014.4859,0
446.25,0,0,-0.01,41.33,379320,1641905014.50634,0
446.25,0,0,-0.01,41.33,379339,1641905014.53126,0
446.25,0,0,-0.01,41.33,379360,1641905014.54568,0
446.25,0,0,-0.01,41.33,379379,1641905014.56627,0
446.25,0,0,-0.01,41.33,379400,1641905014.58678,0
446.25,0,0,-0.01,41.33,379419,1641905014.60731,0
446.25,0,0,-0.01,41.33,379440,1641905014.63503,0
446.25,0,0,-0.01,41.33,379459,1641905014.64877,0
446.25,0,0,-0.01,41.33,379480,1641905014.66509,0
446.25,0,0,-0.01,41.33,379500,1641905014.68525,0
446.25,0,0,-0.01,41.33,379520,1641905014.70673,0
446.25,0,0,-0.01,41.33,379540,1641905014.73197,0
446.25,0,0,-0.01,41.33,379559,1641905014.74729,0
446.25,0,0,-0.01,41.33,379580,1641905014.76736,0
446.25,0,0,-0.01,41.33,379599,1641905014.78736,0
446.25,0,0,-0.01,41.33,379620,1641905014.81401,0
446.25,0,0,-0.01,41.33,379639,1641905014.82989,0
446.25,0,0,-0.01,41.33,379660,1641905014.84564,0
446.25,0,0,-0.01,41.33,379679,1641905014.86578,0
446.25,0,0,-0.01,41.33,379700,1641905014.88598,0
446.25,0,0,-0.01,41.33,379719,1641905014.90735,0
446.25,0,0,-0.01,41.33,379740,1641905014.93241,0
446.25,0,0,-0.01,41.33,379759,1641905014.94802,0
446.25,0,0,-0.01,41.33,379780,1641905014.96847,0
446.25,0,0,-0.01,41.33,379799,1641905014.98885,0
446.25,0,0,-0.01,41.33,379820,1641905015.00836,0
446.25,0,0,-0.01,41.33,379840,1641905015.02525,0
446.25,0,0,-0.01,41.33,379859,1641905015.04592,0
446.25,0,0,-0.01,41.33,379880,1641905015.06749,0
446.25,0,0,-0.01,41.33,379899,1641905015.08802,0
446.25,0,0,-0.01,41.33,379920,1641905015.10875,0
446.25,0,0,-0.01,41.33,379939,1641905015.12956,0
446.25,0,0,-0.01,41.33,379960,1641905015.14952,0
446.25,0,0,-0.01,41.33,379979,1641905015.17039,0
446.25,0,0,-0.01,41.33,380000,1641905015.18962,0
446.25,0,0,-0.01,41.33,380019,1641905015.21309,0
446.25,0,0,-0.01,41.33,380040,1641905015.22614,0
446.25,0,0,-0.01,41.33,380059,1641905015.24648,0
446.25,0,0,-0.01,41.33,380080,1641905015.2668,0
446.25,0,0,-0.01,41.33,380099,1641905015.28793,0
446.25,0,0,-0.01,41.33,380120,1641905015.31416,0
446.25,0,0,-0.01,41.33,380140,1641905015.32909,0
446.25,0,0,-0.01,41.33,380160,1641905015.34936,0
446.25,0,0,-0.01,41.33,380180,1641905015.3701,0
446.25,0,0,-0.01,41.33,380199,1641905015.38594,0
446.25,0,0,-0.01,41.33,380220,1641905015.40709,0
446.25,0,0,-0.01,41.33,380239,1641905015.42747,0
446.25,0,0,-0.01,41.33,380260,1641905015.44703,0
446.25,0,0,-0.01,41.33,380279,1641905015.46755,0
446.25,0,0,-0.01,41.33,380300,1641905015.48891,0
446.25,0,0,-0.01,41.33,380319,1641905015.50937,0
446.25,0,0,-0.01,41.33,380340,1641905015.52983,0
446.25,0,0,-0.01,41.33,380359,1641905015.55008,0
446.25,0,0,-0.01,41.33,380380,1641905015.56588,0
446.25,0,0,-0.01,41.33,380399,1641905015.5868,0
446.25,0,0,-0.01,41.33,380420,1641905015.60827,0
446.25,0,0,-0.01,41.33,380439,1641905015.62863,0
446.25,0,0,-0.01,41.33,380460,1641905015.64908,0
446.25,0,0,-0.01,41.33,380480,1641905015.67002,0
446.25,0,0,-0.01,41.33,380499,1641905015.69004,0
446.25,0,0,-0.01,41.33,380520,1641905015.71662,0
446.25,0,0,-0.01,41.33,380539,1641905015.72987,0
446.25,0,0,-0.01,41.33,380560,1641905015.74622,0
446.25,0,0,-0.01,41.33,380579,1641905015.76684,0
446.25,0,0,-0.01,41.33,380600,1641905015.78704,0
446.25,0,0,-0.01,41.33,380619,1641905015.80732,0
446.25,0,0,-0.01,41.33,380640,1641905015.82853,0
446.25,0,0,-0.01,41.33,380659,1641905015.84893,0
446.25,0,0,-0.01,41.33,380680,1641905015.86972,0
446.25,0,0,-0.01,41.33,380699,1641905015.88997,0
446.25,0,0,0,41.33,380720,1641905015.91005,0
446.25,0,0,0,41.33,380739,1641905015.92674,0
446.25,0,0,-0.01,41.33,380760,1641905015.94765,0
446.25,0,0,-0.01,41.33,380780,1641905015.96825,0
446.25,0,0,-0.01,41.33,380800,1641905015.98876,0
446.25,0,0,0,41.33,380819,1641905016.00919,0
446.25,0,0,-0.01,41.33,380839,1641905016.02962,0
446.25,0,0,-0.01,41.33,380860,1641905016.04988,0
446.25,0,0,-0.01,41.33,380879,1641905016.06997,0
446.25,0,0,-0.01,41.33,380900,1641905016.09002,0
446.25,0,0,-0.01,41.33,380919,1641905016.11186,0
446.25,0,0,-0.01,41.33,380940,1641905016.12731,0
446.25,0,0,-0.01,41.33,380959,1641905016.14757,0
446.25,0,0,-0.01,41.33,380980,1641905016.1683,0
446.25,0,0,-0.01,41.33,380999,1641905016.18965,0
446.25,0,0,-0.01,41.33,381020,1641905016.20976,0
446.25,0,0,-0.01,41.33,381039,1641905016.22991,0
446.25,0,0,-0.01,41.33,381060,1641905016.25029,0
446.25,0,0,-0.01,41.33,381079,1641905016.27158,0
446.25,0,0,-0.01,41.33,381100,1641905016.29124,0
446.25,0,0,0,41.33,381119,1641905016.30778,0
446.25,0,0,-0.01,41.33,381139,1641905016.32848,0
446.25,0,0,-0.01,41.33,381159,1641905016.3493,0
446.25,0,0,-0.01,41.33,381179,1641905016.36965,0
446.25,0,0,-0.01,41.33,381200,1641905016.39466,0
446.25,0,0,-0.01,41.33,381219,1641905016.41269,0
446.25,0,0,-0.01,41.33,381240,1641905016.43131,0
446.25,0,0,-0.01,41.33,381259,1641905016.45118,0
446.25,0,0,-0.01,41.33,381280,1641905016.47164,0
446.25,0,0,-0.01,41.33,381299,1641905016.48795,0
446.25,0,0,0,41.33,381320,1641905016.50901,0
446.25,0,0,-0.01,41.33,381339,1641905016.52933,0
446.25,0,0,-0.01,41.33,381360,1641905016.54953,0
446.25,0,0,-0.01,41.33,381379,1641905016.57006,0
446.25,0,0,-0.01,41.33,381400,1641905016.59051,0
446.25,0,0,0,41.33,381419,1641905016.61819,0
446.25,0,0,0,41.33,381438,1641905016.63349,0
446.25,0,0,-0.01,41.33,381459,1641905016.64777,0
446.25,0,0,-0.01,41.33,381479,1641905016.66816,0
446.25,0,0,0,41.33,381499,1641905016.69565,0
446.25,0,0,0,41.33,381519,1641905016.71358,0
446.25,0,0,0,41.33,381539,1641905016.73169,0
446.25,0,0,0,41.33,381559,1641905016.75343,0
446.25,0,0,0,41.33,381579,1641905016.77092,0
446.25,0,0,0,41.33,381599,1641905016.79119,0
446.25,0,0,0,41.33,381619,1641905016.81697,0
446.25,0,0,0,41.33,381639,1641905016.83199,0
446.25,0,0,0,41.33,381659,1641905016.85105,0
446.25,0,0,0,41.33,381679,1641905016.87183,0
446.25,0,0,0,41.33,381699,1641905016.88996,0
446.25,0,0,0,41.33,381719,1641905016.91476,0
446.25,0,0,0,41.33,381739,1641905016.93419,0
446.25,0,0,-0.01,41.33,381759,1641905016.95112,0
446.25,0,0,0,41.33,381778,1641905016.97095,0
446.25,0,0,0,41.33,381799,1641905016.9925,0
446.25,0,0,0,41.33,381818,1641905017.01828,0
446.25,0,0,0,41.33,381839,1641905017.0308,0
446.25,0,0,0,41.33,381859,1641905017.05059,0
446.25,0,0,0,41.33,381879,1641905017.06892,0
446.25,0,0,0,41.33,381899,1641905017.08961,0
446.25,0,0,0,41.33,381919,1641905017.10965,0
446.25,0,0,0,41.33,381939,1641905017.13098,0
446.25,0,0,0,41.33,381959,1641905017.1514,0
446.25,0,0,0,41.33,381979,1641905017.17256,0
446.25,0,0,0,41.33,381999,1641905017.18992,0
446.25,0,0,0,41.33,382019,1641905017.20939,0
446.25,0,0,0,41.33,382039,1641905017.229,0
446.25,0,0,0,41.33,382059,1641905017.25053,0
446.25,0,0,0,41.33,382078,1641905017.27113,0
446.25,0,0,0,41.33,382099,1641905017.29124,0
446.25,0,0,0,41.33,382118,1641905017.31205,0
446.25,0,0,0,41.33,382139,1641905017.33225,0
446.25,0,0,0,41.33,382159,1641905017.35295,0
446.25,0,0,0,41.33,382179,1641905017.36854,0
446.25,0,0,0,41.33,382199,1641905017.38966,0
446.25,0,0,0,41.33,382219,1641905017.4153,0
446.25,0,0,0,41.33,382239,1641905017.43365,0
446.25,0,0,0,41.33,382259,1641905017.45048,0
446.25,0,0,0,41.33,382279,1641905017.47101,0
446.25,0,0,0,41.33,382299,1641905017.49128,0
446.25,0,0,0,41.33,382319,1641905017.51463,0
446.25,0,0,0,41.33,382339,1641905017.53263,0
446.25,0,0,0,41.33,382359,1641905017.5485,0
446.25,0,0,0,41.33,382379,1641905017.56839,0
446.25,0,0,0,41.33,382399,1641905017.58927,0
446.25,0,0,0,41.33,382418,1641905017.60967,0
446.25,0,0,0,41.33,382439,1641905017.62974,0
446.25,0,0,0,41.33,382458,1641905017.65032,0
446.25,0,0,0,41.33,382479,1641905017.67087,0
446.25,0,0,0,41.33,382499,1641905017.69183,0
446.25,0,0,0,41.33,382519,1641905017.71353,0
446.25,0,0,0,41.33,382539,1641905017.73109,0
446.25,0,0,0,41.33,382559,1641905017.75106,0
446.25,0,0,0,41.33,382579,1641905017.7714,0
446.25,0,0,0,41.33,382599,1641905017.79191,0
446.25,0,0,0,41.33,382619,1641905017.81227,0
446.25,0,0,0,41.33,382639,1641905017.83157,0
446.25,0,0,-0.01,41.33,382659,1641905017.8519,0
446.25,0,0,-0.01,41.33,382680,1641905017.87146,0
446.25,0,0,0,41.33,382699,1641905017.89197,0
446.25,0,0,0,41.33,382720,1641905017.90972,0
446.25,0,0,0,41.33,382739,1641905017.92987,0
446.25,0,0,-0.01,41.33,382759,1641905017.94989,0
446.25,0,0,-0.01,41.33,382780,1641905017.97144,0
446.25,0,0,0,41.33,382799,1641905017.99155,0
446.25,0,0,0,41.33,382819,1641905018.01273,0
446.25,0,0,0,41.33,382839,1641905018.03261,0
446.25,0,0,-0.01,41.33,382860,1641905018.053,0
446.25,0,0,-0.01,41.33,382879,1641905018.07373,0
446.25,0,0,0,41.33,382899,1641905018.09383,0
446.25,0,0,0,41.33,382919,1641905018.10968,0
446.25,0,0,-0.01,41.33,382939,1641905018.13079,0
446.25,0,0,-0.01,41.33,382959,1641905018.15129,0
446.25,0,0,-0.01,41.33,382980,1641905018.17141,0
446.25,0,0,0,41.33,382999,1641905018.19199,0
446.25,0,0,0,41.33,383020,1641905018.21323,0
446.25,0,0,-0.01,41.33,383039,1641905018.23313,0
446.25,0,0,-0.01,41.33,383059,1641905018.25372,0
446.25,0,0,-0.01,41.33,383080,1641905018.27439,0
446.25,0,0,0,41.33,383099,1641905018.29034,0
446.25,0,0,0,41.33,383119,1641905018.31177,0
446.25,0,0,-0.01,41.33,383139,1641905018.33136,0
446.25,0,0,-0.01,41.33,383159,1641905018.35112,0
446.25,0,0,-0.01,41.33,383179,1641905018.37649,0
446.25,0,0,0,41.33,383199,1641905018.39272,0
446.25,0,0,0,41.33,383219,1641905018.41271,0
446.25,0,0,-0.01,41.33,383239,1641905018.43818,0
446.25,0,0,-0.01,41.33,383259,1641905018.45642,0
446.25,0,0,-0.01,41.33,383280,1641905018.47637,0
446.25,0,0,0,41.33,383299,1641905018.50371,0
446.25,0,0,0,41.33,383320,1641905018.51174,0
446.25,0,0,-0.01,41.33,383339,1641905018.531,0
446.25,0,0,-0.01,41.33,383360,1641905018.55265,0
446.25,0,0,-0.01,41.33,383380,1641905018.57193,0
446.25,0,0,0,41.33,383399,1641905018.60468,0
446.25,0,0,0,41.33,383419,1641905018.62014,0
446.25,0,0,-0.01,41.33,383439,1641905018.63561,0
446.25,0,0,-0.01,41.33,383459,1641905018.65175,0
446.25,0,0,-0.01,41.33,383479,1641905018.67166,0
446.25,0,0,0,41.33,383499,1641905018.69892,0
446.25,0,0,0,41.33,383519,1641905018.7274,0
446.25,0,0,-0.01,41.33,383540,1641905018.73684,0
446.25,0,0,-0.01,41.33,383559,1641905018.75342,0
446.25,0,0,-0.01,41.33,383580,1641905018.77371,0
446.25,0,0,0,41.33,383599,1641905018.79431,0
446.25,0,0,0,41.33,383619,1641905018.81412,0
446.25,0,0,-0.01,41.33,383639,1641905018.8339,0
446.25,0,0,-0.01,41.33,383660,1641905018.86212,0
446.25,0,0,-0.01,41.33,383679,1641905018.87605,0
446.25,0,0,0,41.33,383699,1641905018.89712,0
446.25,0,0,0,41.33,383719,1641905018.92575,0
446.25,0,0,-0.01,41.33,383739,1641905018.94118,0
446.25,0,0,-0.01,41.33,383760,1641905018.95658,0
446.25,0,0,0,41.33,383779,1641905018.97806,0
446.25,0,0,0,41.33,383799,1641905018.99824,0
446.25,0,0,0,41.33,383819,1641905019.01533,0
446.25,0,0,-0.01,41.33,383840,1641905019.0348,0
446.25,0,0,-0.01,41.33,383859,1641905019.05399,0
446.25,0,0,0,41.33,383880,1641905019.07615,0
446.25,0,0,0,41.33,383899,1641905019.1034,0
446.25,0,0,-0.01,41.33,383920,1641905019.13094,0
446.25,0,0,-0.01,41.33,383939,1641905019.13546,0
446.25,0,0,-0.01,41.33,383960,1641905019.15627,0
446.25,0,0,0,41.33,383979,1641905019.17762,0
446.25,0,0,0,41.33,384000,1641905019.19834,0
446.25,0,0,-0.01,41.33,384019,1641905019.21459,0
446.25,0,0,-0.01,41.33,384039,1641905019.23374,0
446.25,0,0,-0.01,41.33,384060,1641905019.25687,0
446.25,0,0,0,41.33,384079,1641905019.27554,0
446.25,0,0,0,41.33,384099,1641905019.29808,0
446.25,0,0,-0.01,41.33,384119,1641905019.31457,0
446.25,0,0,-0.01,41.33,384140,1641905019.33516,0
446.25,0,0,-0.01,41.33,384159,1641905019.35607,0
446.25,0,0,0,41.33,384180,1641905019.37637,0
446.25,0,0,0,41.33,384199,1641905019.39247,0
446.25,0,0,-0.01,41.33,384220,1641905019.41372,0
446.25,0,0,-0.01,41.33,384239,1641905019.43347,0
446.25,0,0,-0.01,41.33,384260,1641905019.45393,0
446.25,0,0,0,41.33,384279,1641905019.47529,0
446.25,0,0,0,41.33,384300,1641905019.49549,0
446.25,0,0,-0.01,41.33,384319,1641905019.52239,0
446.25,0,0,-0.01,41.33,384339,1641905019.53877,0
446.25,0,0,-0.01,41.33,384360,1641905019.55578,0
446.25,0,0,0,41.33,384379,1641905019.57304,0
446.25,0,0,0,41.33,384399,1641905019.59341,0
446.25,0,0,-0.01,41.33,384419,1641905019.6173,0
446.25,0,0,-0.01,41.33,384439,1641905019.63366,0
446.25,0,0,-0.01,41.33,384459,1641905019.65436,0
446.25,0,0,0,41.33,384479,1641905019.67622,0
446.25,0,0,0,41.33,384499,1641905019.69838,0
446.25,0,0,-0.01,41.33,384519,1641905019.71474,0
446.25,0,0,-0.01,41.33,384539,1641905019.73592,0
446.25,0,0,-0.01,41.33,384560,1641905019.75144,0
446.25,0,0,0,41.33,384579,1641905019.77318,0
446.25,0,0,0,41.33,384600,1641905019.79308,0
446.25,0,0,-0.01,41.33,384619,1641905019.81388,0
446.25,0,0,-0.01,41.33,384640,1641905019.83371,0
446.25,0,0,-0.01,41.33,384660,1641905019.86066,0
446.25,0,0,0,41.33,384679,1641905019.87527,0
446.25,0,0,0,41.33,384699,1641905019.89579,0
446.25,0,0,-0.01,41.33,384719,1641905019.91565,0
446.25,0,0,-0.01,41.33,384739,1641905019.93268,0
446.25,0,0,-0.01,41.33,384759,1641905019.95355,0
446.25,0,0,0,41.33,384779,1641905019.9742,0
446.25,0,0,0,41.33,384799,1641905019.99559,0
446.25,0,0,-0.01,41.33,384819,1641905020.01501,0
