636.73,6.22,0,0.01,94,1806452,1640099570.09741,0
636.73,6.22,0,0.01,94,1806473,1640099570.09848,0
636.73,6.22,0,0.01,94,1806492,1640099570.09936,0
636.73,6.22,0,0.01,94,1806513,1640099570.10053,0
636.73,6.22,0,0.01,94,1806532,1640099570.12563,0
636.73,6.22,0,0.01,94,1806553,1640099570.12702,0
636.73,6.22,0,0.01,94,1806572,1640099570.15285,0
636.73,6.22,0,0.01,94,1806593,1640099570.17747,0
636.73,6.22,0,0.01,94,1806612,1640099570.19422,0
636.73,6.22,0,0.01,94,1806632,1640099570.20741,0
636.73,6.22,0,0.01,94,1806652,1640099570.22635,0
636.73,6.22,0,0.01,94,1806672,1640099570.24423,0
636.73,6.22,0,0.01,94,1806693,1640099570.27011,0
636.73,6.22,0,0.01,94,1806712,1640099570.28724,0
636.73,6.22,0,0.01,94,1806732,1640099570.3008,0
636.73,6.22,0,0.01,94,1806752,1640099570.32215,0
636.73,6.22,0,0.01,94,1806772,1640099570.34359,0
636.73,6.22,0,0.01,94,1806792,1640099570.36335,0
636.73,6.22,0,0.01,94,1806813,1640099570.38421,0
636.73,6.22,0,0.01,94,1806832,1640099570.40429,0
636.73,6.22,0,0.01,94,1806852,1640099570.42421,0
636.73,6.22,0,0.01,94,1806872,1640099570.45036,0
636.73,6.22,0,0.01,94,1806892,1640099570.47486,0
636.73,6.22,0,0.01,94,1806912,1640099570.4897,0
636.73,6.22,0,0.01,94,1806931,1640099570.50514,0
636.73,6.22,0,0.01,94,1806952,1640099570.5305,0
636.73,6.22,0,0.01,94,1806972,1640099570.5514,0
636.73,6.22,0,0.01,94,1806993,1640099570.57145,0
636.73,6.22,0,0.01,94,1807012,1640099570.59068,0
636.73,6.22,0,0.01,94,1807032,1640099570.60576,0
636.73,6.22,0,0.01,94,1807052,1640099570.62735,0
636.73,6.22,0,0.01,94,1807073,1640099570.64639,0
636.73,6.22,0,0.01,94,1807092,1640099570.66328,0
636.73,6.22,0,0.01,94,1807113,1640099570.68355,0
636.73,6.22,0,0.01,94,1807132,1640099570.70378,0
636.73,6.22,0,0.01,94,1807153,1640099570.72413,0
636.73,6.22,0,0.01,94,1807172,1640099570.74538,0
636.73,6.22,0,0.01,94,1807193,1640099570.76626,0
636.73,6.22,0,0.01,94,1807212,1640099570.78548,0
636.73,6.22,0,0.01,94,1807233,1640099570.80611,0
636.73,6.22,0,0.01,94,1807252,1640099570.82612,0
636.73,6.22,0,0.01,94,1807272,1640099570.84597,0
636.73,6.22,0,0.01,94,1807292,1640099570.86308,0
636.73,6.22,0,0.01,94,1807311,1640099570.88373,0
636.73,6.22,0,0.01,94,1807333,1640099570.90424,0
636.73,6.22,0,0.01,94,1807352,1640099570.92502,0
636.73,6.22,0,0.01,94,1807373,1640099570.94546,0
636.73,6.22,0,0.01,94,1807392,1640099570.96592,0
636.73,6.22,0,0.01,94,1807413,1640099570.98547,0
636.73,6.22,0,0.01,94,1807432,1640099571.00657,0
636.73,6.22,0,0.01,94,1807453,1640099571.02682,0
636.73,6.22,0,0.01,94,1807472,1640099571.04376,0
636.73,6.22,0,0.01,94,1807493,1640099571.06406,0
636.73,6.22,0,0.01,94,1807512,1640099571.08452,0
636.73,6.22,0,0.01,94,1807533,1640099571.10482,0
636.73,6.22,0,0.01,94,1807552,1640099571.12532,0
636.73,6.22,0,0.01,94,1807572,1640099571.1458,0
636.73,6.22,0,0.01,94,1807592,1640099571.16667,0
636.73,6.22,0,0.01,94,1807612,1640099571.18769,0
636.73,6.22,0,0.01,94,1807633,1640099571.20757,0
636.73,6.22,0,0.01,94,1807652,1640099571.2233,0
636.73,6.22,0,0.01,94,1807673,1640099571.24413,0
636.73,6.22,0,0.01,94,1807692,1640099571.26469,0
636.73,6.22,0,0.01,94,1807713,1640099571.28587,0
636.73,6.22,0,0.01,94,1807732,1640099571.30562,0
636.73,6.22,0,0.01,94,1807753,1640099571.32582,0
636.73,6.22,0,0.01,94,1807772,1640099571.34716,0
636.73,6.22,0,0.01,94,1807793,1640099571.36753,0
636.73,6.22,0,0.01,94,1807812,1640099571.38855,0
636.73,6.22,0,0.01,94,1807833,1640099571.40388,0
636.73,6.22,0,0.01,94,1807852,1640099571.42511,0
636.73,6.22,0,0.01,94,1807873,1640099571.44565,0
636.73,6.22,0,0.01,94,1807892,1640099571.46611,0
636.73,6.22,0,0.01,94,1807912,1640099571.48664,0
636.73,6.22,0,0.01,94,1807932,1640099571.5069,0
636.73,6.22,0,0.01,94,1807952,1640099571.52727,0
636.73,6.22,0,0.01,94,1807973,1640099571.55145,0
636.73,6.22,0,0.01,94,1807992,1640099571.56834,0
636.73,6.22,0,0.01,94,1808012,1640099571.58369,0
636.73,6.22,0,0.01,94,1808032,1640099571.60372,0
636.73,6.22,0,0.01,94,1808053,1640099571.62503,0
636.73,6.22,0,0.01,94,1808072,1640099571.64506,0
636.73,6.22,0,0.01,94,1808093,1640099571.66547,0
636.73,6.22,0,0.01,94,1808112,1640099571.69271,0
636.73,6.22,0,0.01,94,1808133,1640099571.70821,0
636.73,6.22,0,0.01,94,1808152,1640099571.72751,0
636.73,6.22,0,0.01,94,1808173,1640099571.74869,0
636.73,6.22,0,0.01,94,1808192,1640099571.76515,0
636.73,6.22,0,0.01,94,1808212,1640099571.7846,0
636.73,6.22,0,0.01,94,1808232,1640099571.80582,0
636.73,6.22,0,0.01,94,1808252,1640099571.82616,0
636.73,6.22,0,0.01,94,1808272,1640099571.84643,0
636.73,6.22,0,0.01,94,1808292,1640099571.86672,0
636.73,6.22,0,0.01,94,1808312,1640099571.88695,0
636.73,6.22,0,0.01,94,1808332,1640099571.9072,0
636.73,6.22,0,0.01,94,1808352,1640099571.92874,0
636.73,6.22,0,0.01,94,1808372,1640099571.94441,0
636.73,6.22,0,0.01,94,1808393,1640099571.96528,0
636.73,6.22,0,0.01,94,1808412,1640099571.98477,0
636.73,6.22,0,0.01,94,1808432,1640099572.00529,0
636.73,6.22,0,0.01,94,1808452,1640099572.02614,0
636.73,6.22,0,0.01,94,1808473,1640099572.04662,0
636.73,6.22,0,0.01,94,1808492,1640099572.07242,0
636.73,6.22,0,0.01,94,1808513,1640099572.08739,0
636.73,6.22,0,0.01,94,1808532,1640099572.10845,0
636.73,6.22,0,0.01,94,1808552,1640099572.12531,0
636.73,6.22,0,0,94,1808572,1640099572.1538,0
636.73,6.22,0,0.01,94,1808592,1640099572.1665,0
636.73,6.22,0,0.01,94,1808613,1640099572.18544,0
636.73,6.22,0,0.01,94,1808632,1640099572.20646,0
636.73,6.22,0,0,94,1808652,1640099572.22644,0
636.73,6.22,0,0,94,1808672,1640099572.25241,0
636.73,6.22,0,0.01,94,1808692,1640099572.26937,0
636.73,6.22,0,0.01,94,1808712,1640099572.28768,0
636.73,6.22,0,0.01,94,1808733,1640099572.30482,0
636.73,6.22,0,0.01,94,1808752,1640099572.32525,0
636.73,6.22,0,0.01,94,1808772,1640099572.34568,0
636.73,6.22,0,0.01,94,1808792,1640099572.36639,0
636.73,6.22,0,0.01,94,1808813,1640099572.38775,0
636.73,6.22,0,0.01,94,1808832,1640099572.40841,0
636.73,6.22,0,0.01,94,1808852,1640099572.42884,0
636.73,6.22,0,0.01,94,1808872,1640099572.449,0
636.73,6.22,0,0.01,94,1808892,1640099572.46975,0
636.73,6.22,0,0.01,94,1808912,1640099572.48494,0
636.73,6.22,0,0.01,94,1808932,1640099572.50542,0
636.73,6.22,0,0.01,94,1808953,1640099572.52598,0
636.73,6.22,0,0.01,94,1808972,1640099572.54665,0
636.73,6.22,0,0.01,94,1808993,1640099572.56718,0
636.73,6.22,0,0.01,94,1809012,1640099572.58761,0
636.73,6.22,0,0.01,94,1809033,1640099572.60804,0
636.73,6.22,0,0.01,94,1809052,1640099572.62869,0
636.73,6.22,0,0.01,94,1809073,1640099572.649,0
636.73,6.22,0,0.01,94,1809092,1640099572.66519,0
636.73,6.22,0,0.01,94,1809113,1640099572.6853,0
636.73,6.22,0,0.01,94,1809132,1640099572.70691,0
636.73,6.22,0,0.01,94,1809153,1640099572.72731,0
636.73,6.22,0,0.01,94,1809172,1640099572.7477,0
636.73,6.22,0,0.01,94,1809192,1640099572.76834,0
636.73,6.22,0,0.01,94,1809212,1640099572.78883,0
636.73,6.22,0,0.01,94,1809232,1640099572.80911,0
636.73,6.22,0,0.01,94,1809253,1640099572.82936,0
636.73,6.22,0,0.01,94,1809272,1640099572.85003,0
636.73,6.22,0,0,94,1809292,1640099572.8662,0
636.73,6.22,0,0.01,94,1809312,1640099572.88614,0
636.73,6.22,0,0.01,94,1809333,1640099572.90699,0
636.73,6.22,0,0,94,1809352,1640099572.92725,0
636.73,6.22,0,0,94,1809373,1640099572.94756,0
636.73,6.22,0,0,94,1809392,1640099572.96809,0
636.73,6.22,0,0.01,94,1809413,1640099572.98944,0
636.73,6.22,0,0.01,94,1809433,1640099573.00948,0
636.73,6.22,0,0,94,1809453,1640099573.02625,0
636.73,6.22,0,0,94,1809472,1640099573.04662,0
636.73,6.22,0,0,94,1809492,1640099573.06712,0
636.73,6.22,0,0.01,94,1809513,1640099573.0871,0
636.73,6.22,0,0.01,94,1809532,1640099573.10795,0
636.73,6.22,0,0,94,1809553,1640099573.12813,0
636.73,6.22,0,0,94,1809572,1640099573.14841,0
636.73,6.22,0,0,94,1809593,1640099573.17012,0
636.73,6.22,0,0.01,94,1809612,1640099573.19032,0
636.73,6.22,0,0.01,94,1809633,1640099573.21012,0
636.73,6.22,0,0.01,94,1809652,1640099573.2266,0
636.73,6.22,0,0.01,94,1809673,1640099573.24731,0
636.73,6.22,0,0,94,1809692,1640099573.26886,0
636.73,6.22,0,0.01,94,1809712,1640099573.28864,0
636.73,6.22,0,0.01,94,1809732,1640099573.30895,0
636.73,6.22,0,0.01,94,1809753,1640099573.32962,0
636.73,6.22,0,0.01,94,1809773,1640099573.35198,0
636.73,6.22,0,0,94,1809793,1640099573.36999,0
636.73,6.22,0,0.01,94,1809812,1640099573.38984,0
636.73,6.22,0,0.01,94,1809832,1640099573.40648,0
636.73,6.22,0,0,94,1809852,1640099573.427,0
636.73,6.22,0,0,94,1809872,1640099573.44775,0
636.73,6.22,0,0,94,1809893,1640099573.46817,0
636.73,6.22,0,0.01,94,1809912,1640099573.48867,0
636.73,6.22,0,0.01,94,1809933,1640099573.50901,0
636.73,6.22,0,0,94,1809952,1640099573.53688,0
636.73,6.22,0,0,94,1809973,1640099573.55133,0
636.73,6.22,0,0,94,1809992,1640099573.57061,0
636.73,6.22,0,0.01,94,1810013,1640099573.59028,0
636.73,6.22,0,0.01,94,1810032,1640099573.61137,0
636.73,6.22,0,0.01,94,1810053,1640099573.6321,0
636.73,6.22,0,0.01,94,1810073,1640099573.65194,0
636.73,6.22,0,0.01,94,1810093,1640099573.66938,0
636.73,6.22,0,0.01,94,1810112,1640099573.69466,0
636.73,6.22,0,0.01,94,1810132,1640099573.71019,0
636.73,6.22,0,0.01,94,1810153,1640099573.73017,0
636.73,6.22,0,0.01,94.01,1810172,1640099573.75065,0
636.73,6.22,0,0.01,94.01,1810192,1640099573.76601,0
636.73,6.22,0,0.01,94.03,1810212,1640099573.78772,0
636.73,6.22,0,0.01,94.06,1810233,1640099573.80743,0
636.73,6.22,0,0.01,94.2,1810252,1640099573.82848,0
636.73,6.22,0,0.01,94.35,1810273,1640099573.85306,0
636.73,6.22,0,0.01,94.53,1810292,1640099573.87003,0
636.73,6.22,0,0.01,94.65,1810313,1640099573.88975,0
636.73,6.22,0,0,94.73,1810332,1640099573.91022,0
636.73,6.22,0,0.01,94.83,1810353,1640099573.93062,0
636.73,6.22,0,0.01,94.96,1810373,1640099573.95107,0
636.73,6.22,0,0.01,95.11,1810393,1640099573.96791,0
636.73,6.22,0,0.01,95.26,1810412,1640099573.98866,0
636.73,6.22,0,0.01,95.48,1810433,1640099574.00819,0
636.73,6.22,0,0.01,95.83,1810453,1640099574.02872,0
636.73,6.22,0,0.01,96.35,1810472,1640099574.05022,0
636.73,6.22,0,0.01,97.01,1810493,1640099574.07075,0
636.73,6.22,0,0.01,97.75,1810512,1640099574.09183,0
636.73,6.22,0,0,98.48,1810533,1640099574.11201,0
636.73,6.22,0,0.01,99.11,1810552,1640099574.13223,0
636.73,6.22,0,0.01,99.61,1810573,1640099574.14804,0
636.73,6.22,0,0.01,99.93,1810592,1640099574.16874,0
636.73,6.22,0,0.01,100.03,1810613,1640099574.18885,0
636.73,6.22,0,0.01,100.03,1810632,1640099574.21001,0
636.73,6.22,0,0.01,100.03,1810653,1640099574.23038,0
636.73,6.22,0,0.01,100.03,1810673,1640099574.2548,0
636.73,6.22,0,0.01,100.01,1810693,1640099574.27101,0
636.73,6.22,0,0.01,100.01,1810712,1640099574.29742,0
636.73,6.22,0,0.01,100.01,1810733,1640099574.31312,0
636.73,6.22,0,0.01,100,1810753,1640099574.32739,0
636.73,6.22,0,0.01,99.98,1810772,1640099574.34792,0
636.73,6.22,0,0.01,99.9,1810793,1640099574.36843,0
636.73,6.22,0,0.01,99.7,1810812,1640099574.3905,0
636.73,6.22,0,0,99.36,1810833,1640099574.41015,0
636.73,6.22,0,0.01,98.86,1810852,1640099574.43085,0
636.73,6.22,0,0.01,98.23,1810873,1640099574.45111,0
636.73,6.22,0,0.01,97.45,1810892,1640099574.47134,0
636.73,6.22,0,0.01,96.58,1810913,1640099574.49157,0
636.73,6.22,0,0,95.66,1810932,1640099574.5187,0
636.73,6.22,0,0.01,94.8,1810953,1640099574.52922,0
636.73,6.22,0,0.01,94.03,1810972,1640099574.54893,0
636.73,6.22,0,0.01,93.23,1810993,1640099574.5693,0
636.73,6.22,0,0.01,92.36,1811013,1640099574.59018,0
636.73,6.22,0,0,91.5,1811033,1640099574.61131,0
636.73,6.22,0,0.01,90.61,1811053,1640099574.6311,0
636.73,6.22,0,0.01,89.68,1811073,1640099574.6514,0
636.73,6.22,0,0.01,88.68,1811093,1640099574.67246,0
636.73,6.22,0,0.01,87.65,1811112,1640099574.68847,0
636.73,6.22,0,0,86.56,1811132,1640099574.7098,0
636.73,6.22,0,0.01,85.5,1811152,1640099574.72937,0
636.73,6.22,0,0.01,84.4,1811172,1640099574.7502,0
636.73,6.22,0,0.01,83.25,1811192,1640099574.77037,0
636.73,6.22,0,0.01,82.06,1811212,1640099574.79072,0
636.73,6.22,0,0.01,80.86,1811232,1640099574.81082,0
636.73,6.22,0,0.01,79.71,1811253,1640099574.83223,0
636.73,6.22,0,0.01,78.43,1811272,1640099574.85181,0
636.73,6.22,0,0.01,77.03,1811293,1640099574.87022,0
636.73,6.22,0,0.01,75.48,1811313,1640099574.89302,0
636.73,6.22,0,0,73.88,1811333,1640099574.91086,0
636.73,6.22,0,0.01,72.2,1811353,1640099574.93651,0
636.73,6.22,0,0.01,70.58,1811373,1640099574.95164,0
636.73,6.22,0,0.01,69.06,1811393,1640099574.97347,0
636.73,6.22,0,0.01,67.66,1811412,1640099574.99123,0
636.73,6.22,0,0.01,66.31,1811433,1640099575.01146,0
636.73,6.22,0,0.01,65.01,1811452,1640099575.03693,0
636.73,6.22,0,0.01,63.85,1811473,1640099575.04921,0
636.73,6.22,0,0.01,62.7,1811492,1640099575.06926,0
636.73,6.22,0,0.01,61.56,1811513,1640099575.08967,0
636.73,6.22,0,0.01,60.48,1811532,1640099575.1111,0
636.73,6.22,0,0.01,59.36,1811553,1640099575.136,0
636.73,6.22,0,0.01,58.28,1811572,1640099575.15192,0
636.73,6.22,0,0.01,57.25,1811593,1640099575.17118,0
636.73,6.22,0,0.01,56.26,1811613,1640099575.1926,0
636.73,6.22,0,0.01,55.33,1811633,1640099575.21296,0
636.73,6.22,0,0.01,54.36,1811652,1640099575.23852,0
636.73,6.22,0,0.01,53.43,1811673,1640099575.25223,0
636.73,6.22,0,0.01,52.45,1811693,1640099575.27048,0
636.73,6.22,0,0.01,51.52,1811713,1640099575.29074,0
636.73,6.22,0,0.01,50.62,1811733,1640099575.31101,0
636.73,6.22,0,0.01,49.77,1811752,1640099575.33205,0
636.73,6.22,0,0.01,48.93,1811773,1640099575.35273,0
636.73,6.22,0,0.01,48.18,1811792,1640099575.37286,0
636.73,6.22,0,0.01,47.45,1811813,1640099575.39288,0
636.73,6.22,0,0.01,46.73,1811832,1640099575.41,0
636.73,6.22,0,0.01,45.98,1811853,1640099575.43867,0
636.73,6.22,0,0.01,45.23,1811872,1640099575.45621,0
636.73,6.22,0,0.01,44.48,1811893,1640099575.47102,0
636.73,6.22,0,0.01,43.75,1811912,1640099575.49102,0
636.73,6.22,0,0.01,43.07,1811933,1640099575.51214,0
636.73,6.22,0,0.01,42.38,1811953,1640099575.53241,0
636.73,6.22,0,0.01,41.78,1811973,1640099575.55282,0
636.73,6.22,0,0.01,41.17,1811993,1640099575.57316,0
636.73,6.22,0,0.01,40.58,1812013,1640099575.58966,0
636.73,6.22,0,0.01,40,1812033,1640099575.61093,0
636.73,6.22,0,0.01,39.43,1812052,1640099575.63123,0
636.73,6.22,0,0.01,38.9,1812072,1640099575.65154,0
636.73,6.22,0,0.01,38.38,1812092,1640099575.67154,0
636.73,6.22,0,0.01,37.87,1812113,1640099575.69144,0
636.73,6.22,0,0.01,37.37,1812132,1640099575.71271,0
636.73,6.22,0,0.01,36.85,1812153,1640099575.73304,0
636.73,6.22,0,0.01,36.32,1812172,1640099575.75391,0
636.73,6.22,0,0.01,35.75,1812193,1640099575.7705,0
636.73,6.22,0,0.01,35.18,1812212,1640099575.79156,0
636.73,6.22,0,0.01,34.6,1812233,1640099575.81177,0
636.73,6.22,0,0.01,33.98,1812252,1640099575.83177,0
636.73,6.22,0,0.01,33.37,1812273,1640099575.85236,0
636.73,6.22,0,0.01,32.77,1812293,1640099575.87274,0
636.73,6.22,0,0.01,32.23,1812313,1640099575.89343,0
636.73,6.22,0,0.01,31.78,1812333,1640099575.91348,0
636.73,6.22,0,0.01,31.38,1812353,1640099575.93354,0
636.73,6.22,0,0.01,31.03,1812373,1640099575.95129,0
636.73,6.22,0,0.01,30.68,1812392,1640099575.97187,0
636.73,6.22,0,0.01,30.35,1812413,1640099575.99163,0
636.73,6.22,0,0.01,29.97,1812432,1640099576.0118,0
636.73,6.22,0,0.01,29.53,1812453,1640099576.03308,0
636.73,6.22,0,0.01,29.05,1812472,1640099576.05177,0
636.73,6.22,0,0.01,28.53,1812493,1640099576.07339,0
636.73,6.22,0,0.01,27.97,1812512,1640099576.09284,0
636.73,6.22,0,0.01,27.4,1812533,1640099576.11975,0
636.73,6.22,0,0.01,26.83,1812552,1640099576.13628,0
636.73,6.22,0,0.01,26.33,1812573,1640099576.15309,0
636.73,6.22,0,0.01,25.85,1812592,1640099576.17216,0
636.73,6.22,0,0.01,25.43,1812613,1640099576.1924,0
636.73,6.22,0,0.01,25.1,1812632,1640099576.21463,0
636.73,6.22,0,0.01,24.83,1812653,1640099576.2329,0
636.73,6.22,0,0.01,24.62,1812673,1640099576.25302,0
636.73,6.22,0,0.01,24.42,1812692,1640099576.27316,0
636.73,6.22,0,0.01,24.23,1812713,1640099576.29416,0
636.73,6.22,0,0.01,24,1812732,1640099576.31422,0
636.73,6.22,0,0.01,23.77,1812753,1640099576.33121,0
636.73,6.22,0,0.01,23.55,1812772,1640099576.35149,0
636.73,6.22,0,0.01,23.35,1812793,1640099576.3717,0
636.73,6.22,0,0.01,23.15,1812812,1640099576.39174,0
636.73,6.22,0,0.01,22.93,1812833,1640099576.41278,0
636.73,6.22,0,0.01,22.72,1812852,1640099576.43304,0
636.73,6.22,0,0.01,22.52,1812873,1640099576.46316,0
636.73,6.22,0,0.01,22.32,1812892,1640099576.47552,0
636.73,6.22,0,0.01,22.13,1812913,1640099576.49396,0
636.73,6.22,0,0.01,21.92,1812932,1640099576.51053,0
636.73,6.22,0,0.01,21.7,1812953,1640099576.53092,0
636.73,6.22,0,0.01,21.47,1812972,1640099576.55265,0
636.73,6.22,0,0.01,21.25,1812993,1640099576.57371,0
636.73,6.22,0,0.01,21.02,1813013,1640099576.59402,0
636.73,6.22,0,0.01,20.78,1813032,1640099576.61423,0
636.73,6.22,0,0.01,20.53,1813053,1640099576.63542,0
636.73,6.22,0,0.01,20.27,1813072,1640099576.65567,0
636.73,6.22,0,0.01,19.98,1813093,1640099576.67606,0
636.73,6.22,0,0.01,19.67,1813112,1640099576.69196,0
636.73,6.22,0,0.01,19.28,1813133,1640099576.71231,0
636.73,6.22,0,0.01,18.8,1813152,1640099576.73369,0
636.73,6.22,0,0.01,18.27,1813173,1640099576.75402,0
636.73,6.22,0,0.01,17.62,1813192,1640099576.77861,0
636.73,6.22,0,0.01,16.9,1813213,1640099576.79353,0
636.73,6.22,0,0.01,16.18,1813232,1640099576.81503,0
636.73,6.22,0,0.01,15.45,1813253,1640099576.83459,0
636.73,6.22,0,0.01,14.73,1813273,1640099576.85492,0
636.73,6.22,0,0.01,14.05,1813293,1640099576.87175,0
636.73,6.22,0,0.01,13.42,1813313,1640099576.89197,0
636.73,6.22,0,0.01,12.83,1813332,1640099576.91211,0
636.73,6.22,0,0.01,12.37,1813353,1640099576.93363,0
636.73,6.22,0,0.01,12,1813372,1640099576.95454,0
636.73,6.22,0,0.01,11.72,1813393,1640099576.97498,0
636.73,6.22,0,0.01,11.45,1813412,1640099576.99579,0
636.73,6.22,0,0.01,11.2,1813433,1640099577.01575,0
636.73,6.22,0,0.01,10.95,1813452,1640099577.03532,0
636.73,6.22,0,0.01,10.68,1813473,1640099577.05221,0
636.73,6.22,0,0.01,10.38,1813492,1640099577.08253,0
636.73,6.22,0,0.01,10.02,1813513,1640099577.09324,0
636.73,6.22,0,0.01,9.6,1813532,1640099577.11921,0
636.73,6.22,0,0.01,9.15,1813553,1640099577.13371,0
636.73,6.22,0,0.01,8.68,1813572,1640099577.15371,0
636.73,6.22,0,0.01,8.2,1813593,1640099577.17985,0
636.73,6.22,0,0.01,7.73,1813612,1640099577.19973,0
636.73,6.22,0,0.01,7.3,1813633,1640099577.2156,0
636.73,6.22,0,0.01,6.92,1813652,1640099577.23235,0
636.73,6.22,0,0.01,6.55,1813672,1640099577.25283,0
636.73,6.22,0,0.01,6.23,1813693,1640099577.27276,0
636.73,6.22,0,0.01,5.95,1813712,1640099577.29334,0
636.73,6.22,0,0.01,5.68,1813733,1640099577.31756,0
636.73,6.22,0,0.01,5.45,1813752,1640099577.33486,0
636.73,6.22,0,0.01,5.23,1813773,1640099577.35497,0
636.73,6.22,0,0.01,5.02,1813792,1640099577.37534,0
636.73,6.22,0,0.01,4.78,1813813,1640099577.3934,0
636.73,6.22,0,0.01,4.53,1813832,1640099577.42224,0
636.73,6.22,0,0.01,4.28,1813853,1640099577.4337,0
636.73,6.22,0,0.01,4.02,1813872,1640099577.45334,0
636.73,6.22,0,0.01,3.75,1813893,1640099577.47341,0
636.73,6.22,0,0.01,3.5,1813912,1640099577.49457,0
636.73,6.22,0,0.01,3.25,1813933,1640099577.51498,0
636.73,6.22,0,0.01,3,1813952,1640099577.53541,0
636.73,6.22,0,0.01,2.77,1813972,1640099577.55485,0
636.73,6.22,0,0.01,2.53,1813992,1640099577.57197,0
636.73,6.22,0,0.01,2.27,1814012,1640099577.59278,0
636.73,6.22,0,0.01,1.98,1814032,1640099577.61363,0
636.73,6.22,0,0.01,1.7,1814052,1640099577.63348,0
636.73,6.22,0,0.01,1.43,1814072,1640099577.65463,0
636.73,6.22,0,0.01,1.2,1814092,1640099577.67467,0
636.73,6.22,0,0.01,0.98,1814112,1640099577.69537,0
636.73,6.22,0,0.01,0.77,1814132,1640099577.71577,0
636.73,6.22,0,0.01,0.57,1814152,1640099577.73584,0
636.73,6.22,0,0.01,0.4,1814172,1640099577.75198,0
636.73,6.22,0,0.01,0.23,1814192,1640099577.77353,0
636.73,6.22,0,0.01,0.08,1814212,1640099577.79274,0
636.73,6.22,0,0.01,-0.05,1814232,1640099577.81468,0
636.73,6.22,0,0.01,-0.13,1814252,1640099577.8345,0
636.73,6.22,0,0.01,-0.22,1814272,1640099577.85501,0
636.73,6.22,0,0.01,-0.28,1814292,1640099577.87953,0
636.73,6.22,0,0.01,-0.35,1814312,1640099577.89827,0
636.73,6.22,0,0.01,-0.42,1814332,1640099577.91671,0
636.73,6.22,0,0.01,-0.48,1814352,1640099577.93271,0
636.73,6.22,0,0.01,-0.55,1814372,1640099577.95359,0
636.73,6.22,0,0.01,-0.63,1814392,1640099577.97337,0
636.73,6.22,0,0.01,-0.7,1814412,1640099577.99911,0
636.73,6.22,0,0.01,-0.77,1814432,1640099578.02029,0
636.73,6.22,0,0.01,-0.83,1814453,1640099578.03501,0
636.73,6.22,0,0.01,-0.9,1814472,1640099578.05466,0
636.73,6.22,0,0.01,-0.97,1814493,1640099578.07615,0
636.73,6.22,0,0.01,-1.03,1814512,1640099578.09675,0
636.73,6.22,0,0.01,-1.12,1814533,1640099578.11612,0
636.73,6.22,0,0.01,-1.2,1814552,1640099578.13284,0
636.73,6.22,0,0.01,-1.28,1814573,1640099578.15444,0
636.73,6.22,0,0.01,-1.37,1814592,1640099578.17831,0
636.73,6.22,0,0.01,-1.45,1814612,1640099578.19706,0
636.73,6.22,0,0.01,-1.53,1814632,1640099578.21584,0
636.73,6.22,0,0.01,-1.63,1814652,1640099578.23538,0
636.73,6.22,0,0.01,-1.72,1814672,1640099578.26144,0
636.73,6.22,0,0.01,-1.8,1814692,1640099578.27819,0
636.73,6.22,0,0.01,-1.87,1814712,1640099578.29713,0
636.73,6.22,0,0.01,-1.95,1814732,1640099578.31329,0
636.73,6.22,0,0.01,-2.03,1814753,1640099578.3336,0
636.73,6.22,0,0.01,-2.12,1814772,1640099578.35382,0
636.73,6.22,0,0.01,-2.2,1814793,1640099578.37485,0
636.73,6.22,0,0.01,-2.27,1814812,1640099578.3947,0
636.73,6.22,0,0.01,-2.33,1814833,1640099578.41584,0
636.73,6.22,0,0.01,-2.4,1814852,1640099578.44286,0
636.73,6.22,0,0.01,-2.48,1814873,1640099578.45851,0
636.73,6.22,0,0.01,-2.53,1814892,1640099578.47776,0
636.73,6.22,0,0.01,-2.6,1814913,1640099578.49334,0
636.73,6.22,0,0.01,-2.65,1814932,1640099578.51374,0
636.73,6.22,0,0.01,-2.68,1814952,1640099578.5346,0
636.73,6.22,0,0.01,-2.73,1814972,1640099578.55605,0
636.73,6.22,0,0.01,-2.77,1814992,1640099578.57606,0
636.73,6.22,0,0.01,-2.78,1815012,1640099578.59668,0
636.73,6.22,0,0.01,-2.82,1815032,1640099578.61715,0
636.73,6.22,0,0.01,-2.85,1815052,1640099578.6371,0
636.73,6.22,0,0.01,-2.87,1815072,1640099578.65747,0
636.73,6.22,0,0.01,-2.9,1815093,1640099578.67452,0
636.73,6.22,0,0.01,-2.92,1815112,1640099578.69474,0
636.73,6.22,0,0.01,-2.93,1815132,1640099578.71523,0
636.73,6.22,0,0.01,-2.95,1815152,1640099578.73516,0
636.73,6.22,0,0.01,-2.97,1815172,1640099578.75558,0
636.73,6.22,0,0.01,-2.98,1815192,1640099578.77666,0
636.73,6.22,0,0.01,-2.98,1815212,1640099578.79699,0
636.73,6.22,0,0.01,-2.98,1815232,1640099578.81714,0
636.73,6.22,0,0.01,-3,1815251,1640099578.83429,0
636.73,6.22,0,0.01,-3,1815272,1640099578.85406,0
636.73,6.22,0,0.01,-3,1815292,1640099578.87425,0
636.73,6.22,0,0.01,-3,1815312,1640099578.89572,0
636.73,6.22,0,0.01,-3,1815332,1640099578.91564,0
636.73,6.22,0,0.01,-3,1815352,1640099578.93613,0
636.73,6.22,0,0.01,-3,1815372,1640099578.95633,0
636.73,6.22,0,0.01,-3,1815392,1640099578.97835,0
636.73,6.22,0,0.01,-3,1815412,1640099578.99819,0
636.73,6.22,0,0.01,-3,1815432,1640099579.01421,0
636.73,6.22,0,0.01,-3,1815452,1640099579.03438,0
636.73,6.22,0,0.01,-3,1815472,1640099579.05468,0
636.73,6.22,0,0.01,-3,1815492,1640099579.07599,0
636.73,6.22,0,0.01,-3,1815513,1640099579.09691,0
636.73,6.22,0,0.01,-3,1815532,1640099579.11645,0
636.73,6.22,0,0.01,-3,1815553,1640099579.13653,0
636.73,6.22,0,0.01,-3.02,1815572,1640099579.15755,0
636.73,6.22,0,0.01,-3.02,1815592,1640099579.17799,0
636.73,6.22,0,0.01,-3.02,1815613,1640099579.19849,0
636.73,6.22,0,0.01,-3.02,1815632,1640099579.21872,0
636.73,6.22,0,0.01,-3.02,1815653,1640099579.23581,0
636.73,6.22,0,0.01,-3.02,1815672,1640099579.25529,0
636.73,6.22,0,0.01,-3.02,1815693,1640099579.27621,0
636.73,6.22,0,0.01,-3.02,1815712,1640099579.29629,0
636.73,6.22,0,0.01,-3.02,1815733,1640099579.31733,0
636.73,6.22,0,0.01,-3.02,1815753,1640099579.33762,0
636.73,6.22,0,0.01,-3.02,1815773,1640099579.35808,0
636.73,6.22,0,0.01,-3.02,1815792,1640099579.38169,0
636.73,6.22,0,0.01,-3.02,1815813,1640099579.39841,0
636.73,6.22,0,0.01,-3.02,1815833,1640099579.4145,0
636.73,6.22,0,0.01,-3.02,1815853,1640099579.44124,0
636.73,6.22,0,0.01,-3.02,1815872,1640099579.45952,0
636.73,6.22,0,0.01,-3.03,1815892,1640099579.47672,0
636.73,6.22,0,0.01,-3.03,1815912,1640099579.49721,0
636.73,6.22,0,0.01,-3.03,1815932,1640099579.51726,0
636.73,6.22,0,0.01,-3.03,1815952,1640099579.53829,0
636.73,6.22,0,0.01,-3.03,1815972,1640099579.56394,0
636.73,6.22,0,0.01,-3.03,1815992,1640099579.57917,0
636.73,6.22,0,0.01,-3.03,1816012,1640099579.59578,0
636.73,6.22,0,0.01,-3.03,1816032,1640099579.61603,0
636.73,6.22,0,0.01,-3.03,1816052,1640099579.64236,0
636.73,6.22,0,0.01,-3.03,1816072,1640099579.6569,0
636.73,6.22,0,0.01,-3.03,1816092,1640099579.67773,0
636.73,6.22,0,0.01,-3.03,1816112,1640099579.6984,0
636.73,6.22,0,0.01,-3.03,1816132,1640099579.71848,0
636.73,6.22,0,0.01,-3.03,1816153,1640099579.73913,0
636.73,6.22,0,0.01,-3.05,1816172,1640099579.75484,0
636.73,6.22,0,0.01,-3.05,1816192,1640099579.78006,0
636.73,6.22,0,0.01,-3.05,1816212,1640099579.79931,0
636.73,6.22,0,0.01,-3.05,1816232,1640099579.81628,0
636.73,6.22,0,0.01,-3.05,1816252,1640099579.83648,0
636.73,6.22,0,0.01,-3.05,1816272,1640099579.85705,0
636.73,6.22,0,0.01,-3.05,1816292,1640099579.8776,0
636.73,6.22,0,0.01,-3.05,1816312,1640099579.90847,0
636.73,6.22,0,0.01,-3.05,1816332,1640099579.92008,0
636.73,6.22,0,0.01,-3.05,1816352,1640099579.93492,0
636.73,6.22,0,0.01,-3.05,1816372,1640099579.95537,0
636.73,6.22,0,0.01,-3.05,1816392,1640099579.97582,0
636.73,6.22,0,0.01,-3.05,1816412,1640099579.9964,0
636.73,6.22,0,0.01,-3.05,1816432,1640099580.01664,0
636.73,6.22,0,0.01,-3.05,1816452,1640099580.03722,0
636.73,6.22,0,0.01,-3.05,1816472,1640099580.05783,0
636.73,6.22,0,0.01,-3.05,1816493,1640099580.07837,0
636.73,6.22,0,0.01,-3.05,1816512,1640099580.10808,0
636.73,6.22,0,0.01,-3.05,1816532,1640099580.11755,0
636.73,6.22,0,0.01,-3.05,1816552,1640099580.13618,0
636.73,6.22,0,0.01,-3.05,1816572,1640099580.15669,0
636.73,6.22,0,0.01,-3.05,1816592,1640099580.18508,0
636.73,6.22,0,0.01,-3.05,1816612,1640099580.19816,0
636.73,6.22,0,0.01,-3.07,1816632,1640099580.21764,0
636.73,6.22,0,0.01,-3.07,1816652,1640099580.23818,0
636.73,6.22,0,0.01,-3.07,1816672,1640099580.25855,0
636.73,6.22,0,0.01,-3.07,1816692,1640099580.27971,0
636.73,6.22,0,0.01,-3.07,1816713,1640099580.29974,0
636.73,6.22,0,0.01,-3.08,1816732,1640099580.32012,0
636.73,6.22,0,0.01,-3.08,1816753,1640099580.33691,0
636.73,6.22,0,0.01,-3.1,1816772,1640099580.35755,0
636.73,6.22,0,0.01,-3.12,1816793,1640099580.37736,0
636.73,6.22,0,0.01,-3.12,1816812,1640099580.39883,0
636.73,6.22,0,0.01,-3.13,1816833,1640099580.41878,0
636.73,6.22,0,0.01,-3.15,1816853,1640099580.44457,0
636.73,6.22,0,0.01,-3.17,1816872,1640099580.46202,0
636.73,6.22,0,0.01,-3.18,1816892,1640099580.4826,0
636.73,6.22,0,0.01,-3.2,1816912,1640099580.50057,0
636.73,6.22,0,0.01,-3.22,1816933,1640099580.5212,0
636.73,6.22,0,0.01,-3.23,1816952,1640099580.53932,0
636.73,6.22,0,0.01,-3.23,1816972,1640099580.56108,0
636.73,6.22,0,0.01,-3.23,1816992,1640099580.58037,0
636.73,6.22,0,0.01,-3.25,1817012,1640099580.59905,0
636.73,6.22,0,0.01,-3.25,1817032,1640099580.61898,0
636.73,6.22,0,0.01,-3.27,1817052,1640099580.64823,0
636.73,6.22,0,0.01,-3.27,1817072,1640099580.66478,0
636.73,6.22,0,0.01,-3.27,1817092,1640099580.67698,0
636.73,6.22,0,0.01,-3.27,1817112,1640099580.69718,0
636.73,6.22,0,0.01,-3.28,1817133,1640099580.72721,0
636.73,6.22,0,0.01,-3.28,1817153,1640099580.73887,0
636.73,6.22,0,0.01,-3.28,1817172,1640099580.7588,0
636.73,6.22,0,0.01,-3.28,1817193,1640099580.779,0
636.73,6.22,0,0.01,-3.3,1817212,1640099580.79977,0
636.73,6.22,0,0.01,-3.3,1817232,1640099580.82026,0
636.73,6.22,0,0.01,-3.3,1817252,1640099580.84051,0
636.73,6.22,0,0.01,-3.3,1817272,1640099580.85738,0
636.73,6.22,0,0.01,-3.32,1817292,1640099580.87807,0
636.73,6.22,0,0.01,-3.32,1817312,1640099580.89835,0
636.73,6.22,0,0.01,-3.32,1817332,1640099580.91865,0
636.73,6.22,0,0.01,-3.32,1817352,1640099580.93923,0
636.73,6.22,0,0.01,-3.33,1817372,1640099580.96004,0
636.73,6.22,0,0.01,-3.35,1817393,1640099580.97893,0
636.73,6.22,0,0.01,-3.37,1817412,1640099580.99935,0
636.73,6.22,0,0.01,-3.42,1817433,1640099581.02061,0
636.73,6.22,0,0.01,-3.48,1817452,1640099581.03664,0
636.73,6.22,0,0.01,-3.58,1817473,1640099581.05723,0
636.73,6.22,0,0.01,-3.7,1817492,1640099581.078,0
636.73,6.22,0,0.01,-3.82,1817512,1640099581.09925,0
636.73,6.22,0,0.01,-3.92,1817532,1640099581.11895,0
636.73,6.22,0,0.01,-4,1817552,1640099581.14399,0
636.73,6.22,0,0.01,-4.05,1817572,1640099581.16072,0
636.73,6.22,0,0.01,-4.12,1817592,1640099581.18145,0
636.73,6.22,0,0.01,-4.2,1817612,1640099581.20069,0
636.73,6.22,0,0.01,-4.25,1817632,1640099581.21754,0
636.73,6.22,0,0.01,-4.27,1817653,1640099581.23857,0
636.73,6.22,0,0.01,-4.28,1817673,1640099581.2592,0
636.73,6.22,0,0.01,-4.3,1817693,1640099581.27997,0
636.73,6.22,0,0.01,-4.32,1817712,1640099581.3006,0
636.73,6.22,0,0.01,-4.32,1817733,1640099581.31958,0
636.73,6.22,0,0.01,-4.33,1817752,1640099581.34025,0
636.73,6.22,0,0.01,-4.37,1817773,1640099581.36073,0
636.73,6.22,0,0.01,-4.4,1817792,1640099581.38087,0
636.73,6.22,0,0.01,-4.45,1817812,1640099581.39793,0
636.73,6.22,0,0.01,-4.52,1817832,1640099581.41828,0
636.73,6.22,0,0.01,-4.62,1817852,1640099581.43889,0
636.73,6.22,0,0.01,-4.7,1817873,1640099581.46514,0
636.73,6.22,0,0.01,-4.82,1817892,1640099581.48166,0
636.73,6.22,0,0.01,-4.97,1817913,1640099581.50065,0
636.73,6.22,0,0.01,-5.12,1817932,1640099581.52058,0
636.73,6.22,0,0.01,-5.28,1817953,1640099581.54087,0
636.73,6.22,0,0.01,-5.47,1817972,1640099581.56152,0
636.73,6.22,0,0.01,-5.65,1817993,1640099581.57732,0
636.73,6.22,0,0.01,-5.83,1818012,1640099581.59884,0
636.73,6.22,0,0.01,-5.97,1818033,1640099581.61814,0
636.73,6.22,0,0.01,-6.1,1818052,1640099581.63865,0
636.73,6.22,0,0.01,-6.22,1818073,1640099581.65929,0
636.73,6.22,0,0.01,-6.37,1818092,1640099581.68121,0
636.73,6.22,0,0.01,-6.52,1818113,1640099581.70115,0
636.73,6.22,0,0.01,-6.68,1818132,1640099581.72142,0
636.73,6.22,0,0.01,-6.88,1818152,1640099581.74187,0
636.73,6.22,0,0.01,-7.08,1818172,1640099581.75791,0
636.73,6.22,0,0.01,-7.27,1818192,1640099581.77839,0
636.73,6.22,0,0.01,-7.47,1818213,1640099581.79982,0
636.73,6.22,0,0.01,-7.67,1818232,1640099581.81885,0
636.73,6.22,0,0.01,-7.85,1818252,1640099581.8405,0
636.73,6.22,0,0.01,-8.07,1818272,1640099581.86416,0
636.73,6.22,0,0.01,-8.27,1818293,1640099581.88408,0
636.73,6.22,0,0.01,-8.48,1818312,1640099581.90117,0
636.73,6.22,0,0.01,-8.7,1818333,1640099581.92148,0
636.73,6.22,0,0.01,-8.92,1818352,1640099581.94222,0
636.73,6.22,0,0.01,-9.13,1818373,1640099581.95822,0
636.73,6.22,0,0.01,-9.33,1818392,1640099581.9799,0
636.73,6.22,0,0.01,-9.48,1818413,1640099582.00014,0
636.73,6.22,0,0.01,-9.63,1818432,1640099582.02008,0
636.73,6.22,0,0.01,-9.8,1818452,1640099582.04065,0
636.73,6.22,0,0.01,-9.97,1818472,1640099582.06106,0
636.73,6.22,0,0.01,-10.13,1818492,1640099582.08276,0
636.73,6.22,0,0.01,-10.33,1818513,1640099582.10233,0
636.73,6.22,0,0.01,-10.55,1818532,1640099582.12268,0
636.73,6.22,0,0.01,-10.77,1818553,1640099582.13868,0
636.73,6.22,0,0.01,-10.98,1818572,1640099582.15927,0
636.73,6.22,0,0.01,-11.2,1818593,1640099582.18113,0
636.73,6.22,0,0.01,-11.42,1818612,1640099582.20036,0
636.73,6.22,0,0.01,-11.63,1818633,1640099582.22159,0
636.73,6.22,0,0.01,-11.88,1818652,1640099582.2421,0
636.73,6.22,0,0.01,-12.13,1818673,1640099582.26191,0
636.73,6.22,0,0.01,-12.38,1818692,1640099582.28297,0
636.73,6.22,0,0.01,-12.63,1818713,1640099582.3026,0
636.73,6.22,0,0.01,-12.87,1818732,1640099582.31998,0
636.73,6.22,0,0.01,-13.1,1818753,1640099582.34076,0
636.73,6.22,0,0.01,-13.37,1818772,1640099582.3609,0
636.73,6.22,0,0.01,-13.63,1818792,1640099582.382,0
636.73,6.22,0,0.01,-13.9,1818813,1640099582.4064,0
636.73,6.22,0,0.01,-14.13,1818832,1640099582.42155,0
636.73,6.22,0,0.01,-14.33,1818853,1640099582.44164,0
636.73,6.22,0,0.01,-14.5,1818872,1640099582.46234,0
636.73,6.22,0,0.01,-14.67,1818893,1640099582.48268,0
636.73,6.22,0,0.01,-14.8,1818912,1640099582.50279,0
636.73,6.22,0,0.01,-14.93,1818933,1640099582.52194,0
636.73,6.22,0,0.01,-15.05,1818952,1640099582.54078,0
636.73,6.22,0,0.01,-15.17,1818973,1640099582.56152,0
636.73,6.22,0,0.01,-15.27,1818992,1640099582.58299,0
636.73,6.22,0,0.01,-15.37,1819013,1640099582.60172,0
636.73,6.22,0,0.01,-15.47,1819032,1640099582.62223,0
636.73,6.22,0,0.01,-15.57,1819053,1640099582.64292,0
636.73,6.22,0,0.01,-15.65,1819072,1640099582.66346,0
636.73,6.22,0,0.01,-15.75,1819092,1640099582.68065,0
636.73,6.22,0,0.01,-15.85,1819113,1640099582.70062,0
636.73,6.22,0,0.01,-15.97,1819132,1640099582.72108,0
636.73,6.22,0,0.01,-16.12,1819153,1640099582.74133,0
636.73,6.22,0,0.01,-16.3,1819172,1640099582.76158,0
636.73,6.22,0,0.01,-16.48,1819193,1640099582.78249,0
636.73,6.22,0,0.01,-16.65,1819212,1640099582.80336,0
636.73,6.22,0,0.01,-16.82,1819233,1640099582.82725,0
636.73,6.22,0,0.01,-16.95,1819252,1640099582.84376,0
636.73,6.22,0,0.01,-17.1,1819273,1640099582.86006,0
636.73,6.22,0,0.01,-17.22,1819292,1640099582.88203,0
636.73,6.22,0,0.01,-17.33,1819313,1640099582.90395,0
636.73,6.22,0,0.01,-17.45,1819332,1640099582.92364,0
636.73,6.22,0,0.01,-17.55,1819353,1640099582.94192,0
636.73,6.22,0,0.01,-17.65,1819372,1640099582.96223,0
636.73,6.22,0,0.01,-17.75,1819393,1640099582.98238,0
636.73,6.22,0,0.01,-17.85,1819413,1640099583.0034,0
636.73,6.22,0,0.01,-17.93,1819432,1640099583.02386,0
636.73,6.22,0,0.01,-18,1819452,1640099583.04068,0
636.73,6.22,0,0.01,-18.07,1819472,1640099583.0611,0
636.73,6.22,0,0.01,-18.13,1819492,1640099583.08177,0
636.73,6.22,0,0.01,-18.18,1819512,1640099583.10191,0
636.73,6.22,0,0.01,-18.23,1819533,1640099583.12233,0
636.73,6.22,0,0.01,-18.3,1819552,1640099583.14253,0
636.73,6.22,0,0.01,-18.37,1819573,1640099583.16318,0
636.73,6.22,0,0.01,-18.43,1819592,1640099583.18349,0
636.73,6.22,0,0.01,-18.5,1819613,1640099583.20374,0
636.73,6.22,0,0.01,-18.58,1819632,1640099583.22094,0
636.73,6.22,0,0.01,-18.67,1819653,1640099583.24159,0
636.73,6.22,0,0.01,-18.75,1819672,1640099583.26339,0
636.73,6.22,0,0.01,-18.83,1819693,1640099583.28556,0
636.73,6.22,0,0.01,-18.92,1819713,1640099583.30229,0
636.73,6.22,0,0.01,-18.98,1819732,1640099583.3223,0
636.73,6.22,0,0.01,-19.07,1819752,1640099583.3426,0
636.73,6.22,0,0.01,-19.17,1819772,1640099583.36297,0
636.73,6.22,0,0.01,-19.25,1819793,1640099583.38441,0
636.73,6.22,0,0.01,-19.35,1819812,1640099583.40447,0
636.73,6.22,0,0.01,-19.43,1819833,1640099583.42145,0
636.73,6.22,0,0.01,-19.53,1819852,1640099583.44172,0
636.73,6.22,0,0.01,-19.63,1819873,1640099583.46238,0
636.73,6.22,0,0.01,-19.73,1819892,1640099583.48249,0
636.73,6.22,0,0.01,-19.83,1819913,1640099583.50311,0
636.73,6.22,0,0.01,-19.93,1819932,1640099583.52356,0
636.73,6.22,0,0.01,-20.05,1819953,1640099583.54387,0
636.73,6.22,0,0.01,-20.18,1819972,1640099583.56499,0
636.73,6.22,0,0.01,-20.32,1819993,1640099583.58446,0
636.73,6.22,0,0.01,-20.45,1820012,1640099583.60178,0
636.73,6.22,0,0.01,-20.58,1820033,1640099583.62223,0
636.73,6.22,0,0.01,-20.73,1820052,1640099583.64259,0
636.73,6.22,0,0.01,-20.88,1820072,1640099583.66757,0
636.73,6.22,0,0.01,-21.03,1820092,1640099583.68366,0
636.73,6.22,0,0.01,-21.18,1820112,1640099583.70411,0
636.73,6.22,0,0.01,-21.32,1820133,1640099583.72432,0
636.73,6.22,0,0.01,-21.43,1820152,1640099583.74353,0
636.73,6.22,0,0.01,-21.55,1820173,1640099583.76079,0
636.73,6.22,0,0.01,-21.67,1820192,1640099583.78176,0
636.73,6.22,0,0.01,-21.75,1820213,1640099583.80139,0
636.73,6.22,0,0.01,-21.83,1820232,1640099583.82169,0
636.73,6.22,0,0.01,-21.92,1820253,1640099583.84296,0
636.73,6.22,0,0.01,-21.98,1820272,1640099583.86324,0
636.73,6.22,0,0.01,-22.05,1820293,1640099583.88876,0
636.73,6.22,0,0.01,-22.12,1820312,1640099583.90474,0
636.73,6.22,0,0.01,-22.17,1820333,1640099583.92674,0
636.73,6.22,0,0.01,-22.22,1820352,1640099583.94544,0
636.73,6.22,0,0.01,-22.25,1820372,1640099583.9619,0
636.73,6.22,0,0.01,-22.32,1820393,1640099583.98136,0
636.73,6.22,0,0.01,-22.38,1820412,1640099584.00243,0
636.73,6.22,0,0.01,-22.45,1820433,1640099584.02286,0
636.73,6.22,0,0.01,-22.55,1820452,1640099584.04344,0
636.73,6.22,0,0.01,-22.63,1820473,1640099584.06418,0
636.73,6.22,0,0.01,-22.73,1820492,1640099584.08429,0
636.73,6.22,0,0.01,-22.82,1820513,1640099584.10431,0
636.73,6.22,0,0.01,-22.9,1820532,1640099584.12595,0
636.73,6.22,0,0.01,-22.98,1820553,1640099584.14188,0
636.73,6.22,0,0.01,-23.08,1820572,1640099584.16207,0
636.73,6.22,0,0.01,-23.17,1820593,1640099584.18313,0
636.73,6.22,0,0.01,-23.25,1820612,1640099584.20338,0
636.73,6.22,0,0.01,-23.33,1820633,1640099584.22388,0
636.73,6.22,0,0.01,-23.42,1820652,1640099584.24399,0
636.73,6.22,0,0.01,-23.5,1820673,1640099584.26514,0
636.73,6.22,0,0.01,-23.57,1820693,1640099584.2857,0
636.73,6.22,0,0.01,-23.65,1820712,1640099584.306,0
636.73,6.22,0,0.01,-23.73,1820732,1640099584.32212,0
636.73,6.22,0,0.01,-23.82,1820752,1640099584.34312,0
636.73,6.22,0,0.01,-23.9,1820773,1640099584.36329,0
636.73,6.22,0,0.01,-24,1820792,1640099584.38348,0
636.73,6.22,0,0.01,-24.1,1820813,1640099584.40364,0
636.73,6.22,0,0.01,-24.18,1820832,1640099584.42404,0
636.73,6.22,0,0.01,-24.27,1820853,1640099584.44537,0
636.73,6.22,0,0.01,-24.37,1820872,1640099584.47371,0
636.73,6.22,0,0.01,-24.47,1820893,1640099584.48661,0
636.73,6.22,0,0.01,-24.57,1820912,1640099584.50163,0
636.73,6.22,0,0.01,-24.65,1820933,1640099584.52284,0
636.73,6.22,0,0.01,-24.75,1820952,1640099584.54346,0
636.73,6.22,0,0.01,-24.83,1820973,1640099584.56376,0
636.73,6.22,0,0.01,-24.93,1820992,1640099584.58379,0
636.73,6.22,0,0.01,-25.02,1821012,1640099584.60482,0
636.73,6.22,0,0.01,-25.1,1821033,1640099584.62498,0
636.73,6.22,0,0.01,-25.18,1821052,1640099584.64551,0
636.73,6.22,0,0.01,-25.25,1821072,1640099584.66621,0
636.73,6.22,0,0.01,-25.32,1821092,1640099584.68256,0
636.73,6.22,0,0.01,-25.38,1821112,1640099584.70358,0
636.73,6.22,0,0.01,-25.45,1821132,1640099584.72415,0
636.73,6.22,0,0.01,-25.5,1821153,1640099584.74439,0
636.73,6.22,0,0.01,-25.55,1821172,1640099584.76496,0
636.73,6.22,0,0.01,-25.6,1821192,1640099584.78639,0
636.73,6.22,0,0.01,-25.67,1821212,1640099584.80604,0
636.73,6.22,0,0.01,-25.72,1821233,1640099584.8263,0
636.73,6.22,0,0.01,-25.77,1821252,1640099584.84669,0
636.73,6.22,0,0.01,-25.83,1821273,1640099584.86382,0
636.73,6.22,0,0.01,-25.88,1821292,1640099584.88524,0
636.73,6.22,0,0.01,-25.93,1821313,1640099584.9035,0
636.73,6.22,0,0.01,-25.98,1821332,1640099584.92523,0
636.73,6.22,0,0.01,-26.03,1821352,1640099584.94457,0
636.73,6.22,0,0.01,-26.07,1821372,1640099584.96697,0
636.73,6.22,0,0.01,-26.1,1821392,1640099584.98642,0
636.73,6.22,0,0.01,-26.13,1821412,1640099585.0116,0
636.73,6.22,0,0.01,-26.17,1821432,1640099585.02662,0
636.73,6.22,0,0.01,-26.2,1821452,1640099585.04341,0
636.73,6.22,0,0.01,-26.25,1821472,1640099585.06365,0
636.73,6.22,0,0.01,-26.28,1821493,1640099585.08401,0
636.73,6.22,0,0.01,-26.33,1821511,1640099585.11125,0
636.73,6.22,0,0.01,-26.38,1821533,1640099585.12558,0
636.73,6.22,0,0.01,-26.43,1821553,1640099585.14521,0
636.73,6.22,0,0.01,-26.47,1821573,1640099585.1654,0
636.73,6.22,0,0.01,-26.52,1821592,1640099585.18586,0
636.73,6.22,0,0.01,-26.58,1821613,1640099585.20592,0
636.73,6.22,0,0.01,-26.63,1821633,1640099585.22768,0
636.73,6.22,0,0.01,-26.68,1821652,1640099585.24365,0
636.73,6.22,0,0.01,-26.75,1821672,1640099585.26498,0
636.73,6.22,0,0.01,-26.8,1821691,1640099585.28592,0
636.73,6.22,0,0.01,-26.85,1821712,1640099585.31069,0
636.73,6.22,0,0.01,-26.92,1821732,1640099585.32503,0
636.73,6.22,0,0.01,-26.97,1821753,1640099585.34534,0
636.73,6.22,0,0.01,-27.03,1821772,1640099585.36606,0
636.73,6.22,0,0.01,-27.1,1821793,1640099585.38685,0
636.73,6.22,0,0.01,-27.17,1821812,1640099585.40575,0
636.73,6.22,0,0.01,-27.25,1821833,1640099585.42586,0
636.73,6.22,0,0.01,-27.32,1821852,1640099585.44434,0
636.73,6.22,0,0.01,-27.38,1821873,1640099585.46494,0
636.73,6.22,0,0.01,-27.47,1821892,1640099585.48505,0
636.73,6.22,0,0.01,-27.53,1821913,1640099585.50563,0
636.73,6.22,0,0.01,-27.6,1821932,1640099585.52657,0
636.73,6.22,0,0.01,-27.68,1821953,1640099585.54659,0
636.73,6.22,0,0.01,-27.73,1821972,1640099585.56683,0
636.73,6.22,0,0.01,-27.8,1821992,1640099585.58385,0
636.73,6.22,0,0.01,-27.87,1822012,1640099585.60432,0
636.73,6.22,0,0.01,-27.93,1822032,1640099585.62482,0
636.73,6.22,0,0.01,-28.02,1822052,1640099585.64527,0
636.73,6.22,0,0.01,-28.1,1822072,1640099585.66542,0
636.73,6.22,0,0.01,-28.17,1822093,1640099585.68554,0
636.73,6.22,0,0.01,-28.27,1822112,1640099585.70717,0
636.73,6.22,0,0.01,-28.37,1822133,1640099585.7265,0
636.73,6.22,0,0.01,-28.45,1822152,1640099585.74839,0
636.73,6.22,0,0.01,-28.53,1822173,1640099585.76437,0
636.73,6.22,0,0.01,-28.62,1822192,1640099585.78441,0
636.73,6.22,0,0.01,-28.67,1822213,1640099585.80494,0
636.73,6.22,0,0.01,-28.73,1822232,1640099585.82503,0
636.73,6.22,0,0.01,-28.78,1822253,1640099585.84655,0
636.73,6.22,0,0.01,-28.83,1822272,1640099585.86693,0
636.73,6.22,0,0.01,-28.88,1822292,1640099585.88702,0
636.73,6.22,0,0.01,-28.93,1822312,1640099585.90741,0
636.73,6.22,0,0.01,-28.98,1822332,1640099585.92771,0
636.73,6.22,0,0.01,-29.03,1822353,1640099585.94775,0
636.73,6.22,0,0.01,-29.07,1822372,1640099585.96448,0
636.73,6.22,0,0.01,-29.12,1822393,1640099585.98542,0
636.73,6.22,0,0.01,-29.15,1822412,1640099586.00579,0
636.73,6.22,0,0.01,-29.18,1822432,1640099586.0265,0
636.73,6.22,0,0.01,-29.22,1822453,1640099586.04639,0
636.73,6.22,0,0.01,-29.27,1822472,1640099586.06685,0
636.73,6.22,0,0.01,-29.3,1822492,1640099586.08677,0
636.73,6.22,0,0.01,-29.35,1822513,1640099586.107,0
636.73,6.22,0,0.01,-29.38,1822532,1640099586.12542,0
636.73,6.22,0,0.01,-29.42,1822553,1640099586.14658,0
636.73,6.22,0,0.01,-29.47,1822572,1640099586.16645,0
636.73,6.22,0,0.01,-29.5,1822593,1640099586.18542,0
636.73,6.22,0,0.01,-29.53,1822612,1640099586.2083,0
636.73,6.22,0,0.01,-29.57,1822632,1640099586.22713,0
636.73,6.22,0,0.01,-29.6,1822652,1640099586.24738,0
636.73,6.22,0,0.01,-29.63,1822672,1640099586.26825,0
636.73,6.22,0,0.01,-29.68,1822693,1640099586.29321,0
636.73,6.22,0,0.01,-29.73,1822712,1640099586.3072,0
636.73,6.22,0,0.01,-29.8,1822732,1640099586.32583,0
636.73,6.22,0,0.01,-29.85,1822752,1640099586.34625,0
636.73,6.22,0,0.01,-29.9,1822773,1640099586.36699,0
636.73,6.22,0,0.01,-29.95,1822792,1640099586.38588,0
636.73,6.22,0,0.01,-29.98,1822813,1640099586.40724,0
636.73,6.22,0,0.01,-30.03,1822833,1640099586.42791,0
636.73,6.22,0,0.01,-30.08,1822853,1640099586.44849,0
636.73,6.22,0,0.01,-30.13,1822872,1640099586.46925,0
636.73,6.22,0,0.01,-30.18,1822893,1640099586.48907,0
636.73,6.22,0,0.01,-30.23,1822913,1640099586.50958,0
636.73,6.22,0,0.01,-30.3,1822932,1640099586.52616,0
636.73,6.22,0,0.01,-30.35,1822953,1640099586.54656,0
636.73,6.22,0,0.01,-30.42,1822972,1640099586.56871,0
636.73,6.22,0,0.01,-30.48,1822993,1640099586.58774,0
636.73,6.22,0,0.01,-30.55,1823012,1640099586.60817,0
636.73,6.22,0,0.01,-30.63,1823033,1640099586.62878,0
636.73,6.22,0,0.01,-30.7,1823052,1640099586.64924,0
636.73,6.22,0,0.01,-30.78,1823073,1640099586.66957,0
636.73,6.22,0,0.01,-30.87,1823092,1640099586.68542,0
636.73,6.22,0,0.01,-30.95,1823113,1640099586.70699,0
636.73,6.22,0,0.01,-31.03,1823132,1640099586.72731,0
636.73,6.22,0,0.01,-31.1,1823153,1640099586.74746,0
636.73,6.22,0,0.01,-31.18,1823172,1640099586.7681,0
636.73,6.22,0,0.01,-31.23,1823193,1640099586.79547,0
636.73,6.22,0,0.01,-31.3,1823213,1640099586.81053,0
636.73,6.22,0,0.01,-31.35,1823233,1640099586.82991,0
636.73,6.22,0,0.01,-31.4,1823252,1640099586.8484,0
636.73,6.22,0,0.01,-31.45,1823272,1640099586.8656,0
636.73,6.22,0,0.01,-31.5,1823293,1640099586.88578,0
636.73,6.22,0,0.01,-31.55,1823312,1640099586.90595,0
636.73,6.22,0,0.01,-31.6,1823332,1640099586.92712,0
636.73,6.22,0,0.01,-31.63,1823352,1640099586.94742,0
636.73,6.22,0,0.01,-31.68,1823373,1640099586.96745,0
636.73,6.22,0,0.01,-31.72,1823392,1640099586.98773,0
636.73,6.22,0,0.01,-31.78,1823413,1640099587.00901,0
636.73,6.22,0,0.01,-31.83,1823432,1640099587.02963,0
636.73,6.22,0,0.01,-31.87,1823452,1640099587.04599,0
636.73,6.22,0,0.01,-31.9,1823472,1640099587.06617,0
636.73,6.22,0,0.01,-31.93,1823492,1640099587.08619,0
636.73,6.22,0,0.01,-31.97,1823512,1640099587.1076,0
636.73,6.22,0,0.01,-32,1823533,1640099587.12797,0
636.73,6.22,0,0.01,-32.02,1823553,1640099587.14833,0
636.73,6.22,0,0.01,-32.05,1823572,1640099587.16879,0
636.73,6.22,0,0.01,-32.07,1823592,1640099587.18911,0
636.73,6.22,0,0.01,-32.1,1823612,1640099587.20914,0
636.73,6.22,0,0.01,-32.13,1823632,1640099587.2262,0
636.73,6.22,0,0.01,-32.17,1823652,1640099587.24643,0
636.73,6.22,0,0.01,-32.2,1823672,1640099587.26676,0
636.73,6.22,0,0.01,-32.23,1823692,1640099587.28751,0
636.73,6.22,0,0.01,-32.27,1823712,1640099587.30749,0
636.73,6.22,0,0.01,-32.28,1823733,1640099587.329,0
636.73,6.22,0,0.01,-32.32,1823753,1640099587.34844,0
636.73,6.22,0,0.01,-32.33,1823772,1640099587.36991,0
636.73,6.22,0,0.01,-32.37,1823793,1640099587.39109,0
636.73,6.22,0,0.01,-32.38,1823812,1640099587.4069,0
636.73,6.22,0,0.01,-32.42,1823833,1640099587.42726,0
636.73,6.22,0,0.01,-32.45,1823853,1640099587.44769,0
636.73,6.22,0,0.01,-32.48,1823873,1640099587.4678,0
636.73,6.22,0,0.01,-32.52,1823892,1640099587.48865,0
636.73,6.22,0,0.01,-32.55,1823912,1640099587.50916,0
636.73,6.22,0,0.01,-32.58,1823932,1640099587.52936,0
636.73,6.22,0,0.01,-32.6,1823952,1640099587.54993,0
636.73,6.22,0,0.01,-32.62,1823973,1640099587.57028,0
636.73,6.22,0,0.01,-32.65,1823992,1640099587.5872,0
636.73,6.22,0,0.01,-32.67,1824012,1640099587.61551,0
636.73,6.22,0,0.01,-32.67,1824032,1640099587.62747,0
636.73,6.22,0,0.01,-32.68,1824053,1640099587.6475,0
636.73,6.22,0,0.01,-32.7,1824072,1640099587.668,0
636.73,6.22,0,0.01,-32.7,1824092,1640099587.68981,0
636.73,6.22,0,0.01,-32.72,1824112,1640099587.70929,0
636.73,6.22,0,0.01,-32.72,1824133,1640099587.72924,0
636.73,6.22,0,0.01,-32.73,1824153,1640099587.75055,0
636.73,6.22,0,0.01,-32.73,1824173,1640099587.77097,0
636.73,6.22,0,0.01,-32.75,1824192,1640099587.78727,0
636.73,6.22,0,0.01,-32.75,1824212,1640099587.80752,0
636.73,6.22,0,0.01,-32.75,1824233,1640099587.82775,0
636.73,6.22,0,0.01,-32.77,1824252,1640099587.84801,0
636.73,6.22,0,0.01,-32.77,1824273,1640099587.86843,0
636.73,6.22,0,0.01,-32.78,1824292,1640099587.8892,0
636.73,6.22,0,0.01,-32.78,1824312,1640099587.91418,0
636.73,6.22,0,0.01,-32.78,1824332,1640099587.93087,0
636.73,6.22,0,0.01,-32.8,1824353,1640099587.95048,0
636.73,6.22,0,0.01,-32.8,1824372,1640099587.96709,0
636.73,6.22,0,0.01,-32.8,1824393,1640099587.98749,0
636.73,6.22,0,0,-32.82,1824413,1640099588.00816,0
636.73,6.22,0,0.01,-32.82,1824433,1640099588.03452,0
636.73,6.22,0,0.01,-32.82,1824453,1640099588.05219,0
636.73,6.22,0,0.01,-32.82,1824473,1640099588.07101,0
636.73,6.22,0,0.01,-32.82,1824493,1640099588.09019,0
636.73,6.22,0,0.01,-32.83,1824513,1640099588.11082,0
636.73,6.22,0,0.01,-32.83,1824533,1640099588.1313,0
636.73,6.22,0,0.01,-32.83,1824552,1640099588.14827,0
636.73,6.22,0,0.01,-32.83,1824572,1640099588.16747,0
636.73,6.22,0,0.01,-32.83,1824592,1640099588.18802,0
636.73,6.22,0,0.01,-32.83,1824612,1640099588.20864,0
636.73,6.22,0,0.01,-32.83,1824632,1640099588.23009,0
636.73,6.22,0,0.01,-32.83,1824653,1640099588.25058,0
636.73,6.22,0,0.01,-32.83,1824672,1640099588.27079,0
636.73,6.22,0,0.01,-32.82,1824693,1640099588.29139,0
636.73,6.22,0,0,-32.82,1824713,1640099588.3114,0
636.73,6.22,0,0.01,-32.82,1824733,1640099588.33196,0
636.73,6.22,0,0.01,-32.82,1824753,1640099588.34877,0
636.73,6.22,0,0.01,-32.82,1824773,1640099588.36928,0
636.73,6.22,0,0.01,-32.8,1824792,1640099588.39616,0
636.73,6.22,0,0.01,-32.78,1824813,1640099588.41247,0
636.73,6.22,0,0.01,-32.78,1824832,1640099588.43054,0
636.73,6.22,0,0.01,-32.77,1824852,1640099588.45107,0
636.73,6.22,0,0.01,-32.75,1824873,1640099588.47135,0
636.73,6.22,0,0.01,-32.73,1824892,1640099588.49136,0
636.73,6.22,0,0,-32.72,1824912,1640099588.50767,0
636.73,6.22,0,0.01,-32.68,1824932,1640099588.52891,0
636.73,6.22,0,0.01,-32.65,1824952,1640099588.54918,0
636.73,6.22,0,0.01,-32.62,1824972,1640099588.56972,0
636.73,6.22,0,0.01,-32.58,1824992,1640099588.59011,0
636.73,6.22,0,0,-32.57,1825012,1640099588.61065,0
636.73,6.22,0,0.01,-32.55,1825033,1640099588.631,0
636.73,6.22,0,0.01,-32.53,1825052,1640099588.65168,0
636.73,6.22,0,0.01,-32.53,1825073,1640099588.67211,0
636.73,6.22,0,0.01,-32.53,1825092,1640099588.69047,0
636.73,6.22,0,0,-32.52,1825112,1640099588.70946,0
636.73,6.22,0,0.01,-32.52,1825133,1640099588.73019,0
636.73,6.22,0,0,-32.52,1825153,1640099588.75557,0
636.73,6.22,0,0.01,-32.52,1825172,1640099588.77101,0
636.73,6.22,0,0,-32.52,1825192,1640099588.79765,0
636.73,6.22,0,0,-32.52,1825212,1640099588.81152,0
636.73,6.22,0,0.01,-32.52,1825232,1640099588.83175,0
636.73,6.22,0,0.01,-32.52,1825253,1640099588.85169,0
636.73,6.22,0,0.01,-32.52,1825272,1640099588.86858,0
636.73,6.22,0,0.01,-32.52,1825292,1640099588.88892,0
636.73,6.22,0,0,-32.52,1825312,1640099588.90929,0
636.73,6.22,0,0.01,-32.52,1825332,1640099588.9303,0
636.73,6.22,0,0.01,-32.52,1825352,1640099588.95105,0
636.73,6.22,0,0.01,-32.52,1825373,1640099588.97163,0
636.73,6.22,0,0.01,-32.52,1825392,1640099588.99146,0
636.73,6.22,0,0.01,-32.52,1825412,1640099589.01185,0
636.73,6.22,0,0.01,-32.52,1825432,1640099589.03242,0
636.73,6.22,0,0.01,-32.52,1825453,1640099589.05647,0
636.73,6.22,0,0.01,-32.52,1825472,1640099589.07126,0
636.73,6.22,0,0.01,-32.52,1825492,1640099589.09007,0
636.73,6.22,0,0,-32.52,1825512,1640099589.11017,0
636.73,6.22,0,0.01,-32.52,1825532,1640099589.13052,0
636.73,6.22,0,0.01,-32.52,1825553,1640099589.1515,0
636.73,6.22,0,0.01,-32.52,1825572,1640099589.17115,0
636.73,6.22,0,0.01,-32.52,1825592,1640099589.19209,0
636.73,6.22,0,0,-32.52,1825612,1640099589.21247,0
636.73,6.22,0,0.01,-32.52,1825633,1640099589.22914,0
636.73,6.22,0,0.01,-32.52,1825652,1640099589.24954,0
636.73,6.22,0,0.01,-32.52,1825673,1640099589.26984,0
636.73,6.22,0,0.01,-32.52,1825692,1640099589.29108,0
636.73,6.22,0,0,-32.52,1825713,1640099589.31128,0
636.73,6.22,0,0.01,-32.52,1825732,1640099589.33182,0
636.73,6.22,0,0.01,-32.52,1825753,1640099589.35191,0
636.73,6.22,0,0.01,-32.52,1825772,1640099589.37279,0
636.73,6.22,0,0.01,-32.52,1825793,1640099589.39273,0
636.73,6.22,0,0,-32.52,1825812,1640099589.40915,0
636.73,6.22,0,0.01,-32.52,1825832,1640099589.42995,0
636.73,6.22,0,0.01,-32.52,1825852,1640099589.45159,0
636.73,6.22,0,0.01,-32.52,1825872,1640099589.47341,0
636.73,6.22,0,0.01,-32.52,1825892,1640099589.49216,0
636.73,6.22,0,0.01,-32.52,1825912,1640099589.51718,0
636.73,6.22,0,0.01,-32.5,1825932,1640099589.53566,0
636.73,6.22,0,0.01,-32.5,1825952,1640099589.55264,0
636.73,6.22,0,0.01,-32.5,1825973,1640099589.57264,0
636.73,6.22,0,0.01,-32.5,1825992,1640099589.58931,0
636.73,6.22,0,0.01,-32.5,1826013,1640099589.60974,0
636.73,6.22,0,0.01,-32.5,1826032,1640099589.63041,0
636.73,6.22,0,0.01,-32.5,1826053,1640099589.65068,0
636.73,6.22,0,0.01,-32.5,1826072,1640099589.67097,0
636.73,6.22,0,0.01,-32.5,1826093,1640099589.6922,0
636.73,6.22,0,0.01,-32.5,1826112,1640099589.71231,0
636.73,6.22,0,0.01,-32.5,1826132,1640099589.73299,0
636.73,6.22,0,0.01,-32.5,1826152,1640099589.75363,0
636.73,6.22,0,0.01,-32.5,1826172,1640099589.78251,0
636.73,6.22,0,0.01,-32.5,1826192,1640099589.79004,0
636.73,6.22,0,0.01,-32.5,1826212,1640099589.81059,0
636.73,6.22,0,0.01,-32.5,1826232,1640099589.83105,0
636.73,6.22,0,0.01,-32.5,1826252,1640099589.85175,0
636.73,6.22,0,0.01,-32.5,1826272,1640099589.87207,0
636.73,6.22,0,0.01,-32.5,1826292,1640099589.8924,0
636.73,6.22,0,0.01,-32.5,1826313,1640099589.91329,0
636.73,6.22,0,0.01,-32.5,1826332,1640099589.93429,0
636.73,6.22,0,0.01,-32.5,1826353,1640099589.95019,0
636.73,6.22,0,0.01,-32.5,1826372,1640099589.97015,0
636.73,6.22,0,0.01,-32.5,1826393,1640099589.98999,0
636.73,6.22,0,0.01,-32.5,1826412,1640099590.0108,0
636.73,6.22,0,0.01,-32.5,1826433,1640099590.03779,0
636.73,6.22,0,0.01,-32.5,1826452,1640099590.05269,0
636.73,0.02,0,0.01,-32.5,1826473,1640099590.07232,0
636.73,0.02,0,0.01,-32.5,1826492,1640099590.09273,0
636.73,0.02,0,0.01,-32.5,1826512,1640099590.113,0
636.73,0.02,0,0.01,-32.5,1826532,1640099590.12994,0
636.73,0.02,0,0.01,-32.5,1826552,1640099590.15054,0
636.73,0.02,0,0.01,-32.5,1826572,1640099590.18145,0
636.73,0.02,0,0.01,-32.5,1826592,1640099590.19132,0
636.73,0.02,0,0.01,-32.5,1826612,1640099590.21228,0
636.73,0.02,0,0.01,-32.5,1826632,1640099590.23257,0
636.73,0.02,0,0.01,-32.5,1826652,1640099590.25291,0
636.73,0.02,0,0.01,-32.5,1826672,1640099590.27846,0
636.73,0.02,0,0.01,-32.5,1826692,1640099590.29716,0
636.73,0.02,0,0.01,-32.5,1826712,1640099590.31245,0
636.73,0.02,0,0.01,-32.5,1826733,1640099590.34068,0
636.73,0.02,0,0.01,-32.5,1826752,1640099590.35212,0
636.73,0.02,0,0.01,-32.5,1826772,1640099590.37213,0
636.73,0.02,0,0.01,-32.5,1826792,1640099590.39146,0
636.73,0.02,0,0.01,-32.5,1826812,1640099590.41267,0
636.73,0.02,0,0.01,-32.5,1826832,1640099590.43273,0
636.73,0.02,0,0.01,-32.5,1826852,1640099590.45349,0
636.73,0.02,0,0.01,-32.5,1826872,1640099590.47385,0
636.73,0.02,0,0.01,-32.5,1826892,1640099590.4916,0
636.73,0.02,0,0.01,-32.5,1826912,1640099590.52097,0
636.73,0.02,0,0.01,-32.5,1826931,1640099590.53179,0
636.73,0.02,0,0.01,-32.5,1826953,1640099590.5519,0
636.73,0.02,0,0.01,-32.5,1826972,1640099590.57202,0
636.73,-0.08,0,0.01,-32.5,1826992,1640099590.5932,0
636.73,0.02,0,0.01,-32.5,1827013,1640099590.62023,0
636.73,0.02,0,0.01,-32.5,1827033,1640099590.63387,0
636.73,0.02,0,0.01,-32.5,1827053,1640099590.65394,0
636.73,0.02,0,0.01,-32.5,1827073,1640099590.6765,0
636.73,0.02,0,0.01,-32.5,1827093,1640099590.69662,0
636.73,0.02,0,0.01,-32.5,1827113,1640099590.71082,0
636.73,0.02,0,0.01,-32.5,1827133,1640099590.73131,0
636.73,0.02,0,0.01,-32.5,1827153,1640099590.75288,0
636.73,0.02,0,0.01,-32.5,1827172,1640099590.77298,0
636.73,0.02,0,0.01,-32.5,1827192,1640099590.79262,0
636.73,0.02,0,0.01,-32.5,1827212,1640099590.81395,0
636.73,0.02,0,0.01,-32.5,1827232,1640099590.83351,0
636.73,0.02,0,0.01,-32.5,1827253,1640099590.85399,0
636.73,0.02,0,0.01,-32.5,1827272,1640099590.87124,0
636.73,0.02,0,0.01,-32.5,1827293,1640099590.89177,0
636.73,0.02,0,0.01,-32.5,1827312,1640099590.9121,0
636.73,0.02,0,0.01,-32.5,1827333,1640099590.93265,0
636.73,0.02,0,0.01,-32.5,1827352,1640099590.95339,0
636.73,0.02,0,0.01,-32.5,1827373,1640099590.97367,0
636.73,0.02,0,0.01,-32.5,1827392,1640099590.99478,0
636.73,0.02,0,0.01,-32.5,1827412,1640099591.01553,0
636.73,0.02,0,0.01,-32.5,1827432,1640099591.03537,0
636.73,0.02,0,0.01,-32.5,1827452,1640099591.05204,0
636.73,0.02,0,0.01,-32.5,1827472,1640099591.07219,0
636.73,0.02,0,0.01,-32.5,1827492,1640099591.09384,0
636.73,0.02,0,0.01,-32.5,1827513,1640099591.1147,0
636.73,0.02,0,0.01,-32.5,1827532,1640099591.13471,0
636.73,0.02,0,0.01,-32.5,1827553,1640099591.15513,0
636.73,0.02,0,0.01,-32.5,1827572,1640099591.17545,0
636.73,0.02,0,0.01,-32.5,1827593,1640099591.19531,0
636.73,0.02,0,0.01,-32.5,1827612,1640099591.21584,0
636.73,0.02,0,0.01,-32.5,1827633,1640099591.23253,0
636.73,0.02,0,0.01,-32.5,1827652,1640099591.25312,0
636.73,0.02,0,0.01,-32.5,1827673,1640099591.27356,0
636.73,0.02,0,0.01,-32.5,1827692,1640099591.29382,0
636.73,0.02,0,0.01,-32.5,1827713,1640099591.31515,0
636.73,0.02,0,0.01,-32.5,1827732,1640099591.33475,0
636.73,0.02,0,0.01,-32.5,1827752,1640099591.35523,0
636.73,0.02,0,0.01,-32.5,1827772,1640099591.37585,0
636.73,0.02,0,0.01,-32.5,1827792,1640099591.39287,0
636.73,0.02,0,0.01,-32.5,1827812,1640099591.41236,0
636.73,0.02,0,0.01,-32.5,1827832,1640099591.43312,0
636.73,0.02,0,0.01,-32.5,1827852,1640099591.45375,0
636.73,0.02,0,0.01,-32.5,1827872,1640099591.47377,0
636.73,0.02,0,0.01,-32.5,1827893,1640099591.49431,0
636.73,0.02,0,0.01,-32.5,1827912,1640099591.51527,0
636.73,0.02,0,0.01,-32.5,1827933,1640099591.53576,0
636.73,0.02,0,0.01,-32.5,1827952,1640099591.55631,0
636.73,0.02,0,0.01,-32.5,1827973,1640099591.57602,0
636.73,0.02,0,0.01,-32.5,1827992,1640099591.59291,0
636.73,0.02,0,0.01,-32.5,1828013,1640099591.61308,0
636.73,0.02,0,0.01,-32.5,1828032,1640099591.6342,0
636.73,0.02,0,0.01,-32.5,1828052,1640099591.65487,0
636.73,0.02,0,0.01,-32.5,1828072,1640099591.67499,0
636.73,0.02,0,0.01,-32.5,1828092,1640099591.69557,0
636.73,0.02,0,0.01,-32.5,1828112,1640099591.71561,0
636.73,0.02,0,0.01,-32.5,1828132,1640099591.73602,0
636.73,0.02,0,0.01,-32.5,1828153,1640099591.7563,0
636.73,0.02,0,0.01,-32.5,1828172,1640099591.77338,0
636.73,0.02,0,0.01,-32.5,1828192,1640099591.79345,0
636.73,0.02,0,0.01,-32.5,1828212,1640099591.81425,0
636.73,0.02,0,0.01,-32.5,1828233,1640099591.83483,0
636.73,0.02,0,0.01,-32.5,1828252,1640099591.85531,0
636.73,0.02,0,0.01,-32.5,1828273,1640099591.87565,0
636.73,0.02,0,0.01,-32.5,1828292,1640099591.89638,0
636.73,0.02,0,0.01,-32.5,1828313,1640099591.91555,0
636.73,0.02,0,0.01,-32.5,1828332,1640099591.93685,0
636.73,0.02,0,0.01,-32.5,1828353,1640099591.95512,0
636.73,0.02,0,0.01,-32.5,1828372,1640099591.97276,0
636.73,0.02,0,0.01,-32.5,1828392,1640099591.993,0
636.73,0.02,0,0.01,-32.5,1828412,1640099592.01398,0
636.73,0.02,0,0.01,-32.5,1828432,1640099592.03404,0
636.73,0.02,0,0.01,-32.5,1828452,1640099592.05435,0
636.73,0.02,0,0.01,-32.5,1828472,1640099592.07489,0
636.73,0.02,0,0.01,-32.5,1828492,1640099592.09604,0
636.73,0.02,0,0.01,-32.5,1828512,1640099592.11632,0
636.73,0.02,0,0.01,-32.5,1828532,1640099592.13336,0
636.73,0.02,0,0.01,-32.5,1828552,1640099592.15345,0
636.73,0.02,0,0.01,-32.5,1828573,1640099592.17405,0
636.73,0.02,0,0.01,-32.5,1828592,1640099592.20051,0
636.73,0.02,0,0.01,-32.5,1828613,1640099592.21528,0
636.73,0.02,0,0.01,-32.5,1828632,1640099592.23516,0
636.73,0.02,0,0.01,-32.5,1828653,1640099592.25534,0
636.73,0.02,0,0.01,-32.5,1828672,1640099592.27644,0
636.73,0.02,0,0.01,-32.5,1828692,1640099592.29624,0
636.73,0.02,0,0.01,-32.5,1828712,1640099592.31365,0
636.73,0.02,0,0.01,-32.5,1828732,1640099592.33373,0
636.73,0.02,0,0.01,-32.5,1828752,1640099592.35446,0
636.73,0.02,0,0.01,-32.5,1828772,1640099592.37612,0
636.73,0.02,0,0.01,-32.5,1828792,1640099592.39581,0
636.73,0.02,0,0.01,-32.5,1828812,1640099592.41696,0
636.73,0.02,0,0.01,-32.5,1828832,1640099592.4363,0
636.73,0.02,0,0.01,-32.5,1828852,1640099592.45663,0
636.73,0.02,0,0.01,-32.5,1828872,1640099592.47733,0
636.73,0.02,0,0.01,-32.5,1828892,1640099592.49399,0
636.73,0.02,0,0.01,-32.5,1828912,1640099592.51405,0
636.73,0.02,0,0.01,-32.5,1828932,1640099592.53525,0
636.73,0.02,0,0.01,-32.5,1828953,1640099592.55557,0
636.73,0.02,0,0.01,-32.5,1828972,1640099592.57596,0
636.73,0.02,0,0.01,-32.5,1828993,1640099592.59579,0
636.73,0.02,0,0.01,-32.5,1829012,1640099592.61694,0
636.73,0.02,0,0.01,-32.5,1829032,1640099592.63761,0
636.73,0.02,0,0.01,-32.5,1829052,1640099592.65805,0
636.73,0.02,0,0.01,-32.5,1829072,1640099592.6742,0
636.73,0.02,0,0.01,-32.5,1829092,1640099592.69414,0
636.73,0.02,0,0.01,-32.5,1829112,1640099592.71471,0
636.73,0.02,0,0.01,-32.5,1829133,1640099592.73499,0
636.73,0.02,0,0.01,-32.5,1829152,1640099592.75556,0
636.73,0.02,0,0.01,-32.5,1829172,1640099592.77599,0
636.73,0.02,0,0.01,-32.5,1829192,1640099592.79772,0
636.73,0.02,0,0.01,-32.5,1829213,1640099592.81774,0
636.73,0.02,0,0.01,-32.5,1829232,1640099592.83792,0
636.73,0.02,0,0.01,-32.5,1829252,1640099592.8537,0
636.73,0.02,0,0.01,-32.5,1829272,1640099592.87503,0
636.73,0.02,0,0.01,-32.5,1829293,1640099592.89539,0
636.73,0.02,0,0.01,-32.5,1829312,1640099592.91544,0
636.73,0.02,0,0.01,-32.5,1829332,1640099592.93728,0
636.73,0.02,0,0.01,-32.5,1829352,1640099592.95676,0
636.73,0.02,0,0.01,-32.5,1829372,1640099592.97671,0
636.73,0.02,0,0.01,-32.5,1829392,1640099592.99703,0
636.73,0.02,0,0.01,-32.5,1829412,1640099593.01719,0
636.73,0.02,0,0.01,-32.5,1829433,1640099593.03835,0
636.73,0.02,0,0.01,-32.5,1829452,1640099593.06642,0
636.73,0.02,0,0.01,-32.5,1829473,1640099593.08181,0
636.73,0.02,0,0.01,-32.5,1829492,1640099593.09631,0
636.73,0.02,0,0.01,-32.5,1829513,1640099593.11534,0
636.73,0.02,0,0.01,-32.5,1829532,1640099593.13584,0
636.73,0.02,0,0.01,-32.5,1829553,1640099593.15622,0
636.73,0.02,0,0.01,-32.5,1829572,1640099593.17697,0
636.73,0.02,0,0.01,-32.5,1829593,1640099593.19747,0
636.73,0.02,0,0.01,-32.5,1829612,1640099593.21856,0
636.73,0.02,0,0.01,-32.5,1829633,1640099593.2343,0
636.73,0.02,0,0.01,-32.5,1829652,1640099593.25692,0
636.73,0.02,0,0.01,-32.5,1829672,1640099593.27561,0
636.73,0.02,0,0.01,-32.5,1829692,1640099593.29652,0
636.73,0.02,0,0.01,-32.5,1829712,1640099593.31824,0
636.73,0.02,0,0.01,-32.5,1829733,1640099593.33717,0
636.73,0.02,0,0.01,-32.5,1829752,1640099593.35701,0
636.73,0.02,0,0.01,-32.5,1829773,1640099593.3778,0
636.73,0.02,0,0.01,-32.5,1829792,1640099593.39895,0
636.73,0.02,0,0.01,-32.5,1829813,1640099593.41746,0
636.73,0.02,0,0.01,-32.5,1829832,1640099593.44594,0
636.73,0.02,0,0.01,-32.5,1829853,1640099593.4558,0
636.73,0.02,0,0.01,-32.5,1829872,1640099593.47604,0
636.73,0.02,0,0.01,-32.5,1829893,1640099593.49803,0
636.73,0.02,0,0.01,-32.5,1829912,1640099593.51733,0
636.73,0.02,0,0.01,-32.5,1829933,1640099593.53784,0
636.73,0.02,0,0.01,-32.5,1829952,1640099593.55833,0
636.73,0.02,0,0.01,-32.5,1829972,1640099593.57871,0
636.73,0.02,0,0.01,-32.5,1829992,1640099593.59696,0
636.73,0.02,0,0.01,-32.5,1830012,1640099593.61608,0
636.73,0.02,0,0.01,-32.5,1830032,1640099593.63584,0
636.73,0.02,0,0.01,-32.5,1830052,1640099593.65726,0
636.73,0.02,0,0.01,-32.5,1830073,1640099593.67751,0
636.73,0.02,0,0.01,-32.5,1830092,1640099593.69846,0
636.73,0.02,0,0.01,-32.5,1830113,1640099593.71753,0
636.73,0.02,0,0.01,-32.5,1830132,1640099593.73795,0
636.73,0.02,0,0.01,-32.5,1830153,1640099593.7582,0
636.73,0.02,0,0.01,-32.5,1830172,1640099593.77501,0
636.73,0.02,0,0.01,-32.5,1830193,1640099593.79567,0
636.73,0.02,0,0.01,-32.5,1830212,1640099593.81667,0
636.73,0.02,0,0.01,-32.5,1830233,1640099593.83734,0
636.73,0.02,0,0.01,-32.5,1830252,1640099593.85767,0
636.73,0.02,0,0.01,-32.5,1830273,1640099593.87805,0
636.73,0.02,0,0.01,-32.5,1830292,1640099593.90851,0
636.73,0.02,0,0.01,-32.5,1830312,1640099593.91903,0
636.73,0.02,0,0.01,-32.5,1830332,1640099593.93997,0
636.73,0.02,0,0.01,-32.5,1830352,1640099593.95516,0
