617.78,-1.55,0,0,101.13,524253,1640098286.10848,0
617.78,-1.55,0,0,101.13,524272,1640098286.1093,0
617.78,-1.55,0,0,101.13,524293,1640098286.11024,0
617.78,-1.55,0,0,101.13,524313,1640098286.11103,0
617.78,-1.55,0,0,101.13,524333,1640098286.11178,0
617.78,-1.55,0,0,101.13,524353,1640098286.11256,0
617.78,-1.55,0,0,101.13,524372,1640098286.13296,0
617.78,-1.55,0,0,101.13,524393,1640098286.15573,0
617.78,-1.55,0,0,101.13,524412,1640098286.17242,0
617.78,-1.55,0,0,101.13,524433,1640098286.19421,0
617.78,-1.55,0,0,101.13,524452,1640098286.22728,0
617.78,-1.55,0,0,101.13,524473,1640098286.23679,0
617.78,-1.55,0,0,101.13,524492,1640098286.2533,0
617.78,-1.55,0,0,101.13,524513,1640098286.2744,0
617.78,-1.55,0,0,101.13,524532,1640098286.28788,0
617.78,-1.55,0,0,101.13,524553,1640098286.31024,0
617.78,-1.55,0,0,101.13,524572,1640098286.33151,0
617.78,-1.55,0,0,101.13,524593,1640098286.35281,0
617.78,-1.55,0,0,101.13,524613,1640098286.36996,0
617.78,-1.55,0,0,101.13,524633,1640098286.39138,0
617.78,-1.55,0,0,101.13,524653,1640098286.41082,0
617.78,-1.55,0,0,101.13,524673,1640098286.43175,0
617.78,-1.55,0,0,101.13,524693,1640098286.44883,0
617.78,-1.55,0,0,101.13,524712,1640098286.46973,0
617.78,-1.55,0,0,101.13,524733,1640098286.4896,0
617.78,-1.55,0,0,101.13,524752,1640098286.51066,0
617.78,-1.55,0,0,101.13,524773,1640098286.53144,0
617.78,-1.55,0,0,101.13,524792,1640098286.55153,0
617.78,-1.55,0,0,101.13,524813,1640098286.57168,0
617.78,-1.55,0,0,101.13,524832,1640098286.59227,0
617.78,-1.55,0,0,101.13,524853,1640098286.61291,0
617.78,-1.55,0,0,101.13,524872,1640098286.62891,0
617.78,-1.55,0,0,101.13,524893,1640098286.65014,0
617.78,-1.55,0,0,101.13,524912,1640098286.67084,0
617.78,-1.55,0,0,101.13,524933,1640098286.69136,0
617.78,-1.55,0,0,101.13,524953,1640098286.71259,0
617.78,-1.55,0,0,101.13,524973,1640098286.73045,0
617.78,-1.55,0,0,101.13,524993,1640098286.7509,0
617.78,-1.55,0,0,101.13,525012,1640098286.77117,0
617.78,-1.55,0,0,101.13,525033,1640098286.79918,0
617.78,-1.55,0,0,101.13,525052,1640098286.81327,0
617.78,-1.55,0,0,101.13,525073,1640098286.82943,0
617.78,-1.55,0,0,101.13,525092,1640098286.84907,0
617.78,-1.55,0,0,101.13,525113,1640098286.87079,0
617.78,-1.55,0,0,101.13,525132,1640098286.89028,0
617.78,-1.55,0,0,101.13,525153,1640098286.91137,0
617.78,-1.55,0,0,101.13,525172,1640098286.93154,0
617.78,-1.55,0,0,101.13,525193,1640098286.95236,0
617.78,-1.55,0,0,101.13,525212,1640098286.97299,0
617.78,-1.55,0,0,101.13,525233,1640098286.99328,0
617.78,-1.55,0,0,101.13,525252,1640098287.00926,0
617.78,-1.55,0,0,101.13,525273,1640098287.02984,0
617.78,-1.55,0,0,101.13,525293,1640098287.05102,0
617.78,-1.55,0,0,101.13,525313,1640098287.07137,0
617.78,-1.55,0,0,101.13,525333,1640098287.09248,0
617.78,-1.55,0,0,101.13,525352,1640098287.11212,0
617.78,-1.55,0,0,101.13,525373,1640098287.13249,0
617.78,-1.55,0,0,101.13,525392,1640098287.15307,0
617.78,-1.55,0,0,101.13,525413,1640098287.17349,0
617.78,-1.55,0,0,101.13,525432,1640098287.18952,0
617.78,-1.55,0,0,101.13,525453,1640098287.21041,0
617.78,-1.55,0,0,101.13,525472,1640098287.23123,0
617.78,-1.55,0,0,101.13,525493,1640098287.25177,0
617.78,-1.55,0,0,101.13,525512,1640098287.27176,0
617.78,-1.55,0,0,101.13,525533,1640098287.29233,0
617.78,-1.55,0,0,101.13,525552,1640098287.31286,0
617.78,-1.55,0,0,101.13,525573,1640098287.33313,0
617.78,-1.55,0,0,101.13,525593,1640098287.35317,0
617.78,-1.55,0,0,101.13,525613,1640098287.37009,0
617.78,-1.55,0,0,101.13,525633,1640098287.39249,0
617.78,-1.55,0,0,101.13,525652,1640098287.4108,0
617.78,-1.55,0,0,101.13,525673,1640098287.43206,0
617.78,-1.55,0,0,101.13,525692,1640098287.45215,0
617.78,-1.55,0,0,101.13,525713,1640098287.47295,0
617.78,-1.55,0,0,101.13,525732,1640098287.49381,0
617.78,-1.55,0,0,101.13,525753,1640098287.51347,0
617.78,-1.55,0,0,101.13,525772,1640098287.53379,0
617.78,-1.55,0,0,101.13,525793,1640098287.55067,0
617.78,-1.55,0,0,101.13,525812,1640098287.57063,0
617.78,-1.55,0,0,101.13,525833,1640098287.59092,0
617.78,-1.55,0,0,101.13,525852,1640098287.6168,0
617.78,-1.55,0,0,101.13,525873,1640098287.63317,0
617.78,-1.55,0,0,101.13,525893,1640098287.6522,0
617.78,-1.55,0,0,101.13,525913,1640098287.67242,0
617.78,-1.55,0,0,101.13,525933,1640098287.69382,0
617.78,-1.55,0,0,101.13,525953,1640098287.71427,0
617.78,-1.55,0,0,101.13,525973,1640098287.73057,0
617.78,-1.55,0,0,101.13,525992,1640098287.75092,0
617.78,-1.55,0,0,101.13,526013,1640098287.77127,0
617.78,-1.55,0,0,101.13,526032,1640098287.79973,0
617.78,-1.55,0,0,101.13,526053,1640098287.81213,0
617.78,-1.55,0,0,101.13,526072,1640098287.83224,0
617.78,-1.55,0,0,101.13,526093,1640098287.85277,0
617.78,-1.55,0,0,101.13,526112,1640098287.87365,0
617.78,-1.55,0,0,101.13,526133,1640098287.89335,0
617.78,-1.55,0,0,101.13,526152,1640098287.91072,0
617.78,-1.55,0,0,101.13,526173,1640098287.93112,0
617.78,-1.55,0,0,101.13,526192,1640098287.95074,0
617.78,-1.55,0,0,101.13,526213,1640098287.97182,0
617.78,-1.55,0,0,101.13,526233,1640098287.99252,0
617.78,-1.55,0,0,101.13,526253,1640098288.01299,0
617.78,-1.55,0,0,101.13,526273,1640098288.03348,0
617.78,-1.55,0,0,101.13,526292,1640098288.05351,0
617.78,-1.55,0,0,101.13,526313,1640098288.07423,0
617.78,-1.55,0,0,101.13,526332,1640098288.09165,0
617.78,-1.55,0,0,101.13,526353,1640098288.11127,0
617.78,-1.55,0,0,101.13,526372,1640098288.1315,0
617.78,-1.55,0,0,101.13,526393,1640098288.15199,0
617.78,-1.55,0,0,101.13,526412,1640098288.17253,0
617.78,-1.55,0,0,101.13,526433,1640098288.19311,0
617.78,-1.55,0,0,101.13,526452,1640098288.21315,0
617.78,-1.55,0,0,101.13,526473,1640098288.23423,0
617.78,-1.55,0,0,101.13,526492,1640098288.25504,0
617.78,-1.55,0,0,101.13,526513,1640098288.27138,0
617.78,-1.55,0,0,101.13,526532,1640098288.29283,0
617.78,-1.55,0,0,101.13,526553,1640098288.31209,0
617.78,-1.55,0,0,101.13,526573,1640098288.3333,0
617.78,-1.55,0,0,101.13,526593,1640098288.35359,0
617.78,-1.55,0,0,101.13,526613,1640098288.37372,0
617.78,-1.55,0,0,101.13,526632,1640098288.39476,0
617.78,-1.55,0,0,101.13,526653,1640098288.41485,0
617.78,-1.55,0,0,101.13,526672,1640098288.43528,0
617.78,-1.55,0,0,101.13,526693,1640098288.45232,0
617.78,-1.55,0,0,101.13,526712,1640098288.47165,0
617.78,-1.55,0,0,101.13,526733,1640098288.49372,0
617.78,-1.55,0,0,101.13,526752,1640098288.51282,0
617.78,-1.55,0,0,101.13,526773,1640098288.53342,0
617.78,-1.55,0,0,101.13,526792,1640098288.55377,0
617.78,-1.55,0,0,101.13,526813,1640098288.57433,0
617.78,-1.55,0,0,101.13,526832,1640098288.59494,0
617.78,-1.55,0,0,101.13,526853,1640098288.61516,0
617.78,-1.55,0,0,101.13,526873,1640098288.6321,0
617.78,-1.55,0,0,101.13,526893,1640098288.66028,0
617.78,-1.55,0,0,101.13,526913,1640098288.67425,0
617.78,-1.55,0,0,101.13,526932,1640098288.69403,0
617.78,-1.55,0,0,101.13,526953,1640098288.71315,0
617.78,-1.55,0,0,101.13,526972,1640098288.73353,0
617.78,-1.55,0,0,101.13,526993,1640098288.75358,0
617.78,-1.55,0,0,101.13,527012,1640098288.77502,0
617.78,-1.55,0,0,101.13,527033,1640098288.79475,0
617.78,-1.55,0,0,101.13,527052,1640098288.81132,0
617.78,-1.55,0,0,101.13,527073,1640098288.83339,0
617.78,-1.55,0,0,101.13,527092,1640098288.86213,0
617.78,-1.55,0,0,101.13,527113,1640098288.87881,0
617.78,-1.55,0,0,101.13,527132,1640098288.89365,0
617.78,-1.55,0,0,101.13,527153,1640098288.91346,0
617.78,-1.55,0,0,101.13,527172,1640098288.9348,0
617.78,-1.55,0,0,101.13,527193,1640098288.95532,0
617.78,-1.55,0,0,101.13,527213,1640098288.97536,0
617.78,-1.55,0,0,101.13,527233,1640098288.9915,0
617.78,-1.55,0,0,101.13,527253,1640098289.01469,0
617.78,-1.55,0,0,101.13,527272,1640098289.03469,0
617.78,-1.55,0,0,101.13,527293,1640098289.05431,0
617.78,-1.55,0,0,101.13,527312,1640098289.07488,0
617.78,-1.55,0,0,101.13,527333,1640098289.0954,0
617.78,-1.55,0,0,101.13,527352,1640098289.11503,0
617.78,-1.55,0,0,101.13,527373,1640098289.13538,0
617.78,-1.55,0,0,101.13,527392,1640098289.16178,0
617.78,-1.55,0,0,101.13,527413,1640098289.18002,0
617.78,-1.55,0,0,101.13,527432,1640098289.19279,0
617.78,-1.55,0,0,101.13,527453,1640098289.21309,0
617.78,-1.55,0,0,101.13,527472,1640098289.23349,0
617.78,-1.55,0,0,101.13,527493,1640098289.25351,0
617.78,-1.55,0,0,101.13,527513,1640098289.27541,0
617.78,-1.55,0,0,101.13,527533,1640098289.29467,0
617.78,-1.55,0,0,101.13,527553,1640098289.31605,0
617.78,-1.55,0,0,101.13,527572,1640098289.33673,0
617.78,-1.55,0,0,101.13,527593,1640098289.36241,0
617.78,-1.55,0,0,101.13,527612,1640098289.37499,0
617.78,-1.55,0,0,101.13,527633,1640098289.39842,0
617.78,-1.55,0,0,101.13,527652,1640098289.41489,0
617.78,-1.55,0,0,101.13,527673,1640098289.44145,0
617.78,-1.55,0,0,101.13,527692,1640098289.4549,0
617.78,-1.55,0,0,101.13,527713,1640098289.47518,0
617.78,-1.55,0,0,101.13,527732,1640098289.49571,0
617.78,-1.55,0,0,101.13,527753,1640098289.51576,0
617.78,-1.55,0,0,101.13,527772,1640098289.54262,0
617.78,-1.55,0,0,101.13,527793,1640098289.55713,0
617.78,-1.55,0,0,101.13,527812,1640098289.57364,0
617.78,-1.55,0,0,101.13,527833,1640098289.59351,0
617.78,-1.55,0,0,101.13,527853,1640098289.61415,0
617.78,-1.55,0,0,101.13,527873,1640098289.63458,0
617.78,-1.55,0,0,101.13,527893,1640098289.65475,0
617.78,-1.55,0,0,101.13,527912,1640098289.67724,0
617.78,-1.55,0,0,101.13,527933,1640098289.69663,0
617.78,-1.55,0,0,101.13,527952,1640098289.71699,0
617.78,-1.55,0,0,101.13,527973,1640098289.73298,0
617.78,-1.55,0,0,101.13,527992,1640098289.76234,0
617.78,-1.55,0,0,101.13,528013,1640098289.7752,0
617.78,-1.55,0,0,101.13,528032,1640098289.79542,0
617.78,-1.55,0,0,101.13,528053,1640098289.8153,0
617.78,-1.55,0,0,101.13,528072,1640098289.83572,0
617.78,-1.55,0,0,101.13,528093,1640098289.856,0
617.78,-1.55,0,0,101.13,528112,1640098289.87624,0
617.78,-1.55,0,0,101.13,528133,1640098289.89801,0
617.78,-1.55,0,0,101.13,528153,1640098289.91303,0
617.78,-1.55,0,0,101.13,528173,1640098289.93414,0
617.78,-1.55,0,0,101.13,528193,1640098289.95453,0
617.78,-1.55,0,0,101.13,528212,1640098289.97454,0
617.78,-1.55,0,0,101.13,528233,1640098290.0013,0
617.78,-1.55,0,0,101.13,528252,1640098290.01652,0
617.78,-1.55,0,0,101.13,528273,1640098290.04182,0
617.78,-1.55,0,0,101.13,528292,1640098290.05664,0
617.78,-1.55,0,0,101.13,528313,1640098290.07685,0
617.78,-1.55,0,0,101.13,528332,1640098290.09416,0
617.78,-1.55,0,0,101.13,528353,1640098290.11421,0
617.78,-1.55,0,0,101.13,528372,1640098290.1347,0
617.78,-1.55,0,0,101.13,528393,1640098290.16176,0
617.78,-1.55,0,0,101.13,528412,1640098290.18225,0
617.78,-1.55,0,0,101.13,528433,1640098290.19544,0
617.78,-1.55,0,0,101.13,528452,1640098290.21938,0
617.78,-1.55,0,0,101.13,528473,1640098290.23736,0
617.78,-1.55,0,0,101.13,528493,1640098290.25742,0
617.78,-1.55,0,0,101.13,528513,1640098290.27441,0
617.78,-1.55,0,0,101.15,528533,1640098290.29872,0
617.78,-1.55,0,0,101.15,528552,1640098290.31608,0
617.78,-1.55,0,0,101.16,528573,1640098290.33483,0
617.78,-1.55,0,0,101.36,528592,1640098290.35623,0
617.78,-1.55,0,0,101.63,528613,1640098290.37631,0
617.78,-1.55,0,0,101.81,528632,1640098290.39656,0
617.78,-1.55,0,0,101.91,528653,1640098290.41743,0
617.78,-1.55,0,0,101.96,528672,1640098290.43833,0
617.78,-1.55,0,0,102,528693,1640098290.45417,0
617.78,-1.55,0,0,102.03,528712,1640098290.47454,0
617.78,-1.55,0,0,102.05,528733,1640098290.49509,0
617.78,-1.55,0,0,102.08,528753,1640098290.51592,0
617.78,-1.55,0,0,102.08,528773,1640098290.53621,0
617.78,-1.55,0,0,102.08,528793,1640098290.55794,0
617.78,-1.55,0,0,102.08,528813,1640098290.57793,0
617.78,-1.55,0,0,102.08,528833,1640098290.60611,0
617.78,-1.55,0,0,102.08,528852,1640098290.61906,0
617.78,-1.55,0,0,102.05,528873,1640098290.635,0
617.78,-1.55,0,0,102.01,528892,1640098290.65705,0
617.78,-1.55,0,0,101.93,528913,1640098290.67755,0
617.78,-1.55,0,0,101.76,528932,1640098290.69659,0
617.78,-1.55,0,0,101.46,528953,1640098290.71681,0
617.78,-1.55,0,0,100.98,528972,1640098290.73745,0
617.78,-1.55,0,0,100.26,528993,1640098290.76263,0
617.78,-1.55,0,0,99.35,529012,1640098290.78119,0
617.78,-1.55,0,0,98.21,529033,1640098290.79831,0
617.78,-1.55,0,0,96.9,529052,1640098290.81408,0
617.78,-1.55,0,0,95.48,529073,1640098290.84451,0
617.78,-1.55,0,0,93.98,529093,1640098290.8578,0
617.78,-1.55,0,0,92.46,529113,1640098290.8761,0
617.78,-1.55,0,0,90.88,529133,1640098290.89641,0
617.78,-1.55,0,0,89.36,529153,1640098290.91702,0
617.78,-1.55,0,0,87.83,529173,1640098290.94094,0
617.78,-1.55,0,0,86.3,529192,1640098290.95783,0
617.78,-1.55,0,0,84.81,529213,1640098290.97807,0
617.78,-1.55,0,0,83.35,529232,1640098290.99479,0
617.78,-1.55,0,0,81.91,529253,1640098291.0154,0
617.78,-1.55,0,0,80.58,529272,1640098291.03574,0
617.78,-1.55,0,0,79.25,529293,1640098291.05577,0
617.78,-1.55,0,0,77.83,529312,1640098291.07714,0
617.78,-1.55,0,0,76.26,529333,1640098291.10433,0
617.78,-1.55,0,0,74.58,529352,1640098291.11755,0
617.78,-1.55,0,0,72.93,529373,1640098291.13809,0
617.78,-1.55,0,0,71.35,529393,1640098291.15825,0
617.78,-1.55,0,0,69.93,529413,1640098291.1752,0
617.78,-1.55,0,0,68.78,529433,1640098291.1952,0
617.78,-1.55,0,0,67.86,529453,1640098291.21634,0
617.78,-1.55,0,0,67.05,529473,1640098291.23628,0
617.78,-1.55,0,0,66.31,529492,1640098291.25738,0
617.78,-1.55,0,0,65.6,529513,1640098291.27804,0
617.78,-1.55,0,0,64.93,529532,1640098291.29805,0
617.78,-1.55,0,0,64.3,529553,1640098291.31818,0
617.78,-1.55,0,0,63.6,529572,1640098291.33997,0
617.78,-1.55,0,0,62.83,529593,1640098291.3556,0
617.78,-1.55,0,0,62.01,529612,1640098291.37606,0
617.78,-1.55,0,0,61.11,529633,1640098291.39672,0
617.78,-1.55,0,0,60.2,529652,1640098291.41759,0
617.78,-1.55,0,0,59.23,529673,1640098291.43748,0
617.78,-1.55,0,0,58.21,529693,1640098291.45798,0
617.78,-1.55,0,0,57.18,529713,1640098291.47831,0
617.78,-1.55,0,0,56.13,529732,1640098291.49836,0
617.78,-1.55,0,0,55.03,529753,1640098291.52014,0
617.78,-1.55,0,0,53.93,529772,1640098291.53584,0
617.78,-1.55,0,0,52.85,529793,1640098291.55641,0
617.78,-1.55,0,0,51.78,529813,1640098291.57668,0
617.78,-1.55,0,0,50.73,529832,1640098291.59675,0
617.78,-1.55,0,0,49.7,529853,1640098291.61929,0
617.78,-1.55,0,0,48.68,529872,1640098291.63735,0
617.78,-1.55,0,0,47.77,529893,1640098291.6576,0
617.78,-1.55,0,0,46.87,529912,1640098291.67892,0
617.78,-1.55,0,0,45.97,529933,1640098291.69934,0
617.78,-1.55,0,0,45.07,529952,1640098291.72557,0
617.78,-1.55,0,0,44.12,529973,1640098291.7374,0
617.78,-1.55,0,0,43.15,529992,1640098291.75674,0
617.78,-1.55,0,0,42.13,530013,1640098291.77711,0
617.78,-1.55,0,0,41.13,530033,1640098291.79741,0
617.78,-1.55,0,0,40.17,530053,1640098291.81775,0
617.78,-1.55,0,0,39.18,530072,1640098291.83861,0
617.78,-1.55,0,0,38.23,530093,1640098291.85912,0
617.78,-1.55,0,0,37.33,530113,1640098291.88001,0
617.78,-1.55,0,0,36.48,530132,1640098291.90076,0
617.78,-1.55,0,0,35.67,530153,1640098291.91622,0
617.78,-1.55,0,0,34.92,530172,1640098291.93655,0
617.78,-1.55,0,0,34.13,530193,1640098291.95783,0
617.78,-1.55,0,0,33.43,530212,1640098291.97869,0
617.78,-1.55,0,0,32.8,530233,1640098291.9987,0
617.78,-1.55,0,0.01,32.22,530252,1640098292.01893,0
617.78,-1.55,0,0,31.65,530273,1640098292.03916,0
617.78,-1.55,0,0,31.03,530293,1640098292.05978,0
617.78,-1.55,0,0,30.43,530313,1640098292.07959,0
617.78,-1.55,0,0,29.82,530332,1640098292.09625,0
617.78,-1.55,0,0.01,29.13,530353,1640098292.11787,0
617.78,-1.55,0,0,28.4,530372,1640098292.13778,0
617.78,-1.55,0,0,27.58,530393,1640098292.15797,0
617.78,-1.55,0,0,26.73,530413,1640098292.17842,0
617.78,-1.55,0,0,25.9,530433,1640098292.19966,0
617.78,-1.55,0,0.01,25.08,530453,1640098292.22042,0
617.78,-1.55,0,0,24.32,530472,1640098292.24002,0
617.78,-1.55,0,0,23.52,530493,1640098292.26067,0
617.78,-1.55,0,0,22.78,530512,1640098292.28109,0
617.78,-1.55,0,0,22.03,530533,1640098292.29839,0
617.78,-1.55,0,0.01,21.32,530552,1640098292.31698,0
617.78,-1.55,0,0,20.65,530573,1640098292.33852,0
617.78,-1.55,0,0,19.98,530593,1640098292.35804,0
617.78,-1.55,0,0,19.35,530613,1640098292.37893,0
617.78,-1.55,0,0,18.67,530632,1640098292.40961,0
617.78,-1.55,0,0.01,17.97,530653,1640098292.42095,0
617.78,-1.55,0,0,17.23,530672,1640098292.44117,0
617.78,-1.55,0,0,16.52,530693,1640098292.46129,0
617.78,-1.55,0,0,15.77,530713,1640098292.47949,0
617.78,-1.55,0,0,15.03,530733,1640098292.50427,0
617.78,-1.55,0,0.01,14.38,530753,1640098292.51857,0
617.78,-1.55,0,0,13.8,530772,1640098292.53817,0
617.78,-1.55,0,0,13.27,530793,1640098292.55965,0
617.78,-1.55,0,0,12.78,530812,1640098292.58027,0
617.78,-1.55,0,0,12.35,530833,1640098292.60075,0
617.78,-1.55,0,0.01,11.97,530852,1640098292.62105,0
617.78,-1.55,0,0,11.63,530873,1640098292.63667,0
617.78,-1.55,0,0,11.35,530892,1640098292.6574,0
617.78,-1.55,0,0,11.13,530913,1640098292.68197,0
617.78,-1.55,0,0,10.97,530932,1640098292.70158,0
617.78,-1.55,0,0.01,10.82,530953,1640098292.7205,0
617.78,-1.55,0,0,10.67,530972,1640098292.74036,0
617.78,-1.55,0,0,10.5,530993,1640098292.76079,0
617.78,-1.55,0,0,10.35,531012,1640098292.78123,0
617.78,-1.55,0,0,10.2,531033,1640098292.80167,0
617.78,-1.55,0,0.01,10.07,531053,1640098292.8184,0
617.78,-1.55,0,0,9.93,531073,1640098292.84755,0
617.78,-1.55,0,0,9.77,531093,1640098292.86287,0
617.78,-1.55,0,0,9.6,531112,1640098292.87824,0
617.78,-1.55,0,0,9.45,531132,1640098292.90037,0
617.78,-1.55,0,0.01,9.3,531152,1640098292.92048,0
617.78,-1.55,0,0,9.17,531172,1640098292.94069,0
617.78,-1.55,0,0,9,531192,1640098292.96165,0
617.78,-1.55,0,0,8.85,531213,1640098292.98151,0
617.78,-1.55,0,0,8.67,531232,1640098292.99933,0
617.78,-1.55,0,0.01,8.5,531253,1640098293.02048,0
617.78,-1.55,0,0,8.32,531272,1640098293.0415,0
617.78,-1.55,0,0,8.12,531293,1640098293.06034,0
617.78,-1.55,0,0,7.92,531312,1640098293.08467,0
617.78,-1.55,0,0,7.73,531333,1640098293.10276,0
617.78,-1.55,0,0.01,7.53,531352,1640098293.1205,0
617.78,-1.55,0,0,7.35,531373,1640098293.14636,0
617.78,-1.55,0,0,7.17,531392,1640098293.16296,0
617.78,-1.55,0,0,6.98,531412,1640098293.17757,0
617.78,-1.55,0,0,6.85,531432,1640098293.19792,0
617.78,-1.55,0,0.01,6.72,531452,1640098293.21819,0
617.78,-1.55,0,0,6.62,531473,1640098293.23933,0
617.78,-1.55,0,0,6.5,531492,1640098293.25966,0
617.78,-1.55,0,0,6.37,531513,1640098293.27955,0
617.78,-1.55,0,0,6.23,531532,1640098293.30026,0
617.78,-1.55,0,0.01,6.08,531553,1640098293.32172,0
617.78,-1.55,0,0,5.9,531572,1640098293.34762,0
617.78,-1.55,0,0,5.72,531593,1640098293.35998,0
617.78,-1.55,0,0,5.52,531612,1640098293.37783,0
617.78,-1.55,0,0,5.32,531633,1640098293.39937,0
617.78,-1.55,0,0.01,5.12,531652,1640098293.42003,0
617.78,-1.55,0,0,4.93,531673,1640098293.43971,0
617.78,-1.55,0,0,4.77,531692,1640098293.46119,0
617.78,-1.55,0,0,4.6,531713,1640098293.48135,0
617.78,-1.55,0,0,4.43,531732,1640098293.50193,0
617.78,-1.55,0,0.01,4.3,531752,1640098293.52235,0
617.78,-1.55,0,0,4.17,531773,1640098293.53892,0
617.78,-1.55,0,0,4.03,531792,1640098293.55978,0
617.78,-1.55,0,0,3.92,531812,1640098293.57994,0
617.78,-1.55,0,0,3.8,531832,1640098293.60426,0
617.78,-1.55,0,0,3.68,531853,1640098293.62294,0
617.78,-1.55,0,0,3.57,531872,1640098293.64153,0
617.78,-1.55,0,0,3.45,531893,1640098293.66143,0
617.78,-1.55,0,0,3.33,531912,1640098293.68126,0
617.78,-1.55,0,0,3.22,531933,1640098293.70459,0
617.78,-1.55,0,0,3.12,531952,1640098293.71918,0
617.78,-1.55,0,0,3.02,531973,1640098293.73934,0
617.78,-1.55,0,0,2.9,531992,1640098293.76004,0
617.78,-1.55,0,0,2.78,532013,1640098293.78088,0
617.78,-1.55,0,0,2.67,532032,1640098293.80092,0
617.78,-1.55,0,0,2.53,532052,1640098293.82562,0
617.78,-1.55,0,0,2.38,532073,1640098293.84162,0
617.78,-1.55,0,0,2.25,532092,1640098293.86163,0
617.78,-1.55,0,0,2.08,532113,1640098293.88161,0
617.78,-1.55,0,0.01,1.92,532132,1640098293.89816,0
617.78,-1.55,0,0,1.73,532153,1640098293.92503,0
617.78,-1.55,0,0,1.55,532172,1640098293.94858,0
617.78,-1.55,0,0,1.38,532193,1640098293.96113,0
617.78,-1.55,0,0,1.18,532212,1640098293.98024,0
617.78,-1.55,0,0.01,1,532233,1640098294.00132,0
617.78,-1.55,0,0,0.82,532252,1640098294.02156,0
617.78,-1.55,0,0,0.65,532273,1640098294.04176,0
617.78,-1.55,0,0,0.5,532292,1640098294.06218,0
617.78,-1.55,0,0,0.37,532313,1640098294.07818,0
617.78,-1.55,0,0.01,0.25,532332,1640098294.09883,0
617.78,-1.55,0,0,0.12,532353,1640098294.12844,0
617.78,-1.55,0,0,0,532372,1640098294.14133,0
617.78,-1.55,0,0,-0.12,532392,1640098294.16064,0
617.78,-1.55,0,0,-0.23,532412,1640098294.18161,0
617.78,-1.55,0,0.01,-0.33,532432,1640098294.20181,0
617.78,-1.55,0,0,-0.43,532452,1640098294.22185,0
617.78,-1.55,0,0,-0.55,532472,1640098294.24352,0
617.78,-1.55,0,0,-0.68,532493,1640098294.25933,0
617.78,-1.55,0,0,-0.82,532512,1640098294.28024,0
617.78,-1.55,0,0.01,-0.97,532533,1640098294.30162,0
617.78,-1.55,0,0,-1.12,532552,1640098294.32208,0
617.78,-1.55,0,0,-1.27,532573,1640098294.3423,0
617.78,-1.55,0,0,-1.4,532592,1640098294.36269,0
617.78,-1.55,0,0,-1.52,532613,1640098294.38285,0
617.78,-1.55,0,0.01,-1.62,532632,1640098294.40341,0
617.78,-1.55,0,0,-1.72,532653,1640098294.42398,0
617.78,-1.55,0,0,-1.8,532672,1640098294.43898,0
617.78,-1.55,0,0,-1.87,532692,1640098294.45984,0
617.78,-1.55,0,0,-1.92,532713,1640098294.48041,0
617.78,-1.55,0,0.01,-1.97,532732,1640098294.5012,0
617.78,-1.55,0,0,-2,532752,1640098294.52143,0
617.78,-1.55,0,0,-2.05,532772,1640098294.54641,0
617.78,-1.55,0,0,-2.1,532792,1640098294.56242,0
617.78,-1.55,0,0,-2.15,532812,1640098294.58392,0
617.78,-1.55,0,0.01,-2.2,532833,1640098294.60344,0
617.78,-1.55,0,0,-2.27,532852,1640098294.61926,0
617.78,-1.55,0,0,-2.32,532873,1640098294.63997,0
617.78,-1.55,0,0,-2.38,532892,1640098294.66185,0
617.78,-1.55,0,0,-2.43,532913,1640098294.68338,0
617.78,-1.55,0,0.01,-2.5,532932,1640098294.7027,0
617.78,-1.55,0,0,-2.57,532953,1640098294.72305,0
617.78,-1.55,0,0,-2.63,532972,1640098294.74353,0
617.78,-1.55,0,0,-2.68,532993,1640098294.76416,0
617.78,-1.55,0,0,-2.73,533012,1640098294.78558,0
617.78,-1.55,0,0.01,-2.77,533032,1640098294.80444,0
617.78,-1.55,0,0,-2.8,533052,1640098294.82129,0
617.78,-1.55,0,0,-2.82,533072,1640098294.84143,0
617.78,-1.55,0,0,-2.83,533092,1640098294.86213,0
617.78,-1.55,0,0,-2.83,533112,1640098294.88338,0
617.78,-1.55,0,0.01,-2.83,533133,1640098294.90255,0
617.78,-1.55,0,0,-2.85,533152,1640098294.92718,0
617.78,-1.55,0,0,-2.87,533173,1640098294.9432,0
617.78,-1.55,0,0,-2.87,533192,1640098294.97011,0
617.78,-1.55,0,0,-2.88,533213,1640098294.98321,0
617.78,-1.55,0,0.01,-2.9,533232,1640098295.0007,0
617.78,-1.55,0,0,-2.92,533253,1640098295.02077,0
617.78,-1.55,0,0,-2.95,533272,1640098295.04195,0
617.78,-1.55,0,0,-2.98,533293,1640098295.06157,0
617.78,-1.55,0,0,-3,533312,1640098295.08303,0
617.78,-1.55,0,0.01,-3.02,533332,1640098295.10294,0
617.78,-1.55,0,0,-3.03,533352,1640098295.12446,0
617.78,-1.55,0,0,-3.07,533372,1640098295.14507,0
617.78,-1.55,0,0,-3.08,533392,1640098295.16097,0
617.78,-1.55,0,0,-3.08,533412,1640098295.18251,0
617.78,-1.55,0,0.01,-3.1,533433,1640098295.20194,0
617.78,-1.55,0,0,-3.12,533452,1640098295.2227,0
617.78,-1.55,0,0,-3.12,533473,1640098295.24342,0
617.78,-1.55,0,0,-3.12,533492,1640098295.26374,0
617.78,-1.55,0,0,-3.12,533513,1640098295.28415,0
617.78,-1.55,0,0.01,-3.13,533532,1640098295.30465,0
617.78,-1.55,0,0,-3.13,533553,1640098295.32488,0
617.78,-1.55,0,0,-3.13,533572,1640098295.34145,0
617.78,-1.55,0,0,-3.13,533593,1640098295.36149,0
617.78,-1.55,0,0,-3.13,533612,1640098295.3825,0
617.78,-1.55,0,0.01,-3.13,533633,1640098295.40296,0
617.78,-1.55,0,0,-3.13,533652,1640098295.42336,0
617.78,-1.55,0,0,-3.13,533672,1640098295.44365,0
617.78,-1.55,0,0,-3.13,533692,1640098295.46443,0
617.78,-1.55,0,0,-3.13,533712,1640098295.48503,0
617.78,-1.55,0,0.01,-3.13,533733,1640098295.50514,0
617.78,-1.55,0,0,-3.13,533752,1640098295.52232,0
617.78,-1.55,0,0,-3.13,533773,1640098295.54171,0
617.78,-1.55,0,0,-3.13,533792,1640098295.562,0
617.78,-1.55,0,0,-3.13,533813,1640098295.58314,0
617.78,-1.55,0,0.01,-3.13,533832,1640098295.60351,0
617.78,-1.55,0,0,-3.13,533853,1640098295.62402,0
617.78,-1.55,0,0,-3.13,533872,1640098295.64433,0
617.78,-1.55,0,0,-3.13,533893,1640098295.66508,0
617.78,-1.55,0,0,-3.13,533912,1640098295.68452,0
617.78,-1.55,0,0.01,-3.15,533933,1640098295.70526,0
617.78,-1.55,0,0,-3.15,533952,1640098295.723,0
617.78,-1.55,0,0,-3.15,533972,1640098295.74767,0
617.78,-1.55,0,0,-3.15,533992,1640098295.76327,0
617.78,-1.55,0,0,-3.15,534012,1640098295.78391,0
617.78,-1.55,0,0.01,-3.15,534033,1640098295.80763,0
617.78,-1.55,0,0,-3.15,534052,1640098295.82393,0
617.78,-1.55,0,0,-3.15,534072,1640098295.8445,0
617.78,-1.55,0,0,-3.15,534092,1640098295.8652,0
617.78,-1.55,0,0,-3.15,534113,1640098295.88504,0
617.78,-1.55,0,0.01,-3.15,534132,1640098295.90173,0
617.78,-1.55,0,0,-3.15,534153,1640098295.93055,0
617.78,-1.55,0,0,-3.15,534172,1640098295.94421,0
617.78,-1.55,0,0,-3.15,534193,1640098295.96377,0
617.78,-1.55,0,0.01,-3.15,534212,1640098295.98404,0
617.78,-1.55,0,0.01,-3.15,534233,1640098296.00446,0
617.78,-1.55,0,0,-3.15,534252,1640098296.02504,0
617.78,-1.55,0,0,-3.15,534273,1640098296.04517,0
617.78,-1.55,0,0,-3.15,534292,1640098296.0654,0
617.78,-1.55,0,0.01,-3.15,534312,1640098296.08215,0
617.78,-1.55,0,0.01,-3.15,534332,1640098296.10241,0
617.78,-1.55,0,0,-3.15,534352,1640098296.12293,0
617.78,-1.55,0,0,-3.15,534372,1640098296.14344,0
617.78,-1.55,0,0,-3.15,534392,1640098296.16401,0
617.78,-1.55,0,0.01,-3.15,534413,1640098296.1852,0
617.78,-1.55,0,0.01,-3.15,534432,1640098296.20548,0
617.78,-1.55,0,0,-3.15,534453,1640098296.22591,0
617.78,-1.55,0,0,-3.15,534472,1640098296.24624,0
617.78,-1.55,0,0,-3.15,534493,1640098296.26324,0
617.78,-1.55,0,0.01,-3.15,534512,1640098296.28345,0
617.78,-1.55,0,0.01,-3.15,534533,1640098296.30343,0
617.78,-1.55,0,0,-3.15,534552,1640098296.32391,0
617.78,-1.55,0,0,-3.15,534573,1640098296.34427,0
617.78,-1.55,0,0,-3.15,534592,1640098296.36469,0
617.78,-1.55,0,0.01,-3.15,534612,1640098296.385,0
617.78,-1.55,0,0.01,-3.15,534632,1640098296.40657,0
617.78,-1.55,0,0,-3.15,534652,1640098296.42693,0
617.78,-1.55,0,0,-3.15,534672,1640098296.44275,0
617.78,-1.55,0,0,-3.15,534692,1640098296.46359,0
617.78,-1.55,0,0.01,-3.15,534713,1640098296.48331,0
617.78,-1.55,0,0.01,-3.15,534732,1640098296.50461,0
617.78,-1.55,0,0,-3.15,534753,1640098296.52511,0
617.78,-1.55,0,0,-3.15,534772,1640098296.54518,0
617.78,-1.55,0,0,-3.15,534793,1640098296.56551,0
617.78,-1.55,0,0.01,-3.15,534812,1640098296.5861,0
617.78,-1.55,0,0.01,-3.15,534833,1640098296.60722,0
617.78,-1.55,0,0,-3.15,534852,1640098296.63217,0
617.78,-1.55,0,0,-3.15,534873,1640098296.64301,0
617.78,-1.55,0,0,-3.15,534892,1640098296.66301,0
617.78,-1.55,0,0.01,-3.15,534913,1640098296.68333,0
617.78,-1.55,0,0.01,-3.15,534932,1640098296.70479,0
617.78,-1.55,0,0,-3.15,534952,1640098296.72532,0
617.78,-1.55,0,0,-3.15,534972,1640098296.74506,0
617.78,-1.55,0,0,-3.17,534992,1640098296.76528,0
617.78,-1.55,0,0,-3.17,535012,1640098296.78565,0
617.78,-1.55,0,0.01,-3.17,535032,1640098296.80233,0
617.78,-1.55,0,0,-3.17,535053,1640098296.82409,0
617.78,-1.55,0,0,-3.17,535072,1640098296.84413,0
617.78,-1.55,0,0,-3.17,535093,1640098296.86923,0
617.78,-1.55,0,0,-3.17,535112,1640098296.8845,0
617.78,-1.55,0,0.01,-3.17,535133,1640098296.90412,0
617.78,-1.55,0,0,-3.17,535152,1640098296.92516,0
617.78,-1.55,0,0,-3.17,535173,1640098296.94591,0
617.78,-1.55,0,0,-3.17,535192,1640098296.96614,0
617.78,-1.55,0,0,-3.17,535213,1640098296.98263,0
617.78,-1.55,0,0.01,-3.17,535232,1640098297.00289,0
617.78,-1.55,0,0,-3.17,535252,1640098297.02895,0
617.78,-1.55,0,0,-3.17,535272,1640098297.04732,0
617.78,-1.55,0,0,-3.18,535292,1640098297.06544,0
617.78,-1.55,0,0.01,-3.18,535313,1640098297.08597,0
617.78,-1.55,0,0,-3.18,535332,1640098297.10635,0
617.78,-1.55,0,0,-3.18,535353,1640098297.1262,0
617.78,-1.55,0,0,-3.2,535372,1640098297.14732,0
617.78,-1.55,0,0,-3.23,535393,1640098297.16369,0
617.78,-1.55,0,0,-3.28,535412,1640098297.19305,0
617.78,-1.55,0,0,-3.35,535433,1640098297.20498,0
617.78,-1.55,0,0,-3.42,535452,1640098297.22466,0
617.78,-1.55,0,0,-3.48,535473,1640098297.24509,0
617.78,-1.55,0,0,-3.55,535492,1640098297.26532,0
617.78,-1.55,0,0,-3.62,535513,1640098297.29255,0
617.78,-1.55,0,0,-3.68,535532,1640098297.31095,0
617.78,-1.55,0,0,-3.73,535553,1640098297.32709,0
617.78,-1.55,0,0,-3.77,535572,1640098297.34291,0
617.78,-1.55,0,0,-3.8,535592,1640098297.36372,0
617.78,-1.55,0,0,-3.83,535612,1640098297.38455,0
617.78,-1.55,0,0,-3.85,535632,1640098297.40633,0
617.78,-1.55,0,0,-3.87,535652,1640098297.42768,0
617.78,-1.55,0,0,-3.9,535672,1640098297.44697,0
617.78,-1.55,0,0,-3.93,535693,1640098297.46737,0
617.78,-1.55,0,0,-3.95,535712,1640098297.48897,0
617.78,-1.55,0,0,-3.98,535733,1640098297.50883,0
617.78,-1.55,0,0,-4.02,535752,1640098297.5244,0
617.78,-1.55,0,0,-4.05,535773,1640098297.54453,0
617.78,-1.55,0,0,-4.08,535792,1640098297.56488,0
617.78,-1.55,0,0.01,-4.12,535813,1640098297.5878,0
617.78,-1.55,0,0,-4.15,535832,1640098297.60773,0
617.78,-1.55,0,0,-4.17,535853,1640098297.6258,0
617.78,-1.55,0,0,-4.2,535872,1640098297.64569,0
617.78,-1.55,0,0,-4.23,535892,1640098297.66674,0
617.78,-1.55,0,0.01,-4.27,535913,1640098297.68687,0
617.78,-1.55,0,0,-4.28,535932,1640098297.70928,0
617.78,-1.55,0,0,-4.32,535953,1640098297.73447,0
617.78,-1.55,0,0,-4.37,535972,1640098297.74567,0
617.78,-1.55,0,0,-4.4,535993,1640098297.76531,0
617.78,-1.55,0,0,-4.43,536012,1640098297.7861,0
617.78,-1.55,0,0,-4.45,536033,1640098297.80627,0
617.78,-1.55,0,0,-4.48,536052,1640098297.82613,0
617.78,-1.55,0,0,-4.52,536073,1640098297.84739,0
617.78,-1.55,0,0,-4.55,536092,1640098297.87268,0
617.78,-1.55,0,0.01,-4.6,536113,1640098297.88804,0
617.78,-1.55,0,0,-4.67,536132,1640098297.90412,0
617.78,-1.55,0,0,-4.7,536153,1640098297.9254,0
617.78,-1.55,0,0,-4.75,536172,1640098297.94488,0
617.78,-1.55,0,0,-4.78,536193,1640098297.96648,0
617.78,-1.55,0,0,-4.8,536212,1640098297.98573,0
617.78,-1.55,0,0,-4.83,536232,1640098298.00616,0
617.78,-1.55,0,0,-4.85,536253,1640098298.03228,0
617.78,-1.55,0,0,-4.88,536272,1640098298.04833,0
617.78,-1.55,0,0,-4.93,536293,1640098298.06801,0
617.78,-1.55,0,0,-4.98,536312,1640098298.09536,0
617.78,-1.55,0,0,-5.02,536332,1640098298.10611,0
617.78,-1.55,0,0,-5.07,536352,1640098298.12588,0
617.78,-1.55,0,0,-5.13,536373,1640098298.14663,0
617.78,-1.55,0,0,-5.22,536392,1640098298.16716,0
617.78,-1.55,0,0,-5.38,536413,1640098298.18764,0
617.78,-1.55,0,0,-5.57,536432,1640098298.2096,0
617.78,-1.55,0,0,-5.63,536453,1640098298.22883,0
617.78,-1.55,0,0,-5.67,536472,1640098298.24916,0
617.78,-1.55,0,0,-5.68,536493,1640098298.26513,0
617.78,-1.55,0,0.01,-5.68,536512,1640098298.28559,0
617.78,-1.55,0,0,-5.72,536532,1640098298.30597,0
617.78,-1.55,0,0,-5.77,536552,1640098298.32638,0
617.78,-1.55,0,0,-5.82,536572,1640098298.34693,0
617.78,-1.55,0,0,-5.88,536593,1640098298.36796,0
617.78,-1.55,0,0.01,-5.93,536612,1640098298.38724,0
617.78,-1.55,0,0,-5.98,536633,1640098298.40874,0
617.78,-1.55,0,0,-6.05,536652,1640098298.4287,0
617.78,-1.55,0,0,-6.18,536673,1640098298.44581,0
617.78,-1.55,0,0,-6.33,536692,1640098298.46603,0
617.78,-1.55,0,0,-6.45,536713,1640098298.48679,0
617.78,-1.55,0,0,-6.55,536732,1640098298.50748,0
617.78,-1.55,0,0,-6.65,536753,1640098298.5322,0
617.78,-1.55,0,0,-6.75,536772,1640098298.54914,0
617.78,-1.55,0,0,-6.82,536793,1640098298.56791,0
617.78,-1.55,0,0,-6.88,536812,1640098298.58758,0
617.78,-1.55,0,0,-6.95,536833,1640098298.60893,0
617.78,-1.55,0,0,-7,536852,1640098298.62454,0
617.78,-1.55,0,0,-7.08,536872,1640098298.64559,0
617.78,-1.55,0,0,-7.18,536892,1640098298.66634,0
617.78,-1.55,0,0,-7.27,536912,1640098298.68659,0
617.78,-1.55,0,0,-7.32,536933,1640098298.70878,0
617.78,-1.55,0,0,-7.35,536952,1640098298.72855,0
617.78,-1.55,0,0,-7.37,536973,1640098298.7489,0
617.78,-1.55,0,0.01,-7.4,536992,1640098298.76929,0
617.78,-1.55,0,0,-7.43,537013,1640098298.78948,0
617.78,-1.55,0,0,-7.48,537032,1640098298.80612,0
617.78,-1.55,0,0,-7.55,537053,1640098298.82614,0
617.78,-1.55,0,0,-7.6,537072,1640098298.84661,0
617.78,-1.55,0,0.01,-7.68,537093,1640098298.86704,0
617.78,-1.55,0,0.01,-7.75,537112,1640098298.88817,0
617.78,-1.55,0,0,-7.87,537133,1640098298.90839,0
617.78,-1.55,0,0,-8.02,537152,1640098298.92864,0
617.78,-1.55,0,0,-8.18,537172,1640098298.9488,0
617.78,-1.55,0,0.01,-8.35,537193,1640098298.97013,0
617.78,-1.55,0,0.01,-8.53,537212,1640098298.98636,0
617.78,-1.55,0,0,-8.73,537233,1640098299.00647,0
617.78,-1.55,0,0,-8.9,537252,1640098299.02668,0
617.78,-1.55,0,0,-9.05,537273,1640098299.048,0
617.78,-1.55,0,0.01,-9.15,537292,1640098299.06859,0
617.78,-1.55,0,0.01,-9.23,537313,1640098299.08907,0
617.78,-1.55,0,0,-9.32,537332,1640098299.10923,0
617.78,-1.55,0,0,-9.42,537353,1640098299.12894,0
617.78,-1.55,0,0.01,-9.52,537372,1640098299.15044,0
617.78,-1.55,0,0.01,-9.6,537393,1640098299.17069,0
617.78,-1.55,0,0.01,-9.68,537412,1640098299.18788,0
617.78,-1.55,0,0.01,-9.77,537433,1640098299.20831,0
617.78,-1.55,0,0,-9.85,537452,1640098299.2283,0
617.78,-1.55,0,0.01,-9.95,537473,1640098299.24769,0
617.78,-1.55,0,0.01,-10.07,537493,1640098299.27031,0
617.78,-1.55,0,0.01,-10.18,537512,1640098299.29267,0
617.78,-1.55,0,0.01,-10.28,537533,1640098299.30888,0
617.78,-1.55,0,0.01,-10.42,537552,1640098299.32916,0
617.78,-1.55,0,0.01,-10.58,537573,1640098299.34969,0
617.78,-1.55,0,0.01,-10.77,537592,1640098299.36714,0
617.78,-1.55,0,0.01,-10.95,537613,1640098299.38689,0
617.78,-1.55,0,0.01,-11.15,537632,1640098299.41288,0
617.78,-1.55,0,0,-11.37,537653,1640098299.42855,0
617.78,-1.55,0,0.01,-11.58,537672,1640098299.44867,0
617.78,-1.55,0,0.01,-11.77,537693,1640098299.47,0
617.78,-1.55,0,0.01,-11.95,537712,1640098299.49012,0
617.78,-1.55,0,0.01,-12.13,537733,1640098299.51627,0
617.78,-1.55,0,0.01,-12.33,537753,1640098299.53079,0
617.78,-1.55,0,0.01,-12.53,537773,1640098299.54807,0
617.78,-1.55,0,0.01,-12.75,537793,1640098299.56987,0
617.78,-1.55,0,0.01,-12.93,537812,1640098299.58871,0
617.78,-1.55,0,0.01,-13.08,537833,1640098299.61363,0
617.78,-1.55,0,0.01,-13.23,537852,1640098299.62937,0
617.78,-1.55,0,0.01,-13.37,537873,1640098299.6492,0
617.78,-1.55,0,0.01,-13.5,537892,1640098299.66936,0
617.78,-1.55,0,0.01,-13.62,537913,1640098299.69563,0
617.78,-1.55,0,0.01,-13.75,537932,1640098299.71613,0
617.78,-1.55,0,0.01,-13.87,537953,1640098299.7284,0
617.78,-1.55,0,0.01,-13.98,537972,1640098299.74873,0
617.78,-1.55,0,0.01,-14.13,537993,1640098299.76923,0
617.78,-1.55,0,0.01,-14.28,538012,1640098299.78947,0
617.78,-1.55,0,0.01,-14.43,538033,1640098299.81205,0
617.78,-1.55,0,0.01,-14.58,538053,1640098299.83017,0
617.78,-1.55,0,0.01,-14.72,538073,1640098299.8503,0
617.78,-1.55,0,0.01,-14.87,538093,1640098299.8706,0
617.78,-1.55,0,0.01,-15,538113,1640098299.89105,0
617.78,-1.55,0,0.01,-15.13,538133,1640098299.91747,0
617.78,-1.55,0,0.01,-15.27,538152,1640098299.9307,0
617.78,-1.55,0,0,-15.42,538172,1640098299.94899,0
617.78,-1.55,0,0.01,-15.57,538192,1640098299.96932,0
617.78,-1.55,0,0.01,-15.75,538213,1640098299.98979,0
617.78,-1.55,0,0.01,-15.93,538232,1640098300.01027,0
617.78,-1.55,0,0.01,-16.13,538253,1640098300.03032,0
617.78,-1.55,0,0.01,-16.32,538272,1640098300.05063,0
617.78,-1.55,0,0.01,-16.5,538293,1640098300.07162,0
617.78,-1.55,0,0.01,-16.63,538312,1640098300.0882,0
617.78,-1.55,0,0.01,-16.77,538333,1640098300.10882,0
617.78,-1.55,0,0.01,-16.9,538353,1640098300.1288,0
617.78,-1.55,0,0.01,-17.05,538373,1640098300.14944,0
617.78,-1.55,0,0.01,-17.2,538392,1640098300.17019,0
617.78,-1.55,0,0.01,-17.35,538413,1640098300.19064,0
617.78,-1.55,0,0.01,-17.5,538433,1640098300.21089,0
617.78,-1.55,0,0.01,-17.65,538452,1640098300.2315,0
617.78,-1.55,0,0.01,-17.83,538472,1640098300.25552,0
617.78,-1.55,0,0.01,-18.02,538492,1640098300.26843,0
617.78,-1.55,0,0.01,-18.25,538513,1640098300.28863,0
617.78,-1.55,0,0.01,-18.47,538532,1640098300.30915,0
617.78,-1.55,0,0.01,-18.7,538553,1640098300.32975,0
617.78,-1.55,0,0.01,-18.88,538572,1640098300.34973,0
617.78,-1.55,0,0.01,-19.03,538593,1640098300.37006,0
617.78,-1.55,0,0.01,-19.18,538612,1640098300.39108,0
617.78,-1.55,0,0.01,-19.32,538633,1640098300.41894,0
617.78,-1.55,0,0.01,-19.42,538653,1640098300.43228,0
617.78,-1.55,0,0.01,-19.5,538673,1640098300.44811,0
617.78,-1.55,0,0.01,-19.58,538692,1640098300.46788,0
617.78,-1.55,0,0.01,-19.67,538713,1640098300.49059,0
617.78,-1.55,0,0.01,-19.75,538733,1640098300.50975,0
617.78,-1.55,0,0.01,-19.83,538753,1640098300.52993,0
617.78,-1.55,0,0.01,-19.92,538773,1640098300.5598,0
617.78,-1.55,0,0.01,-20,538792,1640098300.57328,0
617.78,-1.55,0,0.01,-20.08,538813,1640098300.59102,0
617.78,-1.55,0,0.01,-20.17,538832,1640098300.61796,0
617.78,-1.55,0,0.01,-20.25,538853,1640098300.6309,0
617.78,-1.55,0,0.01,-20.37,538872,1640098300.64831,0
617.78,-1.55,0,0.01,-20.48,538893,1640098300.66881,0
617.78,-1.55,0,0.01,-20.62,538912,1640098300.68978,0
617.78,-1.55,0,0.01,-20.73,538933,1640098300.70994,0
617.78,-1.55,0,0.01,-20.85,538952,1640098300.73043,0
617.78,-1.55,0,0.01,-20.97,538973,1640098300.75102,0
617.78,-1.55,0,0.01,-21.08,538992,1640098300.77139,0
617.78,-1.55,0,0.01,-21.22,539013,1640098300.79294,0
617.78,-1.55,0,0.01,-21.33,539033,1640098300.81214,0
617.78,-1.55,0,0.01,-21.48,539053,1640098300.82933,0
617.78,-1.55,0,0.01,-21.62,539073,1640098300.84987,0
617.78,-1.55,0,0.01,-21.73,539092,1640098300.87438,0
617.78,-1.55,0,0.01,-21.87,539113,1640098300.89202,0
617.78,-1.55,0,0.01,-21.98,539132,1640098300.9106,0
617.78,-1.55,0,0.01,-22.08,539153,1640098300.93079,0
617.78,-1.55,0,0.01,-22.18,539172,1640098300.95132,0
617.78,-1.55,0,0.01,-22.28,539193,1640098300.97234,0
617.78,-1.55,0,0.01,-22.35,539212,1640098300.99295,0
617.78,-1.55,0,0.01,-22.43,539233,1640098301.0086,0
617.78,-1.55,0,0.01,-22.5,539252,1640098301.0292,0
617.78,-1.55,0,0.01,-22.57,539273,1640098301.04996,0
617.78,-1.55,0,0.01,-22.62,539292,1640098301.07028,0
617.78,-1.55,0,0.01,-22.67,539313,1640098301.09158,0
617.78,-1.55,0,0.01,-22.72,539333,1640098301.11119,0
617.78,-1.55,0,0.01,-22.77,539353,1640098301.13147,0
617.78,-1.55,0,0.01,-22.82,539373,1640098301.15303,0
617.78,-1.55,0,0.01,-22.87,539393,1640098301.1735,0
617.78,-1.55,0,0.01,-22.92,539413,1640098301.18933,0
617.78,-1.55,0,0.01,-22.97,539432,1640098301.21053,0
617.78,-1.55,0,0.01,-23.02,539453,1640098301.23085,0
617.78,-1.55,0,0.01,-23.07,539472,1640098301.25109,0
617.78,-1.55,0,0.01,-23.12,539493,1640098301.27151,0
617.78,-1.55,0,0,-23.17,539512,1640098301.29281,0
617.78,-1.55,0,0.01,-23.22,539533,1640098301.31246,0
617.78,-1.55,0,0.01,-23.27,539552,1640098301.33313,0
617.78,-1.55,0,0.01,-23.32,539573,1640098301.35326,0
617.78,-1.55,0,0.01,-23.37,539592,1640098301.37055,0
617.78,-1.55,0,0,-23.43,539613,1640098301.39133,0
617.78,-1.55,0,0.01,-23.5,539633,1640098301.41098,0
617.78,-1.55,0,0.01,-23.57,539653,1640098301.43142,0
617.78,-1.55,0,0.01,-23.63,539672,1640098301.45166,0
617.78,-1.55,0,0.01,-23.7,539693,1640098301.47226,0
617.78,-1.55,0,0,-23.77,539712,1640098301.49296,0
617.78,-1.55,0,0.01,-23.83,539732,1640098301.51255,0
617.78,-1.55,0,0.01,-23.88,539753,1640098301.53401,0
617.78,-1.55,0,0.01,-23.95,539772,1640098301.54972,0
617.78,-1.55,0,0.01,-24,539793,1640098301.57005,0
617.78,-1.55,0,0,-24.05,539812,1640098301.59226,0
617.78,-1.55,0,0.01,-24.1,539833,1640098301.61168,0
617.78,-1.55,0,0,-24.15,539852,1640098301.63191,0
617.78,-1.55,0,0.01,-24.18,539873,1640098301.65224,0
617.78,-1.55,0,0.01,-24.23,539892,1640098301.67251,0
617.78,-1.55,0,0,-24.28,539913,1640098301.69336,0
617.78,-1.55,0,0,-24.33,539933,1640098301.71378,0
617.78,-1.55,0,0,-24.38,539953,1640098301.73096,0
617.78,-1.55,0,0.01,-24.45,539973,1640098301.7514,0
617.78,-1.55,0,0.01,-24.52,539993,1640098301.77177,0
617.78,-1.55,0,0,-24.58,540013,1640098301.79313,0
617.78,-1.55,0,0,-24.67,540033,1640098301.81215,0
617.78,-1.55,0,0,-24.75,540053,1640098301.83258,0
617.78,-1.55,0,0.01,-24.82,540072,1640098301.85306,0
617.78,-1.55,0,0.01,-24.88,540093,1640098301.87869,0
617.78,-1.55,0,0,-24.95,540112,1640098301.89746,0
617.78,-1.55,0,0,-25.02,540133,1640098301.9101,0
617.78,-1.55,0,0,-25.07,540152,1640098301.93033,0
617.78,-1.55,0,0.01,-25.12,540173,1640098301.95073,0
617.78,-1.55,0,0.01,-25.17,540192,1640098301.97184,0
617.78,-1.55,0,0,-25.22,540213,1640098301.99358,0
617.78,-1.55,0,0,-25.27,540233,1640098302.01273,0
617.78,-1.55,0,0,-25.3,540253,1640098302.03792,0
617.78,-1.55,0,0.01,-25.35,540272,1640098302.05593,0
617.78,-1.55,0,0.01,-25.38,540293,1640098302.07565,0
617.78,-1.55,0,0,-25.42,540312,1640098302.09423,0
617.78,-1.55,0,0,-25.45,540333,1640098302.1107,0
617.78,-1.55,0,0,-25.48,540352,1640098302.13147,0
617.78,-1.55,0,0.01,-25.5,540372,1640098302.15191,0
617.78,-1.55,0,0.01,-25.53,540393,1640098302.17247,0
617.78,-1.55,0,0,-25.57,540412,1640098302.19271,0
617.78,-1.55,0,0,-25.6,540433,1640098302.21305,0
617.78,-1.55,0,0,-25.63,540452,1640098302.23337,0
617.78,-1.55,0,0.01,-25.68,540473,1640098302.254,0
617.78,-1.55,0,0,-25.73,540492,1640098302.27539,0
617.78,-1.55,0,0,-25.78,540513,1640098302.29206,0
617.78,-1.55,0,0,-25.85,540532,1640098302.31187,0
617.78,-1.55,0,0,-25.92,540553,1640098302.3327,0
617.78,-1.55,0,0.01,-25.98,540572,1640098302.35296,0
617.78,-1.55,0,0,-26.05,540593,1640098302.375,0
617.78,-1.55,0,0,-26.12,540613,1640098302.39456,0
617.78,-1.55,0,0,-26.22,540633,1640098302.41497,0
617.78,-1.55,0,0,-26.33,540653,1640098302.43448,0
617.78,-1.55,0,0.01,-26.48,540673,1640098302.4518,0
617.78,-1.55,0,0,-26.67,540693,1640098302.48267,0
617.78,-1.55,0,0,-26.85,540712,1640098302.49386,0
617.78,-1.55,0,0,-27,540733,1640098302.51247,0
617.78,-1.55,0,0.01,-27.13,540752,1640098302.53298,0
617.78,-1.55,0,0.01,-27.23,540773,1640098302.55341,0
617.78,-1.55,0,0,-27.32,540792,1640098302.57393,0
617.78,-1.55,0,0,-27.38,540813,1640098302.59383,0
617.78,-1.55,0,0,-27.42,540832,1640098302.61926,0
617.78,-1.55,0,0.01,-27.45,540853,1640098302.6352,0
617.78,-1.55,0,0.01,-27.47,540872,1640098302.65224,0
617.78,-1.55,0,0,-27.48,540893,1640098302.67266,0
617.78,-1.55,0,0,-27.48,540912,1640098302.69357,0
617.78,-1.55,0,0,-27.48,540933,1640098302.71367,0
617.78,-1.55,0,0.01,-27.48,540952,1640098302.73443,0
617.78,-1.55,0,0.01,-27.48,540973,1640098302.75779,0
617.78,-1.55,0,0,-27.48,540992,1640098302.77454,0
617.78,-1.55,0,0,-27.5,541012,1640098302.79457,0
617.78,-1.55,0,0,-27.5,541032,1640098302.81126,0
617.78,-1.55,0,0.01,-27.5,541052,1640098302.83228,0
617.78,-1.55,0,0.01,-27.5,541073,1640098302.85175,0
617.78,-1.55,0,0,-27.5,541092,1640098302.87545,0
617.78,-1.55,0,0,-27.52,541113,1640098302.89253,0
617.78,-1.55,0,0,-27.52,541133,1640098302.91326,0
617.78,-1.55,0,0.01,-27.52,541153,1640098302.93349,0
617.78,-1.55,0,0.01,-27.52,541173,1640098302.95428,0
617.78,-1.55,0,0.01,-27.53,541193,1640098302.97459,0
617.78,-1.55,0,0.01,-27.53,541213,1640098303.00355,0
617.78,-1.55,0,0.01,-27.55,541233,1640098303.0123,0
617.78,-1.55,0,0.01,-27.55,541252,1640098303.03682,0
617.78,-1.55,0,0.01,-27.55,541273,1640098303.05317,0
617.78,-1.55,0,0.01,-27.57,541293,1640098303.07349,0
617.78,-1.55,0,0.01,-27.57,541313,1640098303.09379,0
617.78,-1.55,0,0,-27.57,541332,1640098303.11405,0
617.78,-1.55,0,0.01,-27.58,541352,1640098303.13443,0
617.78,-1.55,0,0.01,-27.58,541373,1640098303.15462,0
617.78,-1.55,0,0.01,-27.58,541392,1640098303.1761,0
617.78,-1.55,0,0.01,-27.58,541413,1640098303.19727,0
617.78,-1.55,0,0.01,-27.58,541433,1640098303.21251,0
617.78,-1.55,0,0.01,-27.58,541453,1640098303.23329,0
617.78,-1.55,0,0.01,-27.58,541473,1640098303.25364,0
617.78,-1.55,0,0.01,-27.58,541493,1640098303.27385,0
617.78,-1.55,0,0.01,-27.58,541513,1640098303.29468,0
617.78,-1.55,0,0.01,-27.58,541533,1640098303.31601,0
617.78,-1.55,0,0.01,-27.58,541553,1640098303.33602,0
617.78,-1.55,0,0.01,-27.58,541573,1640098303.35655,0
617.78,-1.55,0,0.01,-27.57,541592,1640098303.37301,0
617.78,-1.55,0,0.01,-27.53,541613,1640098303.39404,0
617.78,-1.55,0,0.01,-27.5,541633,1640098303.41377,0
617.78,-1.55,0,0.01,-27.47,541652,1640098303.43401,0
617.78,-1.55,0,0.01,-27.43,541673,1640098303.45436,0
617.78,-1.55,0,0.01,-27.38,541692,1640098303.47473,0
617.78,-1.55,0,0.01,-27.33,541713,1640098303.49563,0
617.78,-1.55,0,0,-27.28,541732,1640098303.51641,0
617.78,-1.55,0,0.01,-27.23,541753,1640098303.53663,0
617.78,-1.55,0,0.01,-27.18,541772,1640098303.55228,0
617.78,-1.55,0,0.01,-27.13,541793,1640098303.57386,0
617.78,-1.55,0,0.01,-27.1,541812,1640098303.59933,0
617.78,-1.55,0,0,-27.07,541833,1640098303.61484,0
617.78,-1.55,0,0.01,-27.03,541852,1640098303.63526,0
617.78,-1.55,0,0.01,-27.03,541873,1640098303.65481,0
617.78,-1.55,0,0,-27.03,541892,1640098303.67623,0
617.78,-1.55,0,0,-27.02,541913,1640098303.69625,0
617.78,-1.55,0,0,-27.02,541932,1640098303.71647,0
617.78,-1.55,0,0.01,-27.02,541953,1640098303.73337,0
617.78,-1.55,0,0.01,-27.02,541973,1640098303.75339,0
617.78,-1.55,0,0,-27.02,541992,1640098303.77367,0
617.78,-1.55,0,0,-27.02,542013,1640098303.79511,0
617.78,-1.55,0,0,-27.02,542032,1640098303.82199,0
617.78,-1.55,0,0.01,-27.02,542053,1640098303.83593,0
617.78,-1.55,0,0.01,-27,542072,1640098303.85578,0
617.78,-1.55,0,0,-27,542093,1640098303.87723,0
617.78,-1.55,0,0,-27,542112,1640098303.89734,0
617.78,-1.55,0,0,-27,542133,1640098303.91296,0
617.78,-1.55,0,0,-27,542152,1640098303.93448,0
617.78,-1.55,0,0.01,-27,542173,1640098303.95406,0
617.78,-1.55,0,0,-27,542192,1640098303.97561,0
617.78,-1.55,0,0,-27,542213,1640098304.00113,0
617.78,-1.55,0,0,-27,542232,1640098304.01508,0
617.78,-1.55,0,0,-27,542253,1640098304.03594,0
617.78,-1.55,0,0,-27,542272,1640098304.0561,0
617.78,-1.55,0,0,-27,542292,1640098304.07708,0
617.78,-1.55,0,0,-27,542313,1640098304.09376,0
617.78,-1.55,0,0,-27,542332,1640098304.11308,0
617.78,-1.55,0,0,-27,542353,1640098304.13394,0
617.78,-1.55,0,0,-27,542372,1640098304.1595,0
617.78,-1.55,0,0,-27,542393,1640098304.17603,0
617.78,-1.55,0,0,-27,542412,1640098304.19627,0
617.78,-1.55,0,0,-27,542433,1640098304.21657,0
617.78,-1.55,0,0,-27,542452,1640098304.23717,0
617.78,-1.55,0,0,-27,542473,1640098304.25849,0
617.78,-1.55,0,0,-27,542492,1640098304.27423,0
617.78,-1.55,0,0,-27,542513,1640098304.2953,0
617.78,-1.55,0,0,-27,542532,1640098304.3157,0
617.78,-1.55,0,0,-27,542553,1640098304.33612,0
617.78,-1.55,0,0,-27,542572,1640098304.35645,0
617.78,-1.55,0,0,-27,542593,1640098304.37685,0
617.78,-1.55,0,0,-27,542613,1640098304.39618,0
617.78,-1.55,0,0,-27,542632,1640098304.41773,0
617.78,-1.55,0,0,-27,542653,1640098304.43786,0
617.78,-1.55,0,0,-27,542672,1640098304.45423,0
617.78,-1.55,0,0,-27,542693,1640098304.47536,0
617.78,-1.55,0,0,-27,542712,1640098304.49827,0
617.78,-1.55,0,0,-27,542733,1640098304.51541,0
617.78,-1.55,0,0,-27,542752,1640098304.53523,0
617.78,-1.55,0,0,-27,542773,1640098304.55538,0
617.78,-1.55,0,0,-27,542792,1640098304.57684,0
617.78,-1.55,0,0,-27,542813,1640098304.5971,0
617.78,-1.55,0,0,-27,542832,1640098304.61751,0
617.78,-1.55,0,0.01,-27,542853,1640098304.63377,0
617.78,-1.55,0,0,-27,542872,1640098304.65509,0
617.78,-1.55,0,0,-27,542893,1640098304.67697,0
617.78,-1.55,0,0,-27,542912,1640098304.69698,0
617.78,-1.55,0,0,-27,542932,1640098304.71555,0
617.78,-1.55,0,0.01,-27,542953,1640098304.73612,0
617.78,-1.55,0,0,-27,542972,1640098304.75734,0
617.78,-1.55,0,0,-27,542993,1640098304.77767,0
617.78,-1.55,0,0,-27,543012,1640098304.79809,0
617.78,-1.55,0,0,-27,543033,1640098304.81501,0
617.78,-1.55,0,0,-27,543052,1640098304.83522,0
617.78,-1.55,0,0,-27,543072,1640098304.85556,0
617.78,-1.55,0,0,-26.98,543093,1640098304.87642,0
617.78,-1.55,0,0,-26.98,543113,1640098304.89628,0
617.78,-1.55,0,0,-26.98,543133,1640098304.91682,0
617.78,-1.55,0,0.01,-26.98,543153,1640098304.9414,0
617.78,-1.55,0,0,-26.98,543173,1640098304.96,0
617.78,-1.55,0,0,-26.98,543193,1640098304.97822,0
617.78,-1.55,0,0,-26.98,543213,1640098304.99862,0
617.78,-1.55,0,0,-26.98,543233,1640098305.0142,0
617.78,-1.55,0,0.01,-26.98,543253,1640098305.03542,0
617.78,-1.55,0,0,-26.98,543272,1640098305.05588,0
617.78,-1.55,0,0,-26.98,543293,1640098305.07661,0
617.78,-1.55,0,0,-26.98,543312,1640098305.09725,0
617.78,-1.55,0,0,-26.98,543333,1640098305.11743,0
617.78,-1.55,0,0.01,-26.98,543352,1640098305.13781,0
617.78,-1.55,0,0,-26.98,543373,1640098305.15826,0
617.78,-1.55,0,0,-26.97,543393,1640098305.17908,0
617.78,-1.55,0,0,-26.97,543413,1640098305.19546,0
617.78,-1.55,0,0,-26.97,543432,1640098305.21536,0
617.78,-1.55,0,0.01,-26.97,543453,1640098305.23585,0
617.78,-1.55,0,0,-26.95,543472,1640098305.26287,0
617.78,-1.55,0,0,-26.95,543493,1640098305.28453,0
617.78,-1.55,0,0,-26.93,543512,1640098305.29787,0
617.78,-1.55,0,0,-26.93,543533,1640098305.31762,0
617.78,-1.55,0,0.01,-26.93,543553,1640098305.33823,0
617.78,-1.55,0,0,-26.93,543572,1640098305.35486,0
617.78,-1.55,0,0,-26.93,543593,1640098305.37558,0
617.78,-1.55,0,0,-26.93,543612,1640098305.39575,0
617.78,-1.55,0,0,-26.93,543633,1640098305.41604,0
617.78,-1.55,0,0,-26.93,543652,1640098305.43775,0
617.78,-1.55,0,0,-26.93,543673,1640098305.46197,0
617.78,-1.55,0,0,-26.92,543692,1640098305.47862,0
617.78,-1.55,0,0,-26.92,543713,1640098305.49798,0
617.78,-1.55,0,0,-26.92,543733,1640098305.51873,0
617.78,-1.55,0,0,-26.92,543753,1640098305.54383,0
617.78,-1.55,0,0,-26.92,543773,1640098305.55664,0
617.78,-1.55,0,0,-26.92,543793,1640098305.57551,0
617.78,-1.55,0,0,-26.92,543813,1640098305.59554,0
617.78,-1.55,0,0,-26.92,543833,1640098305.6173,0
617.78,-1.55,0,0,-26.92,543853,1640098305.63727,0
617.78,-1.55,0,0,-26.92,543873,1640098305.65757,0
617.78,-1.55,0,0,-26.92,543893,1640098305.67906,0
617.78,-1.55,0,0,-26.92,543912,1640098305.69879,0
617.78,-1.55,0,0,-26.92,543933,1640098305.7195,0
617.78,-1.55,0,0,-26.92,543952,1640098305.73533,0
617.78,-1.55,0,0,-26.92,543973,1640098305.75718,0
617.78,-1.55,0,0,-26.92,543992,1640098305.77735,0
617.78,-1.55,0,0,-26.92,544013,1640098305.79729,0
617.78,-1.55,0,0,-26.92,544032,1640098305.81784,0
617.78,-1.55,0,0,-26.92,544053,1640098305.83827,0
617.78,-1.55,0,0,-26.92,544073,1640098305.85871,0
617.78,-1.55,0,0,-26.92,544093,1640098305.87903,0
617.78,-1.55,0,0,-26.92,544113,1640098305.90514,0
617.78,-1.55,0,0,-26.92,544133,1640098305.91836,0
617.78,-1.55,0,0,-26.92,544153,1640098305.93864,0
617.78,-1.55,0,0,-26.92,544173,1640098305.95777,0
617.78,-1.55,0,0,-26.92,544193,1640098305.98133,0
617.78,-1.55,0,0,-26.92,544212,1640098305.99776,0
617.78,-1.55,0,0,-26.92,544233,1640098306.01798,0
617.78,-1.55,0,0,-26.92,544252,1640098306.03828,0
617.78,-1.55,0,0,-26.92,544273,1640098306.05887,0
617.78,-1.55,0,0,-26.92,544292,1640098306.07966,0
617.78,-1.55,0,0,-26.92,544313,1640098306.10033,0
617.78,-1.55,0,0,-26.92,544332,1640098306.11581,0
617.78,-1.55,0,0,-26.92,544353,1640098306.13679,0
617.78,-1.55,0,0,-26.92,544373,1640098306.15797,0
617.78,-1.55,0,0,-26.92,544393,1640098306.18575,0
617.78,-1.55,0,0,-26.92,544413,1640098306.19848,0
617.78,-1.55,0,0,-26.92,544433,1640098306.21828,0
617.78,-1.55,0,0,-26.92,544453,1640098306.2389,0
617.78,-1.55,0,0,-26.92,544473,1640098306.26025,0
617.78,-1.55,0,0,-26.92,544493,1640098306.28458,0
617.78,-1.55,0,0,-26.92,544513,1640098306.29857,0
617.78,-1.55,0,0,-26.92,544533,1640098306.31673,0
617.78,-1.55,0,0,-26.92,544552,1640098306.33804,0
617.78,-1.55,0,0,-26.92,544573,1640098306.35823,0
617.78,-1.55,0,0,-26.92,544592,1640098306.37848,0
617.78,-1.55,0,0,-26.92,544613,1640098306.39935,0
617.78,-1.55,0,0,-26.92,544632,1640098306.41943,0
617.78,-1.55,0,0,-26.92,544653,1640098306.44457,0
617.78,-1.55,0,0,-26.92,544673,1640098306.46101,0
617.78,-1.55,0,0,-26.92,544693,1640098306.47693,0
617.78,-1.55,0,0,-26.92,544713,1640098306.49782,0
617.78,-1.55,0,0,-26.92,544733,1640098306.51763,0
617.78,-1.55,0,0,-26.92,544753,1640098306.53862,0
617.78,-1.55,0,0,-26.92,544773,1640098306.55931,0
617.78,-1.55,0,0,-26.92,544793,1640098306.57977,0
617.78,-1.55,0,0,-26.92,544813,1640098306.60029,0
617.78,-1.55,0,0,-26.92,544833,1640098306.62053,0
617.78,-1.55,0,0,-26.92,544852,1640098306.6412,0
617.78,-1.55,0,0,-26.92,544873,1640098306.65788,0
617.78,-1.55,0,0,-26.92,544892,1640098306.6782,0
617.78,-1.55,0,0,-26.92,544913,1640098306.70837,0
617.78,-1.55,0,0,-26.92,544932,1640098306.7214,0
617.78,-1.55,0,0,-26.92,544953,1640098306.73962,0
617.78,-1.55,0,0,-26.92,544973,1640098306.76042,0
617.78,-1.55,0,0,-26.92,544993,1640098306.78063,0
617.78,-1.55,0,0,-26.92,545013,1640098306.80589,0
617.78,-1.55,0,0.01,-26.92,545033,1640098306.82057,0
617.78,-1.55,0,0,-26.92,545053,1640098306.83727,0
617.78,-1.55,0,0,-26.92,545073,1640098306.85881,0
617.78,-1.55,0,0,-26.92,545093,1640098306.8779,0
617.78,-1.55,0,0,-26.92,545113,1640098306.89928,0
617.78,-1.55,0,0.01,-26.92,545133,1640098306.91981,0
617.78,-1.55,0,0,-26.92,545153,1640098306.94568,0
617.78,-1.55,0,0,-26.92,545173,1640098306.9637,0
617.78,-1.55,0,0,-26.92,545192,1640098306.98153,0
617.78,-1.55,0,0,-26.92,545213,1640098307.00114,0
617.78,-1.55,0,0.01,-26.92,545233,1640098307.01797,0
617.78,-1.55,0,0,-26.92,545253,1640098307.03808,0
617.78,-1.55,0,0,-26.92,545273,1640098307.05882,0
617.78,-1.55,0,0,-26.92,545293,1640098307.07924,0
617.78,-1.55,0,0,-26.92,545313,1640098307.09927,0
617.78,-1.55,0,0.01,-26.92,545333,1640098307.12087,0
617.78,-1.55,0,0,-26.92,545353,1640098307.14129,0
617.78,-1.55,0,0,-26.92,545373,1640098307.16179,0
617.78,-1.55,0,0,-26.92,545393,1640098307.18189,0
617.78,-1.55,0,0,-26.92,545413,1640098307.19867,0
617.78,-1.55,0,0.01,-26.92,545433,1640098307.21942,0
617.78,-1.55,0,0,-26.92,545453,1640098307.23857,0
617.78,-1.55,0,0,-26.92,545473,1640098307.26009,0
617.78,-1.55,0,0,-26.92,545492,1640098307.28058,0
617.78,-1.55,0,0,-26.92,545513,1640098307.30565,0
617.78,-1.55,0,0.01,-26.92,545532,1640098307.32079,0
617.78,-1.55,0,0,-26.92,545553,1640098307.34122,0
617.78,-1.55,0,0,-26.92,545573,1640098307.36158,0
617.78,-1.55,0,0,-26.92,545593,1640098307.37755,0
617.78,-1.55,0,0,-26.92,545612,1640098307.39829,0
617.78,-1.55,0,0,-26.92,545633,1640098307.41879,0
617.78,-1.55,0,0,-26.92,545652,1640098307.43913,0
617.78,-1.55,0,0,-26.92,545673,1640098307.45982,0
617.78,-1.55,0,0,-26.92,545693,1640098307.48052,0
617.78,-1.55,0,0,-26.92,545713,1640098307.50138,0
617.78,-1.55,0,0,-26.92,545733,1640098307.52159,0
617.78,-1.55,0,0,-26.92,545753,1640098307.54165,0
617.78,-1.55,0,0,-26.92,545773,1640098307.56221,0
617.78,-1.55,0,0,-26.92,545793,1640098307.59004,0
617.78,-1.55,0,0,-26.92,545813,1640098307.59891,0
617.78,-1.55,0,0,-26.92,545832,1640098307.62065,0
617.78,-1.55,0,0,-26.92,545853,1640098307.64028,0
617.78,-1.55,0,0,-26.92,545873,1640098307.66861,0
617.78,-1.55,0,0,-26.92,545893,1640098307.6991,0
617.78,-1.55,0,0,-26.92,545912,1640098307.71676,0
617.78,-1.55,0,0,-26.92,545933,1640098307.72654,0
617.78,-1.55,0,0,-26.92,545952,1640098307.73851,0
617.78,-1.55,0,0,-26.92,545973,1640098307.75866,0
617.78,-1.55,0,0,-26.92,545993,1640098307.77961,0
617.78,-1.55,0,0,-26.92,546013,1640098307.79947,0
617.78,-1.55,0,0,-26.92,546033,1640098307.82178,0
617.78,-1.55,0,0,-26.92,546053,1640098307.84167,0
617.78,-1.55,0,0,-26.92,546073,1640098307.86144,0
617.78,-1.55,0,0,-26.92,546093,1640098307.88261,0
617.78,-1.55,0,0,-26.92,546113,1640098307.90249,0
617.78,-1.55,0,0,-26.92,546132,1640098307.91929,0
617.78,-1.55,0,0,-26.92,546153,1640098307.93956,0
617.78,-1.55,0,0,-26.92,546173,1640098307.95963,0
617.78,-1.55,0,0,-26.92,546193,1640098307.9806,0
617.78,-1.55,0,0,-26.92,546212,1640098308.00076,0
617.78,-1.55,0,0,-26.92,546233,1640098308.0215,0
617.78,-1.55,0,0,-26.92,546253,1640098308.04142,0
617.78,-1.55,0,0,-26.92,546273,1640098308.06439,0
617.78,-1.55,0,0,-26.92,546293,1640098308.08447,0
617.78,-1.55,0,0,-26.92,546313,1640098308.09852,0
617.78,-1.55,0,0,-26.92,546332,1640098308.11973,0
617.78,-1.55,0,0,-26.92,546353,1640098308.13947,0
617.78,-1.55,0,0,-26.92,546373,1640098308.16175,0
617.78,-1.55,0,0,-26.92,546393,1640098308.18266,0
617.78,-1.55,0,0,-26.92,546413,1640098308.20164,0
617.78,-1.55,0,0,-26.92,546433,1640098308.222,0
617.78,-1.55,0,0,-26.92,546453,1640098308.24209,0
617.78,-1.55,0,0,-26.92,546472,1640098308.26227,0
617.78,-1.55,0,0,-26.92,546493,1640098308.2831,0
617.78,-1.55,0,0,-26.92,546512,1640098308.29987,0
617.78,-1.55,0,0,-26.92,546533,1640098308.3198,0
617.78,-1.55,0,0,-26.92,546552,1640098308.34013,0
617.78,-1.55,0,0,-26.92,546573,1640098308.3615,0
617.78,-1.55,0,0,-26.92,546593,1640098308.38223,0
617.78,-1.55,0,0,-26.92,546613,1640098308.40207,0
617.78,-1.55,0,0,-26.92,546632,1640098308.42353,0
617.78,-1.55,0,0,-26.92,546653,1640098308.44293,0
617.78,-1.55,0,0,-26.92,546673,1640098308.4672,0
617.78,-1.55,0,0,-26.92,546693,1640098308.47953,0
617.78,-1.55,0,0.01,-26.92,546713,1640098308.50293,0
617.78,-1.55,0,0,-26.92,546733,1640098308.52077,0
617.78,-1.55,0,0,-26.92,546753,1640098308.54104,0
617.78,-1.55,0,0,-26.92,546774,1640098308.5616,0
617.78,-1.55,0,0,-26.92,546793,1640098308.58198,0
617.78,-1.55,0,0.01,-26.92,546812,1640098308.60199,0
617.78,-1.55,0,0,-26.92,546833,1640098308.62745,0
617.78,-1.55,0,0,-26.92,546852,1640098308.64008,0
617.78,-1.55,0,0,-26.92,546873,1640098308.66025,0
617.78,-1.55,0,0,-26.92,546892,1640098308.68046,0
617.78,-1.55,0,0.01,-26.92,546913,1640098308.70073,0
617.78,-1.55,0,0,-26.92,546932,1640098308.7217,0
617.78,-1.55,0,0,-26.92,546953,1640098308.74163,0
617.78,-1.55,0,0,-26.92,546973,1640098308.76215,0
617.78,-1.55,0,0,-26.92,546993,1640098308.78395,0
617.78,-1.55,0,0.01,-26.92,547013,1640098308.80347,0
617.78,-1.55,0,0,-26.92,547033,1640098308.82355,0
617.78,-1.55,0,0,-26.92,547053,1640098308.84064,0
617.78,-1.55,0,0,-26.92,547074,1640098308.86321,0
617.78,-1.55,0,0,-26.92,547093,1640098308.88344,0
617.78,-1.55,0,0.01,-26.92,547112,1640098308.90135,0
617.78,-1.55,0,0,-26.92,547133,1640098308.92166,0
617.78,-1.55,0,0,-26.92,547152,1640098308.94842,0
