425.8,2.65,0,0,128.03,1156553,1640098919.28684,0
425.8,2.65,0,0,128.03,1156573,1640098919.2878,0
425.8,2.65,0,0,128.03,1156593,1640098919.28864,0
425.8,2.65,0,0.01,128.03,1156613,1640098919.2897,0
425.8,2.65,0,0.01,128.03,1156633,1640098919.29061,0
425.8,2.65,0,0,128.03,1156653,1640098919.31191,0
425.8,2.65,0,0,128.03,1156673,1640098919.32497,0
425.8,2.65,0,0,128.03,1156692,1640098919.34927,0
425.8,2.65,0,0,128.03,1156713,1640098919.37644,0
425.8,2.65,0,0.01,128.03,1156732,1640098919.39084,0
425.8,2.65,0,0,128.03,1156753,1640098919.40446,0
425.8,2.65,0,0,128.03,1156772,1640098919.42993,0
425.8,2.65,0,0,128.03,1156793,1640098919.44611,0
425.8,2.65,0,0,128.03,1156812,1640098919.46466,0
425.8,2.65,0,0,128.03,1156833,1640098919.48349,0
425.8,2.65,0,0,128.03,1156853,1640098919.50323,0
425.8,2.65,0,0,128.03,1156873,1640098919.5239,0
425.8,2.65,0,0,128.03,1156893,1640098919.54405,0
425.8,2.65,0,0,128.03,1156913,1640098919.5649,0
425.8,2.65,0,0,128.03,1156933,1640098919.58507,0
425.8,2.65,0,0,128.03,1156953,1640098919.60512,0
425.8,2.65,0,0,128.03,1156973,1640098919.62662,0
425.8,2.65,0,0,128.03,1156993,1640098919.64307,0
425.8,2.65,0,0,128.03,1157013,1640098919.6691,0
425.8,2.65,0,0,128.03,1157032,1640098919.69601,0
425.8,2.65,0,0,128.03,1157053,1640098919.7096,0
425.8,2.65,0,0,128.03,1157072,1640098919.73039,0
425.8,2.65,0,0,128.03,1157093,1640098919.75053,0
425.8,2.65,0,0,128.03,1157112,1640098919.77225,0
425.8,2.65,0,0,128.03,1157133,1640098919.79705,0
425.8,2.65,0,0,128.03,1157153,1640098919.80858,0
425.8,2.65,0,0,128.03,1157173,1640098919.82798,0
425.8,2.65,0,0,128.03,1157193,1640098919.84275,0
425.8,2.65,0,0,128.03,1157213,1640098919.8633,0
425.8,2.65,0,0,128.03,1157233,1640098919.88452,0
425.8,2.65,0,0,128.03,1157253,1640098919.90476,0
425.8,2.65,0,0,128.03,1157273,1640098919.92518,0
425.8,2.65,0,0,128.03,1157293,1640098919.94548,0
425.8,2.65,0,0,128.03,1157313,1640098919.96711,0
425.8,2.65,0,0,128.03,1157332,1640098919.98671,0
425.8,2.65,0,0,128.03,1157353,1640098920.00684,0
425.8,2.65,0,0,128.03,1157372,1640098920.0241,0
425.8,2.65,0,0,128.03,1157393,1640098920.04434,0
425.8,2.65,0,0,128.03,1157412,1640098920.0645,0
425.8,2.65,0,0,128.03,1157433,1640098920.0848,0
425.8,2.65,0,0,128.03,1157453,1640098920.10496,0
425.8,2.65,0,0,128.03,1157473,1640098920.12644,0
425.8,2.65,0,0,128.03,1157492,1640098920.1457,0
425.8,2.65,0,0,128.03,1157513,1640098920.16615,0
425.8,2.65,0,0,128.03,1157532,1640098920.1916,0
425.8,2.65,0,0,128.03,1157553,1640098920.20362,0
425.8,2.65,0,0,128.03,1157573,1640098920.22361,0
425.8,2.65,0,0,128.03,1157593,1640098920.24522,0
425.8,2.65,0,0,128.03,1157613,1640098920.26456,0
425.8,2.65,0,0,128.03,1157633,1640098920.28635,0
425.8,2.65,0,0,128.03,1157653,1640098920.30675,0
425.8,2.65,0,0,128.03,1157672,1640098920.32706,0
425.8,2.65,0,0,128.03,1157693,1640098920.34756,0
425.8,2.65,0,0,128.03,1157712,1640098920.36781,0
425.8,2.65,0,0,128.03,1157733,1640098920.38365,0
425.8,2.65,0,0,128.03,1157753,1640098920.40784,0
425.8,2.65,0,0,128.03,1157773,1640098920.42635,0
425.8,2.65,0,0.01,128.03,1157793,1640098920.4456,0
425.8,2.65,0,0,128.03,1157813,1640098920.46561,0
425.8,2.65,0,0,128.03,1157832,1640098920.48587,0
425.8,2.65,0,0,128.03,1157853,1640098920.5068,0
425.8,2.65,0,0,128.03,1157873,1640098920.52738,0
425.8,2.65,0,0.01,128.03,1157893,1640098920.54763,0
425.8,2.65,0,0,128.03,1157913,1640098920.56457,0
425.8,2.65,0,0,128.03,1157933,1640098920.58501,0
425.8,2.65,0,0,128.03,1157953,1640098920.60462,0
425.8,2.65,0,0,128.03,1157972,1640098920.62564,0
425.8,2.65,0,0,128.03,1157993,1640098920.64674,0
425.8,2.65,0,0,128.03,1158012,1640098920.66722,0
425.8,2.65,0,0,128.03,1158033,1640098920.68763,0
425.8,2.65,0,0,128.03,1158052,1640098920.70718,0
425.8,2.65,0,0,128.03,1158073,1640098920.72737,0
425.8,2.65,0,0,128.03,1158092,1640098920.74413,0
425.8,2.65,0,0,128.03,1158113,1640098920.76554,0
425.8,2.65,0,0,128.03,1158132,1640098920.78603,0
425.8,2.65,0,0,128.03,1158153,1640098920.80594,0
425.8,2.65,0,0,128.03,1158173,1640098920.82593,0
425.8,2.65,0,0,128.03,1158193,1640098920.84715,0
425.8,2.65,0,0,128.03,1158213,1640098920.86735,0
425.8,2.65,0,0,128.03,1158233,1640098920.88803,0
425.8,2.65,0,0,128.03,1158253,1640098920.91835,0
425.8,2.65,0,0,128.03,1158273,1640098920.92531,0
425.8,2.65,0,0.01,128.03,1158293,1640098920.94451,0
425.8,2.65,0,0.01,128.03,1158312,1640098920.96535,0
425.8,2.65,0,0,128.03,1158333,1640098920.98558,0
425.8,2.65,0,0,128.03,1158352,1640098921.00557,0
425.8,2.65,0,0,128.03,1158373,1640098921.0271,0
425.8,2.65,0,0.01,128.03,1158393,1640098921.0477,0
425.8,2.65,0,0.01,128.03,1158413,1640098921.06735,0
425.8,2.65,0,0,128.03,1158433,1640098921.09074,0
425.8,2.65,0,0,128.03,1158453,1640098921.10701,0
425.8,2.65,0,0,128.03,1158473,1640098921.12602,0
425.8,2.65,0,0.01,128.03,1158493,1640098921.14622,0
425.8,2.65,0,0.01,128.03,1158513,1640098921.16713,0
425.8,2.65,0,0,128.03,1158533,1640098921.18799,0
425.8,2.65,0,0,128.03,1158553,1640098921.20826,0
425.8,2.65,0,0,128.03,1158573,1640098921.22875,0
425.8,2.65,0,0,128.03,1158593,1640098921.24857,0
425.8,2.65,0,0,128.03,1158612,1640098921.26908,0
425.8,2.65,0,0,128.03,1158633,1640098921.28739,0
425.8,2.65,0,0,128.03,1158652,1640098921.30663,0
425.8,2.65,0,0,128.03,1158673,1640098921.32542,0
425.8,2.65,0,0,128.03,1158692,1640098921.34572,0
425.8,2.65,0,0,128.03,1158713,1640098921.36614,0
425.8,2.65,0,0,128.03,1158732,1640098921.38708,0
425.8,2.65,0,0,128.03,1158753,1640098921.40697,0
425.8,2.65,0,0,128.03,1158772,1640098921.4281,0
425.8,2.65,0,0,128.03,1158793,1640098921.44848,0
425.8,2.65,0,0,128.03,1158813,1640098921.46536,0
425.8,2.65,0,0,128.03,1158833,1640098921.48604,0
425.8,2.65,0,0,128.03,1158853,1640098921.50589,0
425.8,2.65,0,0,128.03,1158873,1640098921.52612,0
425.8,2.65,0,0,128.03,1158893,1640098921.54736,0
425.8,2.65,0,0,128.03,1158913,1640098921.56756,0
425.8,2.65,0,0,128.03,1158933,1640098921.58902,0
425.8,2.65,0,0,128.03,1158952,1640098921.60916,0
425.8,2.65,0,0,128.03,1158973,1640098921.62923,0
425.8,2.65,0,0,128.03,1158992,1640098921.65012,0
425.8,2.65,0,0,128.03,1159013,1640098921.66653,0
425.8,2.65,0,0,128.03,1159032,1640098921.68863,0
425.8,2.65,0,0,128.03,1159053,1640098921.70764,0
425.8,2.65,0,0,128.03,1159072,1640098921.72768,0
425.8,2.65,0,0,128.03,1159093,1640098921.74856,0
425.8,2.65,0,0,128.03,1159113,1640098921.76898,0
425.8,2.65,0,0,128.03,1159133,1640098921.7908,0
425.8,2.65,0,0,128.03,1159153,1640098921.81044,0
425.8,2.65,0,0,128.03,1159173,1640098921.83075,0
425.8,2.65,0,0,128.05,1159193,1640098921.84686,0
425.8,2.65,0,0,128.03,1159213,1640098921.86708,0
425.8,2.65,0,0,128.05,1159233,1640098921.88846,0
425.8,2.65,0,0,128.03,1159252,1640098921.91301,0
425.8,2.65,0,0,128.03,1159273,1640098921.92753,0
425.8,2.65,0,0.01,128.05,1159293,1640098921.94995,0
425.8,2.65,0,0,128.03,1159313,1640098921.96884,0
425.8,2.65,0,0,128.03,1159333,1640098921.98861,0
425.8,2.65,0,0,128.03,1159353,1640098922.00945,0
425.8,2.65,0,0,128.05,1159373,1640098922.02545,0
425.8,2.65,0,0.01,128.03,1159393,1640098922.04647,0
425.8,2.65,0,0,128.03,1159412,1640098922.06778,0
425.8,2.65,0,0,128.03,1159433,1640098922.0886,0
425.8,2.65,0,0,128.05,1159453,1640098922.10851,0
425.8,2.65,0,0,128.05,1159473,1640098922.12922,0
425.8,2.65,0,0.01,128.03,1159493,1640098922.14967,0
425.8,2.65,0,0,128.03,1159513,1640098922.17021,0
425.8,2.65,0,0,128.03,1159533,1640098922.19057,0
425.8,2.65,0,0,128.03,1159553,1640098922.20739,0
425.8,2.65,0,0,128.03,1159573,1640098922.22781,0
425.8,2.65,0,0.01,128.03,1159592,1640098922.24831,0
425.8,2.65,0,0,128.03,1159613,1640098922.26829,0
425.8,2.65,0,0,128.03,1159632,1640098922.28869,0
425.8,2.65,0,0,128.05,1159653,1640098922.30901,0
425.8,2.65,0,0,128.05,1159673,1640098922.3293,0
425.8,2.65,0,0,128.05,1159693,1640098922.34958,0
425.8,2.65,0,0,128.05,1159713,1640098922.37038,0
425.8,2.65,0,0,128.05,1159733,1640098922.39149,0
425.8,2.65,0,0,128.05,1159753,1640098922.40842,0
425.8,2.65,0,0,128.06,1159773,1640098922.42772,0
425.8,2.65,0,0,128.11,1159793,1640098922.44796,0
425.8,2.65,0,0,128.16,1159813,1640098922.46942,0
425.8,2.65,0,0,128.2,1159833,1640098922.48983,0
425.8,2.65,0,0,128.23,1159853,1640098922.5103,0
425.8,2.65,0,0,128.25,1159873,1640098922.53044,0
425.8,2.65,0,0,128.18,1159892,1640098922.55107,0
425.8,2.65,0,0,128.03,1159913,1640098922.56801,0
425.8,2.65,0,0,127.96,1159932,1640098922.58807,0
425.8,2.65,0,0,127.91,1159953,1640098922.60808,0
425.8,2.65,0,0,127.86,1159972,1640098922.62883,0
425.8,2.65,0,0,127.8,1159993,1640098922.64924,0
425.8,2.65,0,0,127.66,1160012,1640098922.66948,0
425.8,2.65,0,0,127.45,1160033,1640098922.6908,0
425.8,2.65,0,0,127.16,1160053,1640098922.71125,0
425.8,2.65,0,0,126.85,1160073,1640098922.73156,0
425.8,2.65,0,0,126.58,1160093,1640098922.7474,0
425.8,2.65,0,0,126.5,1160113,1640098922.76783,0
425.8,2.65,0,0,126.48,1160133,1640098922.78866,0
425.8,2.65,0,0,126.5,1160153,1640098922.8095,0
425.8,2.65,0,0,126.5,1160173,1640098922.82972,0
425.8,2.65,0,0,126.5,1160193,1640098922.85492,0
425.8,2.65,0,0,126.5,1160213,1640098922.87756,0
425.8,2.65,0,0,126.51,1160233,1640098922.89146,0
425.8,2.65,0,0,126.51,1160253,1640098922.91535,0
425.8,2.65,0,0,126.51,1160273,1640098922.9351,0
425.8,2.65,0,0,126.51,1160293,1640098922.94906,0
425.8,2.65,0,0,126.51,1160313,1640098922.969,0
425.8,2.65,0,0,126.53,1160333,1640098922.98885,0
425.8,2.65,0,0,126.56,1160352,1640098923.00901,0
425.8,2.65,0,0,126.6,1160373,1640098923.02996,0
425.8,2.65,0,0,126.61,1160392,1640098923.05017,0
425.8,2.65,0,0,126.63,1160413,1640098923.07083,0
425.8,2.65,0,0,126.65,1160433,1640098923.09076,0
425.8,2.65,0,0,126.7,1160453,1640098923.10715,0
425.8,2.65,0,0,126.75,1160473,1640098923.12759,0
425.8,2.65,0,0,126.8,1160493,1640098923.14921,0
425.8,2.65,0,0,126.81,1160513,1640098923.16954,0
425.8,2.65,0,0,126.85,1160534,1640098923.18904,0
425.8,2.65,0,0,126.86,1160553,1640098923.21054,0
425.8,2.65,0,0,126.86,1160572,1640098923.23077,0
425.8,2.65,0,0,126.86,1160593,1640098923.25077,0
425.8,2.65,0,0,126.88,1160612,1640098923.27221,0
425.8,2.65,0,0,126.88,1160633,1640098923.28858,0
425.8,2.65,0,0,127,1160652,1640098923.309,0
425.8,2.65,0,0,127.16,1160673,1640098923.32975,0
425.8,2.65,0,0,127.21,1160692,1640098923.35025,0
425.8,2.65,0,0,127.21,1160713,1640098923.36993,0
425.8,2.65,0,0,127.2,1160733,1640098923.39124,0
425.8,2.65,0,0,127.2,1160753,1640098923.41092,0
425.8,2.65,0,0,127.2,1160773,1640098923.43197,0
425.8,2.65,0,0,127.2,1160793,1640098923.45574,0
425.8,2.65,0,0,127.2,1160813,1640098923.47091,0
425.8,2.65,0,0,127.2,1160833,1640098923.49349,0
425.8,2.65,0,0,127.2,1160853,1640098923.51241,0
425.8,2.65,0,0,127.18,1160873,1640098923.5304,0
425.8,2.65,0,0,127.16,1160893,1640098923.55095,0
425.8,2.65,0,0,127.15,1160912,1640098923.57112,0
425.8,2.65,0,0,127.11,1160933,1640098923.59153,0
425.8,2.65,0,0,127.05,1160953,1640098923.61179,0
425.8,2.65,0,0,126.95,1160973,1640098923.63197,0
425.8,2.65,0,0,126.83,1160993,1640098923.65258,0
425.8,2.65,0,0,126.68,1161013,1640098923.66933,0
425.8,2.65,0,0,126.45,1161033,1640098923.68934,0
425.8,2.65,0,0,126.16,1161053,1640098923.71003,0
425.8,2.65,0,0,125.86,1161073,1640098923.73047,0
425.8,2.65,0,0,125.5,1161093,1640098923.75094,0
425.8,2.65,0,0,125.01,1161113,1640098923.77215,0
425.8,2.65,0,0,124.43,1161133,1640098923.79243,0
425.8,2.65,0,0,123.83,1161153,1640098923.81224,0
425.8,2.65,0,0,123.18,1161172,1640098923.83247,0
425.8,2.65,0,0,122.48,1161193,1640098923.84983,0
425.8,2.65,0,0,121.8,1161212,1640098923.8779,0
425.8,2.65,0,0,121.1,1161233,1640098923.89464,0
425.8,2.65,0,0,120.36,1161252,1640098923.91087,0
425.8,2.65,0,0,119.61,1161273,1640098923.93025,0
425.8,2.65,0,0,118.8,1161293,1640098923.95133,0
425.8,2.65,0,0,117.93,1161313,1640098923.97618,0
425.8,2.65,0,0,117,1161333,1640098923.99519,0
425.8,2.65,0,0,115.95,1161353,1640098924.01245,0
425.8,2.65,0,0,114.81,1161373,1640098924.02936,0
425.8,2.65,0,0,113.61,1161393,1640098924.04974,0
425.8,2.65,0,0,112.43,1161413,1640098924.07074,0
425.8,2.65,0,0,111.33,1161433,1640098924.09206,0
425.8,2.65,0,0,110.31,1161453,1640098924.11178,0
425.8,2.65,0,0,109.33,1161473,1640098924.13222,0
425.8,2.65,0,0,108.35,1161493,1640098924.15251,0
425.8,2.65,0,0,107.35,1161512,1640098924.17265,0
425.8,2.65,0,0,106.31,1161533,1640098924.19302,0
425.8,2.65,0,0,105.26,1161553,1640098924.21011,0
425.8,2.65,0,0,104.06,1161573,1640098924.23078,0
425.8,2.65,0,0,102.78,1161593,1640098924.25115,0
425.8,2.65,0,0,101.43,1161613,1640098924.27142,0
425.8,2.65,0,0,100.16,1161633,1640098924.29698,0
425.8,2.65,0,0,98.96,1161653,1640098924.31133,0
425.8,2.65,0,0,97.81,1161673,1640098924.33246,0
425.8,2.65,0,0,96.68,1161693,1640098924.35252,0
425.8,2.65,0,0,95.6,1161713,1640098924.37301,0
425.8,2.65,0,0,94.56,1161733,1640098924.38971,0
425.8,2.65,0,0,93.7,1161753,1640098924.41068,0
425.8,2.65,0,0,92.86,1161773,1640098924.43101,0
425.8,2.65,0,0,92,1161793,1640098924.45102,0
425.8,2.65,0,0,91.11,1161812,1640098924.47181,0
425.8,2.65,0,0,90.2,1161833,1640098924.50159,0
425.8,2.65,0,0,89.26,1161852,1640098924.51309,0
425.8,2.65,0,0,88.4,1161873,1640098924.53861,0
425.8,2.65,0,0,87.61,1161892,1640098924.55377,0
425.8,2.65,0,0,86.85,1161913,1640098924.57209,0
425.8,2.65,0,0,86.15,1161932,1640098924.59093,0
425.8,2.65,0,0,85.5,1161953,1640098924.61148,0
425.8,2.65,0,0,84.9,1161972,1640098924.6317,0
425.8,2.65,0,0,84.31,1161993,1640098924.65229,0
425.8,2.65,0,0,83.71,1162013,1640098924.6728,0
425.8,2.65,0,0,83.15,1162033,1640098924.6935,0
425.8,2.65,0,0,82.58,1162053,1640098924.71296,0
425.8,2.65,0,0,82.05,1162073,1640098924.73344,0
425.8,2.65,0,0,81.63,1162093,1640098924.75805,0
425.8,2.65,0,0,81.31,1162113,1640098924.77119,0
425.8,2.65,0,0,81.06,1162133,1640098924.79233,0
425.8,2.65,0,0,80.8,1162152,1640098924.81179,0
425.8,2.65,0,0,80.45,1162173,1640098924.83167,0
425.8,2.65,0,0,80.03,1162192,1640098924.85248,0
425.8,2.65,0,0,79.51,1162213,1640098924.87288,0
425.8,2.65,0,0,78.81,1162232,1640098924.89303,0
425.8,2.65,0,0,77.93,1162253,1640098924.91416,0
425.8,2.65,0,0,76.96,1162272,1640098924.93026,0
425.8,2.65,0,0,75.91,1162293,1640098924.95072,0
425.8,2.65,0,0,74.86,1162313,1640098924.97163,0
425.8,2.65,0,0,73.9,1162333,1640098924.99172,0
425.8,2.65,0,0,73.03,1162353,1640098925.0119,0
425.8,2.65,0,0,72.28,1162373,1640098925.03331,0
425.8,2.65,0,0,71.63,1162393,1640098925.05379,0
425.8,2.65,0,0,71.08,1162413,1640098925.07403,0
425.8,2.65,0,0,70.61,1162433,1640098925.09409,0
425.8,2.65,0,0,70.23,1162452,1640098925.11098,0
425.8,2.65,0,0,69.9,1162473,1640098925.13133,0
425.8,2.65,0,0,69.55,1162492,1640098925.15191,0
425.8,2.65,0,0,69.18,1162513,1640098925.1726,0
425.8,2.65,0,0,68.81,1162532,1640098925.19269,0
425.8,2.65,0,0,68.43,1162553,1640098925.21304,0
425.8,2.65,0,0,68.05,1162572,1640098925.23341,0
425.8,2.65,0,0,67.66,1162593,1640098925.25376,0
425.8,2.65,0,0,67.25,1162612,1640098925.2754,0
425.8,2.65,0,0,66.85,1162633,1640098925.29118,0
425.8,2.65,0,0,66.46,1162652,1640098925.31154,0
425.8,2.65,0,0,66.08,1162673,1640098925.33192,0
425.8,2.65,0,0,65.7,1162693,1640098925.35221,0
425.8,2.65,0,0,65.31,1162713,1640098925.37274,0
425.8,2.65,0,0,64.95,1162733,1640098925.39408,0
425.8,2.65,0,0,64.6,1162753,1640098925.41442,0
425.8,2.65,0,0,64.25,1162773,1640098925.44143,0
425.8,2.65,0,0,63.88,1162792,1640098925.45553,0
425.8,2.65,0,0,63.46,1162813,1640098925.47116,0
425.8,2.65,0,0,63.03,1162832,1640098925.49141,0
425.8,2.65,0,0,62.58,1162853,1640098925.51145,0
425.8,2.65,0,0,62.18,1162872,1640098925.53165,0
425.8,2.65,0,0,61.85,1162893,1640098925.55337,0
425.8,2.65,0,0,61.6,1162912,1640098925.57291,0
425.8,2.65,0,0,61.41,1162933,1640098925.59449,0
425.8,2.65,0,0,61.25,1162952,1640098925.61474,0
425.8,2.65,0,0,61.1,1162973,1640098925.63574,0
425.8,2.65,0,0,60.93,1162993,1640098925.65169,0
425.8,2.65,0,0,60.76,1163013,1640098925.67272,0
425.8,2.65,0,0,60.58,1163033,1640098925.69284,0
425.8,2.65,0,0,60.36,1163053,1640098925.71327,0
425.8,2.65,0,0,60.13,1163073,1640098925.73345,0
425.8,2.65,0,0,59.86,1163092,1640098925.75471,0
425.8,2.65,0,0,59.56,1163113,1640098925.77652,0
425.8,2.65,0,0,59.21,1163132,1640098925.79554,0
425.8,2.65,0,0,58.81,1163153,1640098925.81575,0
425.8,2.65,0,0,58.4,1163172,1640098925.83169,0
425.8,2.65,0,0,57.91,1163193,1640098925.85233,0
425.8,2.65,0,0,57.36,1163212,1640098925.87392,0
425.8,2.65,0,0,56.78,1163233,1640098925.89339,0
425.8,2.65,0,0,56.18,1163252,1640098925.91365,0
425.8,2.65,0,0,55.56,1163273,1640098925.93445,0
425.8,2.65,0,0,54.95,1163293,1640098925.95497,0
425.8,2.65,0,0,54.35,1163313,1640098925.97576,0
425.8,2.65,0,0,53.8,1163333,1640098925.9961,0
425.8,2.65,0,0,53.27,1163353,1640098926.01218,0
425.8,2.65,0,0,52.78,1163373,1640098926.03401,0
425.8,2.65,0,0,52.32,1163393,1640098926.05439,0
425.8,2.65,0,0,51.9,1163413,1640098926.07292,0
425.8,2.65,0,0,51.52,1163432,1640098926.09358,0
425.8,2.65,0,0,51.2,1163453,1640098926.1134,0
425.8,2.65,0,0,50.95,1163472,1640098926.13367,0
425.8,2.65,0,0,50.75,1163493,1640098926.16054,0
425.8,2.65,0,0,50.57,1163512,1640098926.17978,0
425.8,2.65,0,0,50.38,1163533,1640098926.19598,0
425.8,2.65,0,0,50.23,1163552,1640098926.21224,0
425.8,2.65,0,0,50.08,1163573,1640098926.23367,0
425.8,2.65,0,0,49.95,1163592,1640098926.25302,0
425.8,2.65,0,0,49.82,1163613,1640098926.27396,0
425.8,2.65,0,0,49.67,1163633,1640098926.29401,0
425.8,2.65,0,0,49.48,1163653,1640098926.3154,0
425.8,2.65,0,0,49.27,1163673,1640098926.33502,0
425.8,2.65,0,0,49,1163693,1640098926.35656,0
425.8,2.65,0,0,48.68,1163713,1640098926.37596,0
425.8,2.65,0,0,48.33,1163732,1640098926.39295,0
425.8,2.65,0,0,47.98,1163753,1640098926.41314,0
425.8,2.65,0,0,47.65,1163772,1640098926.43338,0
425.8,2.65,0,0,47.33,1163793,1640098926.45459,0
425.8,2.65,0,0,47,1163812,1640098926.47502,0
425.8,2.65,0,0,46.65,1163833,1640098926.49527,0
425.8,2.65,0,0,46.28,1163852,1640098926.51532,0
425.8,2.65,0,0,45.9,1163873,1640098926.53641,0
425.8,2.65,0,0,45.53,1163892,1640098926.56402,0
425.8,2.65,0,0,45.2,1163913,1640098926.57682,0
425.8,2.65,0,0,44.88,1163932,1640098926.59604,0
425.8,2.65,0,0,44.62,1163953,1640098926.61392,0
425.8,2.65,0,0,44.35,1163973,1640098926.63414,0
425.8,2.65,0,0,44.1,1163993,1640098926.65463,0
425.8,2.65,0,0,43.87,1164013,1640098926.67485,0
425.8,2.65,0,0,43.63,1164033,1640098926.69544,0
425.8,2.65,0,0,43.38,1164053,1640098926.7154,0
425.8,2.65,0,0,43.13,1164072,1640098926.73698,0
425.8,2.65,0,0,42.88,1164093,1640098926.75291,0
425.8,2.65,0,0,42.62,1164112,1640098926.77306,0
425.8,2.65,0,0,42.33,1164133,1640098926.79367,0
425.8,2.65,0,0,42.03,1164152,1640098926.81393,0
425.8,2.65,0,0,41.72,1164173,1640098926.83499,0
425.8,2.65,0,0,41.38,1164192,1640098926.85532,0
425.8,2.65,0,0,41.05,1164213,1640098926.87607,0
425.8,2.65,0,0,40.68,1164232,1640098926.89754,0
425.8,2.65,0,0,40.3,1164253,1640098926.91663,0
425.8,2.65,0,0,39.85,1164273,1640098926.93247,0
425.8,2.65,0,0,39.38,1164293,1640098926.95377,0
425.8,2.65,0,0,38.9,1164313,1640098926.97311,0
425.8,2.65,0,0,38.38,1164333,1640098926.99415,0
425.8,2.65,0,0,37.85,1164353,1640098927.01519,0
425.8,2.65,0,0,37.32,1164372,1640098927.03467,0
425.8,2.65,0,0,36.77,1164393,1640098927.05545,0
425.8,2.65,0,0,36.22,1164412,1640098927.07567,0
425.8,2.65,0,0,35.65,1164433,1640098927.10694,0
425.8,2.65,0,0,35.08,1164452,1640098927.11647,0
425.8,2.65,0,0,34.5,1164473,1640098927.13365,0
425.8,2.65,0,0,33.88,1164492,1640098927.15477,0
425.8,2.65,0,0,33.23,1164513,1640098927.17514,0
425.8,2.65,0,0,32.58,1164532,1640098927.19587,0
425.8,2.65,0,0,31.95,1164553,1640098927.21644,0
425.8,2.65,0,0,31.32,1164573,1640098927.23688,0
425.8,2.65,0,0,30.68,1164593,1640098927.25739,0
425.8,2.65,0,0,30.07,1164613,1640098927.27751,0
425.8,2.65,0,0,29.47,1164633,1640098927.29449,0
425.8,2.65,0,0,28.87,1164653,1640098927.31424,0
425.8,2.65,0,0,28.3,1164673,1640098927.33461,0
425.8,2.65,0,0,27.72,1164693,1640098927.35508,0
425.8,2.65,0,0,27.12,1164712,1640098927.37971,0
425.8,2.65,0,0,26.48,1164733,1640098927.39723,0
425.8,2.65,0,0,25.83,1164752,1640098927.41897,0
425.8,2.65,0,0,25.17,1164773,1640098927.43698,0
425.8,2.65,0,0,24.48,1164792,1640098927.45754,0
425.8,2.65,0,0,23.82,1164813,1640098927.47347,0
425.8,2.65,0,0,23.17,1164832,1640098927.49448,0
425.8,2.65,0,0,22.57,1164853,1640098927.51475,0
425.8,2.65,0,0,21.98,1164873,1640098927.53526,0
425.8,2.65,0,0,21.45,1164893,1640098927.55645,0
425.8,2.65,0,0,20.93,1164913,1640098927.57593,0
425.8,2.65,0,0,20.43,1164933,1640098927.59753,0
425.8,2.65,0,0,19.98,1164953,1640098927.61779,0
425.8,2.65,0,0,19.57,1164973,1640098927.63793,0
425.8,2.65,0,0,19.17,1164993,1640098927.65464,0
425.8,2.65,0,0,18.75,1165012,1640098927.67523,0
425.8,2.65,0,0,18.37,1165033,1640098927.6959,0
425.8,2.65,0,0,17.95,1165052,1640098927.71613,0
425.8,2.65,0,0,17.5,1165073,1640098927.73731,0
425.8,2.65,0,0,17,1165092,1640098927.75659,0
425.8,2.65,0,0,16.45,1165113,1640098927.78061,0
425.8,2.65,0,0,15.83,1165132,1640098927.79739,0
425.8,2.65,0,0,15.13,1165153,1640098927.81711,0
425.8,2.65,0,0,14.47,1165172,1640098927.8343,0
425.8,2.65,0,0,13.82,1165193,1640098927.85464,0
425.8,2.65,0,0,13.23,1165213,1640098927.87457,0
425.8,2.65,0,0,12.7,1165233,1640098927.89567,0
425.8,2.65,0,0,12.3,1165253,1640098927.91693,0
425.8,2.65,0,0,12.05,1165273,1640098927.93713,0
425.8,2.65,0,0,11.93,1165293,1640098927.95751,0
425.8,2.65,0,0,11.87,1165313,1640098927.97762,0
425.8,2.65,0,0,11.83,1165333,1640098927.99781,0
425.8,2.65,0,0,11.8,1165352,1640098928.01436,0
425.8,2.65,0,0,11.75,1165373,1640098928.04435,0
425.8,2.65,0,0,11.67,1165392,1640098928.05709,0
425.8,2.65,0,0,11.57,1165413,1640098928.07632,0
425.8,2.65,0,0,11.42,1165432,1640098928.10202,0
425.8,2.65,0,0,11.23,1165453,1640098928.1226,0
425.8,2.65,0,0,11.02,1165472,1640098928.13707,0
425.8,2.65,0,0,10.77,1165493,1640098928.1626,0
425.8,2.65,0,0,10.5,1165513,1640098928.18319,0
425.8,2.65,0,0,10.23,1165533,1640098928.19478,0
425.8,2.65,0,0,9.97,1165552,1640098928.21543,0
425.8,2.65,0,0,9.72,1165573,1640098928.23535,0
425.8,2.65,0,0,9.45,1165592,1640098928.26425,0
425.8,2.65,0,0,9.18,1165613,1640098928.28224,0
425.8,2.65,0,0,8.87,1165633,1640098928.29761,0
425.8,2.65,0,0,8.53,1165652,1640098928.31803,0
425.8,2.65,0,0,8.18,1165673,1640098928.33789,0
425.8,2.65,0,0,7.8,1165692,1640098928.35826,0
425.8,2.65,0,0,7.4,1165713,1640098928.37453,0
425.8,2.65,0,0,7,1165732,1640098928.39451,0
425.8,2.65,0,0,6.6,1165753,1640098928.41514,0
425.8,2.65,0,0,6.25,1165772,1640098928.43643,0
425.8,2.65,0,0,5.97,1165793,1640098928.45702,0
425.8,2.65,0,0,5.77,1165812,1640098928.47749,0
425.8,2.65,0,0,5.62,1165833,1640098928.49733,0
425.8,2.65,0,0,5.5,1165852,1640098928.51847,0
425.8,2.65,0,0,5.4,1165873,1640098928.53902,0
425.8,2.65,0,0,5.3,1165892,1640098928.55492,0
425.8,2.65,0,0,5.2,1165913,1640098928.57657,0
425.8,2.65,0,0,5.1,1165933,1640098928.5964,0
425.8,2.65,0,0,4.98,1165953,1640098928.62229,0
425.8,2.65,0,0,4.82,1165973,1640098928.6377,0
425.8,2.65,0,0,4.62,1165992,1640098928.65711,0
425.8,2.65,0,0,4.42,1166013,1640098928.67736,0
425.8,2.65,0,0,4.17,1166032,1640098928.69868,0
425.8,2.65,0,0,3.95,1166053,1640098928.71876,0
425.8,2.65,0,0,3.73,1166072,1640098928.74592,0
425.8,2.65,0,0,3.53,1166093,1640098928.76008,0
425.8,2.65,0,0,3.33,1166112,1640098928.78667,0
425.8,2.65,0,0,3.15,1166133,1640098928.79681,0
425.8,2.65,0,0,2.98,1166152,1640098928.81773,0
425.8,2.65,0,0,2.78,1166173,1640098928.83822,0
425.8,2.65,0,0,2.57,1166192,1640098928.85842,0
425.8,2.65,0,0,2.33,1166213,1640098928.87874,0
425.8,2.65,0,0,2.12,1166232,1640098928.89894,0
425.8,2.65,0,0,1.9,1166253,1640098928.91557,0
425.8,2.65,0,0,1.68,1166272,1640098928.93607,0
425.8,2.65,0,0,1.47,1166292,1640098928.95647,0
425.8,2.65,0,0,1.23,1166313,1640098928.98196,0
425.8,2.65,0,0,1,1166332,1640098928.99763,0
425.8,2.65,0,0,0.78,1166353,1640098929.01744,0
425.8,2.65,0,0,0.62,1166372,1640098929.03867,0
425.8,2.65,0,0,0.45,1166393,1640098929.05878,0
425.8,2.65,0,0,0.32,1166412,1640098929.07918,0
425.8,2.65,0,0,0.18,1166433,1640098929.09611,0
425.8,2.65,0,0,0.05,1166452,1640098929.12477,0
425.8,2.65,0,0,-0.07,1166473,1640098929.13753,0
425.8,2.65,0,0,-0.2,1166492,1640098929.15767,0
425.8,2.65,0,0,-0.32,1166513,1640098929.17755,0
425.8,2.65,0,0,-0.45,1166532,1640098929.19788,0
425.8,2.65,0,0,-0.58,1166553,1640098929.21854,0
425.8,2.65,0,0,-0.7,1166573,1640098929.23894,0
425.8,2.65,0,0,-0.82,1166593,1640098929.25932,0
425.8,2.65,0,0,-0.93,1166612,1640098929.27603,0
425.8,2.65,0,0,-1.05,1166632,1640098929.29635,0
425.8,2.65,0,0,-1.17,1166652,1640098929.31765,0
425.8,2.65,0,0,-1.28,1166672,1640098929.33819,0
425.8,2.65,0,0,-1.37,1166693,1640098929.35749,0
425.8,2.65,0,0,-1.47,1166712,1640098929.37887,0
425.8,2.65,0,0,-1.57,1166733,1640098929.39907,0
425.8,2.65,0,0,-1.67,1166752,1640098929.41914,0
425.8,2.65,0,0,-1.77,1166773,1640098929.43969,0
425.8,2.65,0,0,-1.87,1166792,1640098929.46037,0
425.8,2.65,0,0,-1.95,1166813,1640098929.47702,0
425.8,2.65,0,0,-2.05,1166832,1640098929.49705,0
425.8,2.65,0,0,-2.15,1166853,1640098929.51834,0
425.8,2.65,0,0,-2.23,1166873,1640098929.53864,0
425.8,2.65,0,0,-2.32,1166893,1640098929.55891,0
425.8,2.65,0,0,-2.4,1166912,1640098929.57916,0
425.8,2.65,0,0,-2.48,1166932,1640098929.59961,0
425.8,2.65,0,0,-2.57,1166953,1640098929.62446,0
425.8,2.65,0,0,-2.65,1166972,1640098929.64157,0
425.8,2.65,0,0,-2.73,1166993,1640098929.65712,0
425.8,2.65,0,0,-2.8,1167012,1640098929.67764,0
425.8,2.65,0,0,-2.88,1167033,1640098929.6977,0
425.8,2.65,0,0,-2.97,1167052,1640098929.71808,0
425.8,2.65,0,0,-3.05,1167073,1640098929.7384,0
425.8,2.65,0,0,-3.12,1167092,1640098929.75933,0
425.8,2.65,0,0,-3.17,1167113,1640098929.7794,0
425.8,2.65,0,0,-3.22,1167133,1640098929.80216,0
425.8,2.65,0,0,-3.25,1167153,1640098929.82113,0
425.8,2.65,0,0,-3.3,1167173,1640098929.83722,0
425.8,2.65,0,0,-3.32,1167193,1640098929.85712,0
425.8,2.65,0,0,-3.35,1167213,1640098929.87826,0
425.8,2.65,0,0,-3.38,1167233,1640098929.89844,0
425.8,2.65,0,0,-3.42,1167253,1640098929.91915,0
425.8,2.65,0,0,-3.45,1167272,1640098929.93955,0
425.8,2.65,0,0,-3.5,1167293,1640098929.96007,0
425.8,2.65,0,0,-3.55,1167312,1640098929.98063,0
425.8,2.65,0,0,-3.6,1167333,1640098929.9976,0
425.8,2.65,0,0,-3.62,1167352,1640098930.01708,0
425.8,2.65,0,0,-3.65,1167373,1640098930.03738,0
425.8,2.65,0,0,-3.67,1167392,1640098930.05902,0
425.8,2.65,0,0,-3.67,1167413,1640098930.07962,0
425.8,2.65,0,0,-3.7,1167432,1640098930.10198,0
425.8,2.65,0,0,-3.72,1167453,1640098930.12155,0
425.8,2.65,0,0,-3.73,1167472,1640098930.14462,0
425.8,2.65,0,0,-3.73,1167493,1640098930.16142,0
425.8,2.65,0,0,-3.75,1167513,1640098930.18108,0
425.8,2.65,0,0,-3.77,1167533,1640098930.19769,0
425.8,2.65,0,0,-3.78,1167552,1640098930.2183,0
425.8,2.65,0,0,-3.78,1167572,1640098930.23854,0
425.8,2.65,0,0,-3.8,1167592,1640098930.25873,0
425.8,2.65,0,0,-3.8,1167612,1640098930.27912,0
425.8,2.65,0,0,-3.82,1167633,1640098930.29913,0
425.8,2.65,0,0,-3.82,1167652,1640098930.32054,0
425.8,2.65,0,0,-3.82,1167673,1640098930.34113,0
425.8,2.65,0,0,-3.82,1167693,1640098930.36183,0
425.8,2.65,0,0,-3.83,1167713,1640098930.37875,0
425.8,2.65,0,0,-3.83,1167732,1640098930.39859,0
425.8,2.65,0,0,-3.83,1167753,1640098930.41961,0
425.8,2.65,0,0,-3.83,1167772,1640098930.44002,0
425.8,2.65,0,0,-3.83,1167793,1640098930.46062,0
425.8,2.65,0,0,-3.85,1167812,1640098930.48073,0
425.8,2.65,0,0,-3.87,1167833,1640098930.50179,0
425.8,2.65,0,0,-3.87,1167852,1640098930.52179,0
425.8,2.65,0,0,-3.87,1167873,1640098930.54228,0
425.8,2.65,0,0,-3.88,1167893,1640098930.5624,0
425.8,2.65,0,0,-3.88,1167912,1640098930.5783,0
425.8,2.65,0,0,-3.9,1167932,1640098930.5992,0
425.8,2.65,0,0,-3.9,1167952,1640098930.62031,0
425.8,2.65,0,0,-3.9,1167973,1640098930.64023,0
425.8,2.65,0,0,-3.92,1167992,1640098930.66075,0
425.8,2.65,0,0,-3.92,1168013,1640098930.68137,0
425.8,2.65,0,0,-3.93,1168032,1640098930.70237,0
425.8,2.65,0,0,-3.93,1168053,1640098930.72258,0
425.8,2.65,0,0,-3.93,1168072,1640098930.73837,0
425.8,2.65,0,0,-3.95,1168093,1640098930.75867,0
425.8,2.65,0,0,-3.95,1168113,1640098930.77924,0
425.8,2.65,0,0,-3.95,1168133,1640098930.79983,0
425.8,2.65,0,0,-3.95,1168153,1640098930.82118,0
425.8,2.65,0,0,-3.95,1168173,1640098930.84178,0
425.8,2.65,0,0,-3.95,1168193,1640098930.86753,0
425.8,2.65,0,0,-3.97,1168212,1640098930.88549,0
425.8,2.65,0,0,-3.97,1168233,1640098930.90321,0
425.8,2.65,0,0,-3.97,1168252,1640098930.91931,0
425.8,2.65,0,0,-3.97,1168273,1640098930.93935,0
425.8,2.65,0,0,-3.97,1168292,1640098930.95921,0
425.8,2.65,0,0,-3.98,1168313,1640098930.98002,0
425.8,2.65,0,0,-3.98,1168332,1640098931.00257,0
425.8,2.65,0,0,-3.98,1168353,1640098931.02184,0
425.8,2.65,0,0,-3.98,1168372,1640098931.04204,0
425.8,2.65,0,0,-4,1168393,1640098931.06264,0
425.8,2.65,0,0,-4,1168412,1640098931.08278,0
425.8,2.65,0,0,-4,1168433,1640098931.09922,0
425.8,2.65,0,0,-4,1168452,1640098931.11996,0
425.8,2.65,0,0,-4,1168473,1640098931.14038,0
425.8,2.65,0,0,-4,1168492,1640098931.16096,0
425.8,2.65,0,0,-4.02,1168513,1640098931.18125,0
425.8,2.65,0,0,-4.02,1168533,1640098931.20228,0
425.8,2.65,0,0,-4.02,1168552,1640098931.22149,0
425.8,2.65,0,0,-4.02,1168573,1640098931.24217,0
425.8,2.65,0,0,-4.02,1168592,1640098931.26284,0
425.8,2.65,0,0,-4.02,1168613,1640098931.28275,0
425.8,2.65,0,0,-4.02,1168632,1640098931.30013,0
425.8,2.65,0,0,-4.02,1168653,1640098931.32031,0
425.8,2.65,0,0,-4.02,1168672,1640098931.34166,0
425.8,2.65,0,0,-4.02,1168693,1640098931.36201,0
425.8,2.65,0,0,-4.02,1168713,1640098931.38246,0
425.8,2.65,0,0,-4.02,1168733,1640098931.40392,0
425.8,2.65,0,0,-4.03,1168752,1640098931.42262,0
425.8,2.65,0,0,-4.03,1168773,1640098931.4427,0
425.8,2.65,0,0,-4.03,1168792,1640098931.46812,0
425.8,2.65,0,0,-4.03,1168813,1640098931.481,0
425.8,2.65,0,0,-4.03,1168833,1640098931.50099,0
425.8,2.65,0,0,-4.03,1168852,1640098931.52072,0
425.8,2.65,0,0,-4.05,1168872,1640098931.54072,0
425.8,2.65,0,0,-4.05,1168892,1640098931.56126,0
425.8,2.65,0,0,-4.07,1168913,1640098931.58154,0
425.8,2.65,0,0,-4.08,1168932,1640098931.6018,0
425.8,2.65,0,0,-4.12,1168953,1640098931.62317,0
425.8,2.65,0,0,-4.13,1168972,1640098931.64342,0
425.8,2.65,0,0,-4.15,1168993,1640098931.65988,0
425.8,2.65,0,0,-4.17,1169012,1640098931.68248,0
425.8,2.65,0,0,-4.17,1169033,1640098931.70249,0
425.8,2.65,0,0,-4.18,1169052,1640098931.72226,0
425.8,2.65,0,0,-4.18,1169073,1640098931.74233,0
425.8,2.65,0,0,-4.18,1169092,1640098931.7625,0
425.8,2.65,0,0,-4.18,1169113,1640098931.78796,0
425.8,2.65,0,0,-4.18,1169132,1640098931.80514,0
425.8,2.65,0,0,-4.18,1169153,1640098931.82048,0
425.8,2.65,0,0,-4.18,1169172,1640098931.84326,0
425.8,2.65,0,0,-4.18,1169192,1640098931.86087,0
425.8,2.65,0,0,-4.18,1169212,1640098931.88174,0
425.8,2.65,0,0,-4.18,1169232,1640098931.90306,0
425.8,2.65,0,0,-4.18,1169253,1640098931.92243,0
425.8,2.65,0,0,-4.18,1169272,1640098931.94288,0
425.8,2.65,0,0,-4.2,1169293,1640098931.96346,0
425.8,2.65,0,0,-4.2,1169312,1640098931.98387,0
425.8,2.65,0,0,-4.2,1169333,1640098932.00426,0
425.8,2.65,0,0,-4.2,1169352,1640098932.02151,0
425.8,2.65,0,0,-4.2,1169373,1640098932.04195,0
425.8,2.65,0,0,-4.2,1169392,1640098932.06214,0
425.8,2.65,0,0,-4.2,1169413,1640098932.08185,0
425.8,2.65,0,0,-4.2,1169432,1640098932.10301,0
425.8,2.65,0,0,-4.2,1169453,1640098932.12315,0
425.8,2.65,0,0,-4.2,1169473,1640098932.1435,0
425.8,2.65,0,0,-4.2,1169492,1640098932.16423,0
425.8,2.65,0,0,-4.2,1169513,1640098932.18435,0
425.8,2.65,0,0,-4.2,1169532,1640098932.21127,0
425.8,2.65,0,0,-4.2,1169553,1640098932.22249,0
425.8,2.65,0,0,-4.2,1169572,1640098932.2414,0
425.8,2.65,0,0,-4.2,1169593,1640098932.2616,0
425.8,2.65,0,0,-4.2,1169612,1640098932.28266,0
425.8,2.65,0,0,-4.2,1169633,1640098932.30329,0
425.8,2.65,0,0,-4.2,1169652,1640098932.32321,0
425.8,2.65,0,0,-4.2,1169673,1640098932.34358,0
425.8,2.65,0,0,-4.2,1169692,1640098932.36423,0
425.8,2.65,0,0,-4.2,1169713,1640098932.38108,0
425.8,2.65,0,0,-4.2,1169732,1640098932.40124,0
425.8,2.65,0,0,-4.2,1169753,1640098932.42171,0
425.8,2.65,0,0,-4.2,1169772,1640098932.4425,0
425.8,2.65,0,0,-4.2,1169793,1640098932.46719,0
425.8,2.65,0,0,-4.2,1169813,1640098932.48345,0
425.8,2.65,0,0,-4.2,1169832,1640098932.50367,0
425.8,2.65,0,0,-4.2,1169852,1640098932.52368,0
425.8,2.65,0,0,-4.22,1169872,1640098932.5493,0
425.8,2.65,0,0,-4.22,1169893,1640098932.56562,0
425.8,2.65,0,0,-4.22,1169912,1640098932.58081,0
425.8,2.65,0,0,-4.22,1169933,1640098932.60178,0
425.8,2.65,0,0,-4.22,1169952,1640098932.62229,0
425.8,2.65,0,0,-4.22,1169973,1640098932.64273,0
425.8,2.65,0,0,-4.22,1169993,1640098932.66875,0
425.8,2.65,0,0,-4.22,1170013,1640098932.68449,0
425.8,2.65,0,0,-4.22,1170033,1640098932.70448,0
425.8,2.65,0,0,-4.23,1170053,1640098932.72497,0
425.8,2.65,0,0,-4.23,1170072,1640098932.74096,0
425.8,2.65,0,0,-4.23,1170093,1640098932.76187,0
425.8,2.65,0,0,-4.23,1170113,1640098932.78309,0
425.8,2.65,0,0,-4.23,1170132,1640098932.80379,0
425.8,2.65,0,0,-4.23,1170153,1640098932.82379,0
425.8,2.65,0,0,-4.23,1170172,1640098932.84458,0
425.8,2.65,0,0,-4.23,1170193,1640098932.86411,0
425.8,2.65,0,0,-4.23,1170212,1640098932.88455,0
425.8,2.65,0,0,-4.23,1170233,1640098932.91183,0
425.8,2.65,0,0,-4.23,1170252,1640098932.92087,0
425.8,2.65,0,0,-4.23,1170273,1640098932.94155,0
425.8,2.65,0,0,-4.23,1170292,1640098932.96162,0
425.8,2.65,0,0,-4.23,1170313,1640098932.9828,0
425.8,2.65,0,0,-4.23,1170332,1640098933.0032,0
425.8,2.65,0,0,-4.23,1170353,1640098933.02346,0
425.8,2.65,0,0,-4.23,1170372,1640098933.04387,0
425.8,2.65,0,0,-4.23,1170393,1640098933.06433,0
425.8,2.65,0,0,-4.23,1170412,1640098933.08491,0
425.8,2.65,0,0,-4.23,1170433,1640098933.10193,0
425.8,2.65,0,0,-4.23,1170453,1640098933.12331,0
425.8,2.65,0,0,-4.23,1170472,1640098933.143,0
425.8,2.65,0,0,-4.23,1170493,1640098933.1648,0
425.8,2.65,0,0,-4.23,1170512,1640098933.18523,0
425.8,2.65,0,0,-4.23,1170533,1640098933.20856,0
425.8,2.65,0,0,-4.25,1170552,1640098933.22489,0
425.8,2.65,0,0,-4.25,1170573,1640098933.24489,0
425.8,2.65,0,0,-4.25,1170592,1640098933.26493,0
425.8,2.65,0,0,-4.25,1170613,1640098933.2816,0
425.8,2.65,0,0,-4.27,1170632,1640098933.30334,0
425.8,2.65,0,0,-4.27,1170653,1640098933.33381,0
425.8,2.65,0,0,-4.27,1170672,1640098933.34565,0
425.8,2.65,0,0,-4.27,1170693,1640098933.36454,0
425.8,2.65,0,0,-4.28,1170713,1640098933.3838,0
425.8,2.65,0,0,-4.3,1170733,1640098933.40969,0
425.8,2.65,0,0,-4.32,1170752,1640098933.42557,0
425.8,2.65,0,0,-4.37,1170772,1640098933.44538,0
425.8,2.65,0,0,-4.4,1170793,1640098933.46216,0
425.8,2.65,0,0,-4.47,1170812,1640098933.48173,0
425.8,2.65,0,0,-4.55,1170833,1640098933.50368,0
425.8,2.65,0,0,-4.63,1170852,1640098933.5235,0
425.8,2.65,0,0,-4.75,1170873,1640098933.54393,0
425.8,2.65,0,0,-4.85,1170892,1640098933.56439,0
425.8,2.65,0,0,-4.95,1170913,1640098933.58458,0
425.8,2.65,0,0,-5.03,1170932,1640098933.60511,0
425.8,2.65,0,0,-5.1,1170953,1640098933.62532,0
425.8,2.65,0,0,-5.18,1170972,1640098933.64607,0
425.8,2.65,0,0,-5.25,1170993,1640098933.66295,0
425.8,2.65,0,0,-5.32,1171012,1640098933.68307,0
425.8,2.65,0,0,-5.38,1171033,1640098933.70401,0
425.8,2.65,0,0,-5.47,1171052,1640098933.72358,0
425.8,2.65,0,0,-5.57,1171073,1640098933.74472,0
425.8,2.65,0,0,-5.65,1171093,1640098933.76471,0
425.8,2.65,0,0,-5.75,1171112,1640098933.78626,0
425.8,2.65,0,0,-5.83,1171133,1640098933.80622,0
425.8,2.65,0,0,-5.92,1171152,1640098933.82636,0
425.8,2.65,0,0,-6.02,1171173,1640098933.84339,0
425.8,2.65,0,0,-6.1,1171192,1640098933.86382,0
425.8,2.65,0,0,-6.18,1171213,1640098933.88421,0
425.8,2.65,0,0,-6.27,1171232,1640098933.9054,0
425.8,2.65,0,0,-6.35,1171253,1640098933.92547,0
425.8,2.65,0,0,-6.45,1171272,1640098933.94987,0
425.8,2.65,0,0,-6.53,1171293,1640098933.96677,0
425.8,2.65,0,0,-6.62,1171312,1640098933.9864,0
425.8,2.65,0,0,-6.7,1171333,1640098934.00638,0
425.8,2.65,0,0,-6.8,1171352,1640098934.02227,0
425.8,2.65,0,0,-6.9,1171373,1640098934.04281,0
425.8,2.65,0,0,-6.98,1171393,1640098934.06425,0
425.8,2.65,0,0,-7.07,1171412,1640098934.08581,0
425.8,2.65,0,0,-7.17,1171433,1640098934.10654,0
425.8,2.65,0,0,-7.25,1171452,1640098934.12621,0
425.8,2.65,0,0,-7.35,1171473,1640098934.1459,0
425.8,2.65,0,0,-7.47,1171492,1640098934.16603,0
425.8,2.65,0,0,-7.57,1171513,1640098934.18629,0
425.8,2.65,0,0,-7.67,1171532,1640098934.20421,0
425.8,2.65,0,0,-7.77,1171553,1640098934.22378,0
425.8,2.65,0,0,-7.88,1171572,1640098934.24422,0
425.8,2.65,0,0,-8,1171593,1640098934.26456,0
425.8,2.65,0,0,-8.12,1171612,1640098934.28528,0
425.8,2.65,0,0,-8.22,1171633,1640098934.30564,0
425.8,2.65,0,0,-8.32,1171652,1640098934.3269,0
425.8,2.65,0,0,-8.4,1171673,1640098934.34736,0
425.8,2.65,0,0,-8.48,1171693,1640098934.36795,0
425.8,2.65,0,0,-8.57,1171713,1640098934.3835,0
425.8,2.65,0,0,-8.63,1171733,1640098934.4048,0
425.8,2.65,0,0,-8.72,1171752,1640098934.42519,0
425.8,2.65,0,0,-8.8,1171772,1640098934.44569,0
425.8,2.65,0,0,-8.9,1171792,1640098934.46614,0
425.8,2.65,0,0,-8.98,1171813,1640098934.48768,0
425.8,2.65,0,0,-9.08,1171832,1640098934.50647,0
425.8,2.65,0,0,-9.17,1171853,1640098934.52701,0
425.8,2.65,0,0,-9.27,1171872,1640098934.5477,0
425.8,2.65,0,0,-9.37,1171893,1640098934.56398,0
425.8,2.65,0,0,-9.45,1171912,1640098934.58508,0
425.8,2.65,0,0,-9.53,1171933,1640098934.6052,0
425.8,2.65,0,0,-9.62,1171952,1640098934.6255,0
425.8,2.65,0,0,-9.68,1171973,1640098934.64594,0
425.8,2.65,0,0,-9.73,1171992,1640098934.66616,0
425.8,2.65,0,0,-9.8,1172013,1640098934.68713,0
425.8,2.65,0,0,-9.87,1172032,1640098934.70683,0
425.8,2.65,0,0,-9.93,1172052,1640098934.72732,0
425.8,2.65,0,0,-10,1172073,1640098934.74438,0
425.8,2.65,0,0,-10.07,1172092,1640098934.7651,0
425.8,2.65,0,0,-10.15,1172113,1640098934.78632,0
425.8,2.65,0,0,-10.22,1172132,1640098934.80536,0
425.8,2.65,0,0,-10.3,1172153,1640098934.82658,0
425.8,2.65,0,0,-10.4,1172172,1640098934.84696,0
425.8,2.65,0,0,-10.48,1172193,1640098934.86738,0
425.8,2.65,0,0,-10.57,1172212,1640098934.88798,0
425.8,2.65,0,0,-10.65,1172233,1640098934.90743,0
425.8,2.65,0,0,-10.73,1172252,1640098934.92894,0
425.8,2.65,0,0,-10.83,1172273,1640098934.94509,0
425.8,2.65,0,0,-10.93,1172293,1640098934.96558,0
425.8,2.65,0,0,-11.02,1172313,1640098934.98624,0
425.8,2.65,0,0,-11.1,1172333,1640098935.00602,0
425.8,2.65,0,0,-11.17,1172353,1640098935.02629,0
425.8,2.65,0,0,-11.23,1172373,1640098935.0476,0
425.8,2.65,0,0,-11.32,1172392,1640098935.06806,0
425.8,2.65,0,0,-11.38,1172413,1640098935.08794,0
425.8,2.65,0,0,-11.47,1172432,1640098935.10473,0
425.8,2.65,0,0,-11.55,1172453,1640098935.12479,0
425.8,2.65,0,0,-11.63,1172472,1640098935.14551,0
425.8,2.65,0,0,-11.7,1172493,1640098935.16627,0
425.8,2.65,0,0,-11.78,1172512,1640098935.18754,0
425.8,2.65,0,0,-11.88,1172533,1640098935.20737,0
425.8,2.65,0,0,-11.97,1172552,1640098935.22777,0
425.8,2.65,0,0,-12.05,1172573,1640098935.2482,0
425.8,2.65,0,0,-12.13,1172592,1640098935.26849,0
425.8,2.65,0,0,-12.22,1172613,1640098935.28878,0
425.8,2.65,0,0,-12.3,1172633,1640098935.30585,0
425.8,2.65,0,0,-12.38,1172653,1640098935.32625,0
425.8,2.65,0,0,-12.45,1172673,1640098935.34673,0
425.8,2.65,0,0,-12.52,1172692,1640098935.36706,0
425.8,2.65,0,0,-12.6,1172713,1640098935.38782,0
425.8,2.65,0,0,-12.67,1172732,1640098935.4078,0
425.8,2.65,0,0,-12.73,1172753,1640098935.42832,0
425.8,2.65,0,0,-12.8,1172772,1640098935.44849,0
425.8,2.65,0,0,-12.87,1172793,1640098935.46914,0
425.8,2.65,0,0,-12.93,1172812,1640098935.48688,0
425.8,2.65,0,0,-13.02,1172833,1640098935.50621,0
425.8,2.65,0,0,-13.1,1172853,1640098935.52656,0
425.8,2.65,0,0,-13.18,1172873,1640098935.54686,0
425.8,2.65,0,0,-13.27,1172893,1640098935.56722,0
425.8,2.65,0,0,-13.37,1172913,1640098935.58853,0
425.8,2.65,0,0,-13.47,1172933,1640098935.60816,0
425.8,2.65,0,0,-13.57,1172953,1640098935.62951,0
425.8,2.65,0,0,-13.67,1172973,1640098935.64893,0
425.8,2.65,0,0,-13.77,1172993,1640098935.66602,0
425.8,2.65,0,0,-13.85,1173013,1640098935.68742,0
425.8,2.65,0,0,-13.93,1173032,1640098935.70675,0
425.8,2.65,0,0,-14.02,1173053,1640098935.72714,0
425.8,2.65,0,0,-14.08,1173072,1640098935.74767,0
425.8,2.65,0,0,-14.15,1173093,1640098935.76783,0
425.8,2.65,0,0,-14.22,1173112,1640098935.78896,0
425.8,2.65,0,0,-14.3,1173133,1640098935.80919,0
425.8,2.65,0,0,-14.37,1173152,1640098935.8293,0
425.8,2.65,0,0,-14.43,1173173,1640098935.84596,0
425.8,2.65,0,0,-14.52,1173192,1640098935.86617,0
425.8,2.65,0,0,-14.6,1173213,1640098935.88779,0
425.8,2.65,0,0,-14.68,1173233,1640098935.90702,0
425.8,2.65,0,0,-14.77,1173253,1640098935.92849,0
425.8,2.65,0,0,-14.85,1173273,1640098935.94787,0
425.8,2.65,0,0,-14.93,1173293,1640098935.96935,0
425.8,2.65,0,0,-15.02,1173313,1640098935.98958,0
425.8,2.65,0,0,-15.1,1173332,1640098936.01014,0
425.8,2.65,0,0,-15.18,1173353,1640098936.0267,0
425.8,2.65,0,0,-15.25,1173372,1640098936.04717,0
425.8,2.65,0,0,-15.33,1173393,1640098936.06759,0
425.8,2.65,0,0,-15.38,1173412,1640098936.08865,0
425.8,2.65,0,0,-15.45,1173433,1640098936.10857,0
425.8,2.65,0,0,-15.52,1173452,1640098936.12901,0
425.8,2.65,0,0,-15.57,1173473,1640098936.1495,0
425.8,2.65,0,0,-15.63,1173492,1640098936.17069,0
425.8,2.65,0,0,-15.7,1173513,1640098936.18962,0
425.8,2.65,0,0,-15.77,1173533,1640098936.20626,0
425.8,2.65,0,0,-15.83,1173553,1640098936.22643,0
425.8,2.65,0,0,-15.88,1173573,1640098936.24762,0
425.8,2.65,0,0,-15.95,1173593,1640098936.26881,0
425.8,2.65,0,0,-16,1173613,1640098936.28858,0
425.8,2.65,0,0,-16.05,1173633,1640098936.30828,0
425.8,2.65,0,0,-16.1,1173653,1640098936.32947,0
425.8,2.65,0,0,-16.15,1173672,1640098936.34991,0
425.8,2.65,0,0,-16.2,1173693,1640098936.37152,0
425.8,2.65,0,0,-16.23,1173712,1640098936.38664,0
425.8,2.65,0,0,-16.28,1173733,1640098936.40752,0
425.8,2.65,0,0,-16.33,1173752,1640098936.42799,0
425.8,2.65,0,0,-16.38,1173773,1640098936.44822,0
425.8,2.65,0,0,-16.43,1173792,1640098936.46991,0
425.8,2.65,0,0,-16.48,1173813,1640098936.49404,0
425.8,2.65,0,0,-16.53,1173832,1640098936.50968,0
425.8,2.65,0,0,-16.6,1173853,1640098936.52987,0
425.8,2.65,0,0,-16.67,1173872,1640098936.54914,0
425.8,2.65,0,0,-16.73,1173893,1640098936.56571,0
425.8,2.65,0,0,-16.78,1173913,1640098936.58794,0
425.8,2.65,0,0,-16.85,1173933,1640098936.60761,0
425.8,2.65,0,0,-16.9,1173953,1640098936.62801,0
425.8,2.65,0,0,-16.95,1173972,1640098936.64959,0
425.8,2.65,0,0,-17.02,1173993,1640098936.6698,0
425.8,2.65,0,0,-17.08,1174012,1640098936.6898,0
425.8,2.65,0,0,-17.13,1174033,1640098936.70972,0
425.8,2.65,0,0,-17.2,1174052,1640098936.73135,0
425.8,2.65,0,0,-17.27,1174073,1640098936.7469,0
425.8,2.65,0,0,-17.33,1174092,1640098936.76787,0
425.8,2.65,0,0,-17.4,1174113,1640098936.78821,0
425.8,2.65,0,0,-17.48,1174132,1640098936.80854,0
425.8,2.65,0,0,-17.55,1174153,1640098936.82939,0
425.8,2.65,0,0,-17.62,1174173,1640098936.85016,0
425.8,2.65,0,0,-17.68,1174193,1640098936.87621,0
425.8,2.65,0,0,-17.72,1174212,1640098936.8905,0
425.8,2.65,0,0,-17.77,1174233,1640098936.91051,0
425.8,2.65,0,0,-17.8,1174253,1640098936.93673,0
425.8,2.65,0,0,-17.85,1174273,1640098936.94931,0
425.8,2.65,0,0,-17.9,1174293,1640098936.97038,0
425.8,2.65,0,0,-17.93,1174312,1640098936.99098,0
425.8,2.65,0,0,-17.98,1174333,1640098937.00859,0
425.8,2.65,0,0,-18.03,1174352,1640098937.02908,0
425.8,2.65,0,0,-18.07,1174373,1640098937.04911,0
425.8,2.65,0,0,-18.12,1174392,1640098937.071,0
425.8,2.65,0,0,-18.17,1174413,1640098937.09044,0
425.8,2.65,0,0,-18.23,1174432,1640098937.11155,0
425.8,2.65,0,0,-18.3,1174453,1640098937.12829,0
425.8,2.65,0,0,-18.37,1174473,1640098937.1489,0
425.8,2.65,0,0,-18.42,1174493,1640098937.16954,0
425.8,2.65,0,0,-18.48,1174513,1640098937.18887,0
425.8,2.65,0,0,-18.53,1174533,1640098937.21026,0
425.8,2.65,0,0,-18.58,1174553,1640098937.23085,0
425.8,2.65,0,0,-18.62,1174573,1640098937.25123,0
425.8,2.65,0,0,-18.65,1174593,1640098937.27162,0
425.8,2.65,0,0,-18.68,1174612,1640098937.2929,0
425.8,2.65,0,0,-18.72,1174633,1640098937.30773,0
425.8,2.65,0,0,-18.75,1174652,1640098937.33714,0
425.8,2.65,0,0,-18.78,1174673,1640098937.3516,0
425.8,2.65,0,0,-18.82,1174692,1640098937.36932,0
425.8,2.65,0,0,-18.85,1174713,1640098937.38969,0
425.8,2.65,0,0,-18.88,1174732,1640098937.41055,0
425.8,2.65,0,0,-18.92,1174753,1640098937.43102,0
425.8,2.65,0,0,-18.97,1174773,1640098937.45159,0
425.8,2.65,0,0,-19,1174793,1640098937.46779,0
425.8,2.65,0,0,-19.05,1174812,1640098937.49875,0
425.8,2.65,0,0,-19.1,1174833,1640098937.51197,0
425.8,2.65,0,0,-19.13,1174853,1640098937.52874,0
425.8,2.65,0,0,-19.18,1174873,1640098937.54909,0
425.8,2.65,0,0,-19.23,1174893,1640098937.57059,0
425.8,2.65,0,0,-19.28,1174913,1640098937.59119,0
425.8,2.65,0,0,-19.33,1174932,1640098937.61115,0
425.8,2.65,0,0,-19.38,1174952,1640098937.63156,0
425.8,2.65,0,0,-19.43,1174972,1640098937.65717,0
425.8,2.65,0,0,-19.48,1174992,1640098937.66986,0
425.8,2.65,0,0,-19.53,1175012,1640098937.68982,0
425.8,2.65,0,0,-19.57,1175032,1640098937.71019,0
425.8,2.65,0,0,-19.62,1175053,1640098937.73074,0
425.8,2.65,0,0,-19.65,1175072,1640098937.75128,0
425.8,2.65,0,0,-19.7,1175093,1640098937.77119,0
425.8,2.65,0,0,-19.73,1175112,1640098937.79163,0
425.8,2.65,0,0,-19.78,1175133,1640098937.81196,0
425.8,2.65,0,0,-19.83,1175153,1640098937.84203,0
425.8,2.65,0,0,-19.88,1175173,1640098937.85322,0
425.8,2.65,0,0,-19.93,1175193,1640098937.87167,0
425.8,2.65,0,0,-20,1175213,1640098937.8891,0
425.8,2.65,0,0,-20.07,1175233,1640098937.91038,0
425.8,2.65,0,0,-20.12,1175252,1640098937.93081,0
425.8,2.65,0,0,-20.18,1175273,1640098937.95086,0
425.8,2.65,0,0,-20.23,1175292,1640098937.97122,0
425.8,2.65,0,0,-20.28,1175313,1640098937.99173,0
425.8,2.65,0,0,-20.33,1175332,1640098938.01217,0
425.8,2.65,0,0,-20.37,1175353,1640098938.03825,0
425.8,2.65,0,0,-20.42,1175373,1640098938.05039,0
425.8,2.65,0,0,-20.47,1175393,1640098938.07112,0
425.8,2.65,0,0,-20.5,1175412,1640098938.09058,0
425.8,2.65,0,0,-20.55,1175433,1640098938.11108,0
425.8,2.65,0,0,-20.6,1175452,1640098938.13141,0
425.8,2.65,0,0,-20.65,1175473,1640098938.15136,0
425.8,2.65,0,0,-20.7,1175493,1640098938.17709,0
425.8,2.65,0,0,-20.75,1175513,1640098938.19308,0
425.8,2.65,0,0,-20.8,1175533,1640098938.20931,0
425.8,2.65,0,0,-20.87,1175553,1640098938.22921,0
425.8,2.65,0,0,-20.92,1175573,1640098938.24935,0
425.8,2.65,0,0,-20.98,1175592,1640098938.27085,0
425.8,2.65,0,0,-21.05,1175613,1640098938.29082,0
425.8,2.65,0,0,-21.13,1175632,1640098938.31083,0
425.8,2.65,0,0,-21.2,1175653,1640098938.33215,0
425.8,2.65,0,0,-21.27,1175672,1640098938.35249,0
425.8,2.65,0,0,-21.33,1175693,1640098938.37374,0
425.8,2.65,0,0,-21.4,1175712,1640098938.39039,0
425.8,2.65,0,0,-21.48,1175733,1640098938.41086,0
425.8,2.65,0,0,-21.55,1175753,1640098938.4313,0
425.8,2.65,0,0,-21.63,1175773,1640098938.45213,0
425.8,2.65,0,0,-21.72,1175793,1640098938.47246,0
425.8,2.65,0,0,-21.78,1175813,1640098938.4926,0
425.8,2.65,0,0,-21.87,1175833,1640098938.51255,0
425.8,2.65,0,0,-21.95,1175853,1640098938.53272,0
425.8,2.65,0,0,-22.07,1175873,1640098938.55338,0
425.8,2.65,0,0,-22.17,1175892,1640098938.57041,0
425.8,2.65,0,0,-22.27,1175913,1640098938.59069,0
425.8,2.65,0,0,-22.38,1175932,1640098938.61115,0
425.8,2.65,0,0,-22.48,1175953,1640098938.63153,0
425.8,2.65,0,0,-22.58,1175972,1640098938.65185,0
425.8,2.65,0,0,-22.67,1175993,1640098938.67234,0
425.8,2.65,0,0,-22.75,1176013,1640098938.6923,0
425.8,2.65,0,0,-22.83,1176033,1640098938.7126,0
425.8,2.65,0,0,-22.92,1176052,1640098938.734,0
425.8,2.65,0,0,-22.98,1176073,1640098938.75007,0
425.8,2.65,0,0,-23.07,1176092,1640098938.77033,0
425.8,2.65,0,0,-23.13,1176113,1640098938.79159,0
425.8,2.65,0,0,-23.2,1176133,1640098938.81178,0
425.8,2.65,0,0,-23.28,1176153,1640098938.83209,0
425.8,2.65,0,0,-23.35,1176173,1640098938.8571,0
425.8,2.65,0,0,-23.4,1176193,1640098938.87292,0
425.8,2.65,0,0,-23.47,1176213,1640098938.89558,0
425.8,2.65,0,0,-23.52,1176232,1640098938.91537,0
425.8,2.65,0,0,-23.58,1176253,1640098938.9294,0
425.8,2.65,0,0,-23.63,1176272,1640098938.94953,0
425.8,2.65,0,0,-23.7,1176293,1640098938.97077,0
425.8,2.65,0,0,-23.77,1176312,1640098938.99065,0
425.8,2.65,0,0,-23.83,1176333,1640098939.01099,0
425.8,2.65,0,0,-23.9,1176352,1640098939.03159,0
425.8,2.65,0,0,-23.98,1176373,1640098939.05264,0
425.8,2.65,0,0,-24.07,1176392,1640098939.07408,0
425.8,2.65,0,0,-24.13,1176413,1640098939.0942,0
425.8,2.65,0,0,-24.2,1176432,1640098939.10997,0
425.8,2.65,0,0,-24.27,1176453,1640098939.13046,0
425.8,2.65,0,0,-24.33,1176472,1640098939.1544,0
425.8,2.65,0,0,-24.38,1176493,1640098939.17303,0
425.8,2.65,0,0,-24.45,1176513,1640098939.19185,0
425.8,2.65,0,0,-24.52,1176532,1640098939.21228,0
425.8,2.65,0,0,-24.6,1176553,1640098939.23236,0
425.8,2.65,0,0,-24.68,1176572,1640098939.25356,0
425.8,2.65,0,0,-24.77,1176593,1640098939.27306,0
425.8,2.65,0,0,-24.83,1176612,1640098939.29062,0
425.8,2.65,0,0,-24.9,1176633,1640098939.31952,0
425.8,2.65,0,0,-24.97,1176652,1640098939.33736,0
425.8,2.65,0,0,-25.02,1176673,1640098939.3522,0
425.8,2.65,0,0,-25.07,1176692,1640098939.37244,0
425.8,2.65,0,0,-25.12,1176713,1640098939.39282,0
425.8,2.65,0,0,-25.15,1176733,1640098939.41977,0
425.8,2.65,0,0,-25.2,1176753,1640098939.43954,0
425.8,2.65,0,0,-25.23,1176773,1640098939.4548,0
425.8,2.65,0,0,-25.27,1176793,1640098939.47118,0
425.8,2.65,0,0,-25.32,1176813,1640098939.49133,0
425.8,2.65,0,0,-25.35,1176833,1640098939.51157,0
425.8,2.65,0,0,-25.4,1176853,1640098939.53181,0
425.8,2.65,0,0,-25.45,1176872,1640098939.55223,0
425.8,2.65,0,0,-25.5,1176893,1640098939.57256,0
425.8,2.65,0,0,-25.55,1176912,1640098939.59341,0
425.8,2.65,0,0,-25.62,1176933,1640098939.6147,0
425.8,2.65,0,0,-25.67,1176952,1640098939.63909,0
425.8,2.65,0,0,-25.73,1176972,1640098939.65432,0
425.8,2.65,0,0,-25.8,1176992,1640098939.6721,0
425.8,2.65,0,0,-25.87,1177013,1640098939.69223,0
425.8,2.65,0,0,-25.93,1177032,1640098939.71235,0
425.8,2.65,0,0,-26,1177052,1640098939.73302,0
425.8,2.65,0,0,-26.07,1177072,1640098939.75349,0
425.8,2.65,0,0,-26.15,1177093,1640098939.77373,0
425.8,2.65,0,0,-26.23,1177113,1640098939.79401,0
425.8,2.65,0,0,-26.33,1177133,1640098939.81459,0
425.8,2.65,0,0,-26.43,1177153,1640098939.83499,0
425.8,2.65,0,0,-26.52,1177172,1640098939.85203,0
425.8,2.65,0,0,-26.62,1177193,1640098939.87347,0
425.8,2.65,0,0,-26.68,1177212,1640098939.89661,0
425.8,2.65,0,0,-26.77,1177233,1640098939.91639,0
425.8,2.65,0,0,-26.85,1177252,1640098939.93365,0
425.8,2.65,0,0,-26.93,1177273,1640098939.95384,0
425.8,2.65,0,0,-27.02,1177292,1640098939.9742,0
425.8,2.65,0,0,-27.1,1177313,1640098939.99457,0
425.8,2.65,0,0,-27.18,1177332,1640098940.01138,0
425.8,2.65,0,0,-27.25,1177353,1640098940.03181,0
425.8,2.65,0,0,-27.33,1177372,1640098940.05242,0
425.8,2.65,0,0,-27.4,1177393,1640098940.07314,0
425.8,2.65,0,0,-27.47,1177413,1640098940.09356,0
425.8,2.65,0,0,-27.53,1177433,1640098940.1136,0
425.8,2.65,0,0,-27.6,1177453,1640098940.13401,0
425.8,2.65,0,0,-27.63,1177473,1640098940.15541,0
425.8,2.65,0,0,-27.68,1177493,1640098940.17487,0
425.8,2.65,0,0,-27.73,1177512,1640098940.19622,0
425.8,2.65,0,0,-27.77,1177533,1640098940.22211,0
425.8,2.65,0,0,-27.82,1177552,1640098940.23252,0
425.8,2.65,0,0,-27.87,1177572,1640098940.25482,0
425.8,2.65,0,0,-27.9,1177592,1640098940.27603,0
425.8,2.65,0,0,-27.95,1177613,1640098940.29458,0
425.8,2.65,0,0,-27.98,1177632,1640098940.31384,0
425.8,2.65,0,0,-28.02,1177653,1640098940.33512,0
425.8,2.65,0,0,-28.05,1177672,1640098940.35451,0
425.8,2.65,0,0,-28.08,1177693,1640098940.37158,0
425.8,2.65,0,0,-28.13,1177712,1640098940.39337,0
425.8,2.65,0,0,-28.15,1177733,1640098940.4128,0
425.8,2.65,0,0,-28.18,1177752,1640098940.43286,0
425.8,2.65,0,0,-28.22,1177773,1640098940.45301,0
425.8,2.65,0,0,-28.25,1177792,1640098940.4742,0
425.8,2.65,0,0,-28.28,1177812,1640098940.49481,0
425.8,2.65,0,0,-28.3,1177833,1640098940.51488,0
425.8,2.65,0,0,-28.33,1177852,1640098940.53501,0
425.8,2.65,0,0,-28.37,1177873,1640098940.55573,0
425.8,2.65,0,0,-28.38,1177892,1640098940.57282,0
425.8,2.65,0,0,-28.42,1177913,1640098940.59356,0
425.8,2.65,0,0,-28.45,1177932,1640098940.61365,0
425.8,2.65,0,0,-28.47,1177952,1640098940.63407,0
425.8,2.65,0,0,-28.5,1177972,1640098940.65458,0
425.8,2.65,0,0,-28.53,1177993,1640098940.67481,0
425.8,2.65,0,0,-28.57,1178013,1640098940.6958,0
425.8,2.65,0,0,-28.6,1178033,1640098940.71618,0
425.8,2.65,0,0,-28.63,1178053,1640098940.73913,0
425.8,2.65,0,0,-28.67,1178073,1640098940.75353,0
425.8,2.65,0,0,-28.72,1178093,1640098940.77557,0
425.8,2.65,0,0,-28.75,1178113,1640098940.798,0
425.8,2.65,0,0,-28.8,1178133,1640098940.81419,0
425.8,2.65,0,0,-28.83,1178152,1640098940.83441,0
425.8,2.65,0,0,-28.88,1178173,1640098940.85475,0
425.8,2.65,0,0,-28.93,1178192,1640098940.87543,0
425.8,2.65,0,0,-28.98,1178213,1640098940.89621,0
425.8,2.65,0,0,-29.02,1178232,1640098940.91626,0
425.8,2.65,0,0,-29.08,1178253,1640098940.9333,0
425.8,2.65,0,0,-29.13,1178272,1640098940.95271,0
425.8,2.65,0,0,-29.18,1178293,1640098940.97415,0
425.8,2.65,0,0,-29.25,1178312,1640098940.9991,0
425.8,2.65,0,0,-29.3,1178333,1640098941.01697,0
425.8,2.65,0,0,-29.35,1178353,1640098941.03525,0
425.8,2.65,0,0,-29.42,1178373,1640098941.0558,0
425.8,2.65,0,0,-29.48,1178393,1640098941.0756,0
425.8,2.65,0,0,-29.53,1178413,1640098941.09563,0
425.8,2.65,0,0,-29.58,1178433,1640098941.11265,0
425.8,2.65,0,0,-29.63,1178452,1640098941.13303,0
425.8,2.65,0,0,-29.68,1178473,1640098941.15442,0
425.8,2.65,0,0,-29.72,1178492,1640098941.17476,0
425.8,2.65,0,0,-29.75,1178513,1640098941.20291,0
425.8,2.65,0,0,-29.78,1178532,1640098941.21927,0
425.8,2.65,0,0,-29.82,1178553,1640098941.23601,0
425.8,2.65,0,0,-29.87,1178572,1640098941.25576,0
425.8,2.65,0,0,-29.9,1178593,1640098941.28133,0
425.8,2.65,0,0,-29.93,1178612,1640098941.29414,0
425.8,2.65,0,0,-29.95,1178633,1640098941.31337,0
425.8,2.65,0,0,-29.98,1178652,1640098941.33426,0
425.8,2.65,0,0,-30.02,1178673,1640098941.35482,0
425.8,2.65,0,0,-30.03,1178693,1640098941.37461,0
425.8,2.65,0,0,-30.07,1178713,1640098941.39528,0
425.8,2.65,0,0,-30.1,1178733,1640098941.41573,0
425.8,2.65,0,0,-30.13,1178753,1640098941.43709,0
425.8,2.65,0,0,-30.17,1178773,1640098941.45743,0
425.8,2.65,0,0,-30.2,1178792,1640098941.47398,0
425.8,2.65,0,0,-30.25,1178813,1640098941.49456,0
425.8,2.65,0,0,-30.3,1178832,1640098941.5232,0
425.8,2.65,0,0,-30.35,1178853,1640098941.53638,0
425.8,2.65,0,0,-30.4,1178872,1640098941.55757,0
425.8,2.65,0,0,-30.45,1178893,1640098941.57551,0
425.8,2.65,0,0,-30.52,1178912,1640098941.59579,0
425.8,2.65,0,0,-30.58,1178933,1640098941.61572,0
425.8,2.65,0,0,-30.67,1178952,1640098941.63726,0
425.8,2.65,0,0,-30.73,1178973,1640098941.65354,0
425.8,2.65,0,0,-30.82,1178993,1640098941.67431,0
425.8,2.65,0,0,-30.9,1179013,1640098941.69409,0
425.8,2.65,0,0,-30.97,1179032,1640098941.71551,0
425.8,2.65,0,0,-31.02,1179053,1640098941.73597,0
425.8,2.65,0,0,-31.07,1179072,1640098941.75618,0
425.8,2.65,0,0,-31.1,1179092,1640098941.77622,0
425.8,2.65,0,0,-31.15,1179113,1640098941.79702,0
425.8,2.65,0,0,-31.18,1179132,1640098941.81712,0
425.8,2.65,0,0,-31.23,1179153,1640098941.83738,0
425.8,2.65,0,0,-31.27,1179172,1640098941.85422,0
425.8,2.65,0,0,-31.32,1179193,1640098941.87448,0
425.8,2.65,0,0,-31.35,1179212,1640098941.89471,0
425.8,2.65,0,0,-31.4,1179233,1640098941.91568,0
425.8,2.65,0,0,-31.43,1179252,1640098941.93654,0
425.8,2.65,0,0,-31.48,1179273,1640098941.95712,0
425.8,2.65,0,0,-31.52,1179292,1640098941.97821,0
425.8,2.65,0,0,-31.55,1179313,1640098942.00434,0
425.8,2.65,0,0,-31.58,1179332,1640098942.01691,0
425.8,2.65,0,0,-31.62,1179353,1640098942.03544,0
425.8,2.65,0,0,-31.65,1179373,1640098942.05573,0
425.8,2.65,0,0,-31.67,1179393,1640098942.07672,0
425.8,2.65,0,0,-31.7,1179413,1640098942.09639,0
425.8,2.65,0,0,-31.72,1179432,1640098942.11682,0
425.8,2.65,0,0,-31.73,1179453,1640098942.1373,0
425.8,2.65,0,0,-31.77,1179472,1640098942.1577,0
425.8,2.65,0,0,-31.8,1179493,1640098942.1781,0
425.8,2.65,0,0,-31.82,1179513,1640098942.19876,0
425.8,2.65,0,0,-31.85,1179533,1640098942.21556,0
425.8,2.65,0,0,-31.88,1179552,1640098942.23602,0
425.8,2.65,0,0,-31.9,1179573,1640098942.25657,0
425.8,2.65,0,0,-31.93,1179592,1640098942.27701,0
425.8,2.65,0,0,-31.95,1179613,1640098942.29668,0
425.8,2.65,0,0,-31.97,1179633,1640098942.31814,0
425.8,2.65,0,0,-32,1179653,1640098942.33724,0
425.8,2.65,0,0,-32.02,1179673,1640098942.35849,0
425.8,2.65,0,0,-32.03,1179693,1640098942.37573,0
425.8,2.65,0,0,-32.07,1179713,1640098942.3973,0
425.8,2.65,0,0,-32.1,1179732,1640098942.41503,0
425.8,2.65,0,0,-32.12,1179753,1640098942.43504,0
425.8,2.65,0,0,-32.15,1179772,1640098942.45626,0
425.8,2.65,0,0,-32.18,1179793,1640098942.47638,0
425.8,2.65,0,0,-32.22,1179812,1640098942.49768,0
425.8,2.65,0,0,-32.25,1179833,1640098942.52429,0
425.8,2.65,0,0,-32.27,1179852,1640098942.54143,0
425.8,2.65,0,0,-32.3,1179873,1640098942.56183,0
425.8,2.65,0,0,-32.33,1179892,1640098942.57665,0
425.8,2.65,0,0,-32.37,1179913,1640098942.59655,0
425.8,2.65,0,0,-32.4,1179932,1640098942.61684,0
425.8,2.65,0,0,-32.45,1179953,1640098942.63723,0
425.8,2.65,0,0,-32.48,1179972,1640098942.66313,0
425.8,2.65,0,0,-32.52,1179993,1640098942.67752,0
425.8,2.65,0,0,-32.55,1180012,1640098942.69721,0
425.8,2.65,0,0,-32.58,1180033,1640098942.71873,0
425.8,2.65,0,0,-32.62,1180053,1640098942.73905,0
425.8,2.65,0,0,-32.65,1180072,1640098942.75502,0
425.8,2.65,0,0,-32.68,1180093,1640098942.77643,0
425.8,2.65,0,0,-32.72,1180112,1640098942.79702,0
425.8,2.65,0,0,-32.75,1180133,1640098942.81728,0
425.8,2.65,0,0,-32.78,1180152,1640098942.83772,0
425.8,2.65,0,0,-32.82,1180173,1640098942.85822,0
425.8,2.65,0,0,-32.85,1180192,1640098942.87944,0
425.8,2.65,0,0,-32.9,1180213,1640098942.90048,0
425.8,2.65,0,0,-32.95,1180233,1640098942.91892,0
425.8,2.65,0,0,-32.98,1180253,1640098942.93565,0
425.8,2.65,0,0,-33.03,1180272,1640098942.95584,0
425.8,2.65,0,0,-33.08,1180293,1640098942.97618,0
425.8,2.65,0,0,-33.13,1180313,1640098942.99647,0
425.8,2.65,0,0,-33.18,1180333,1640098943.01804,0
425.8,2.65,0,0,-33.23,1180353,1640098943.03803,0
425.8,2.65,0,0,-33.27,1180372,1640098943.05835,0
425.8,2.65,0,0,-33.32,1180392,1640098943.0784,0
425.8,2.65,0,0,-33.35,1180412,1640098943.09873,0
425.8,2.65,0,0,-33.4,1180433,1640098943.11569,0
425.8,2.65,0,0,-33.45,1180452,1640098943.13601,0
425.8,2.65,0,0,-33.48,1180473,1640098943.16135,0
425.8,2.65,0,0,-33.53,1180492,1640098943.17854,0
425.8,2.65,0,0,-33.58,1180513,1640098943.1986,0
425.8,2.65,0,0,-33.63,1180532,1640098943.21797,0
425.8,2.65,0,0,-33.68,1180553,1640098943.23853,0
425.8,2.65,0,0,-33.75,1180573,1640098943.2591,0
425.8,2.65,0,0,-33.8,1180593,1640098943.27935,0
425.8,2.65,0,0,-33.85,1180612,1640098943.29718,0
425.8,2.65,0,0,-33.9,1180633,1640098943.31651,0
425.8,2.65,0,0,-33.95,1180653,1640098943.33762,0
425.8,2.65,0,0,-33.98,1180673,1640098943.35707,0
425.8,2.65,0,0,-34.02,1180693,1640098943.37905,0
425.8,2.65,0,0,-34.05,1180712,1640098943.39901,0
425.8,2.65,0,0,-34.08,1180733,1640098943.42597,0
425.8,2.65,0,0,-34.1,1180753,1640098943.43908,0
425.8,2.65,0,0,-34.13,1180773,1640098943.46494,0
425.8,2.65,0,0,-34.17,1180793,1640098943.48262,0
425.8,2.65,0,0,-34.18,1180813,1640098943.49657,0
425.8,2.65,0,0,-34.22,1180833,1640098943.51717,0
425.8,2.65,0,0,-34.23,1180853,1640098943.53717,0
425.8,2.65,0,0,-34.25,1180873,1640098943.55806,0
425.8,2.65,0,0,-34.27,1180893,1640098943.57882,0
425.8,2.65,0,0,-34.28,1180913,1640098943.59938,0
425.8,2.65,0,0,-34.3,1180933,1640098943.62048,0
425.8,2.65,0,0,-34.32,1180953,1640098943.64035,0
425.8,2.65,0,0,-34.33,1180973,1640098943.66113,0
425.8,2.65,0,0,-34.35,1180993,1640098943.68119,0
425.8,2.65,0,0,-34.37,1181012,1640098943.69778,0
425.8,2.65,0,0,-34.38,1181033,1640098943.71923,0
425.8,2.65,0,0,-34.4,1181053,1640098943.739,0
425.8,2.65,0,0,-34.42,1181073,1640098943.75956,0
425.8,2.65,0,0,-34.42,1181093,1640098943.77995,0
425.8,2.65,0,0,-34.43,1181113,1640098943.80072,0
425.8,2.65,0,0,-34.45,1181133,1640098943.82071,0
425.8,2.65,0,0,-34.45,1181153,1640098943.84066,0
425.8,2.65,0,0,-34.47,1181172,1640098943.85765,0
425.8,2.65,0,0,-34.47,1181193,1640098943.87768,0
425.8,2.65,0,0,-34.47,1181212,1640098943.8981,0
425.8,2.65,0,0,-34.48,1181233,1640098943.91922,0
425.8,2.65,0,0,-34.5,1181253,1640098943.94001,0
425.8,2.65,0,0,-34.5,1181273,1640098943.96017,0
425.8,2.65,0,0,-34.53,1181293,1640098943.98057,0
425.8,2.65,0,0,-34.55,1181314,1640098944.00082,0
425.8,2.65,0,0,-34.57,1181333,1640098944.02373,0
425.8,2.65,0,0,-34.58,1181352,1640098944.04169,0
425.8,2.65,0,0,-34.62,1181373,1640098944.05782,0
425.8,2.65,0,0,-34.63,1181392,1640098944.07813,0
425.8,2.65,0,0,-34.67,1181413,1640098944.09852,0
425.8,2.65,0,0,-34.68,1181433,1640098944.11958,0
425.8,2.65,0,0,-34.7,1181453,1640098944.13935,0
425.8,2.65,0,0,-34.75,1181473,1640098944.16073,0
425.8,2.65,0,0,-34.8,1181493,1640098944.18117,0
425.8,2.65,0,0,-34.83,1181513,1640098944.20182,0
425.8,2.65,0,0,-34.9,1181533,1640098944.21872,0
425.8,2.65,0,0,-34.95,1181553,1640098944.23853,0
425.8,2.65,0,0,-35.02,1181573,1640098944.25886,0
425.8,2.65,0,0,-35.08,1181593,1640098944.2791,0
425.8,2.65,0,0,-35.15,1181613,1640098944.29953,0
425.8,2.65,0,0,-35.2,1181633,1640098944.32642,0
425.8,2.65,0,0,-35.25,1181652,1640098944.34157,0
425.8,2.65,0,0,-35.3,1181673,1640098944.3646,0
425.8,2.65,0,0,-35.35,1181693,1640098944.38407,0
425.8,2.65,0,0,-35.38,1181713,1640098944.39963,0
425.8,2.65,0,0,-35.43,1181733,1640098944.41912,0
425.8,2.65,0,0,-35.47,1181753,1640098944.43898,0
425.8,2.65,0,0,-35.5,1181773,1640098944.45938,0
425.8,2.65,0,0,-35.53,1181793,1640098944.47975,0
425.8,2.65,0,0,-35.55,1181813,1640098944.50145,0
425.8,2.65,0,0,-35.58,1181833,1640098944.52074,0
425.8,2.65,0,0,-35.62,1181853,1640098944.54161,0
425.8,2.65,0,0,-35.63,1181873,1640098944.56195,0
425.8,2.65,0,0,-35.65,1181893,1640098944.57847,0
425.8,2.65,0,0,-35.68,1181914,1640098944.60772,0
425.8,2.65,0,0,-35.7,1181933,1640098944.62035,0
425.8,2.65,0,0,-35.72,1181953,1640098944.64013,0
425.8,2.65,0,0,-35.73,1181973,1640098944.66056,0
425.8,2.65,0,0,-35.73,1181993,1640098944.68057,0
425.8,2.65,0,0,-35.75,1182013,1640098944.70109,0
425.8,2.65,0,0,-35.77,1182033,1640098944.72177,0
425.8,2.65,0,0,-35.78,1182053,1640098944.74226,0
425.8,2.65,0,0,-35.8,1182073,1640098944.75817,0
425.8,2.65,0,0,-35.8,1182093,1640098944.7902,0
425.8,2.65,0,0,-35.82,1182113,1640098944.80116,0
425.8,2.65,0,0,-35.82,1182133,1640098944.81963,0
425.8,2.65,0,0,-35.83,1182153,1640098944.83954,0
425.8,2.65,0,0,-35.85,1182173,1640098944.8604,0
425.8,2.65,0,0,-35.85,1182193,1640098944.88167,0
425.8,2.65,0,0,-35.87,1182213,1640098944.90303,0
425.8,2.65,0,0,-35.87,1182233,1640098944.92133,0
425.8,2.65,0,0,-35.88,1182254,1640098944.94657,0
425.8,2.65,0,0,-35.88,1182273,1640098944.96786,0
425.8,2.65,0,0,-35.9,1182292,1640098944.98024,0
425.8,2.65,0,0,-35.9,1182313,1640098944.99917,0
425.8,2.65,0,0,-35.92,1182332,1640098945.0284,0
425.8,2.65,0,0,-35.92,1182353,1640098945.04085,0
425.8,2.65,0,0,-35.93,1182373,1640098945.06078,0
425.8,2.65,0,0,-35.93,1182393,1640098945.08769,0
425.8,2.65,0,0,-35.93,1182413,1640098945.1061,0
425.8,2.65,0,0,-35.95,1182433,1640098945.12339,0
425.8,2.65,0,0,-35.95,1182453,1640098945.13904,0
425.8,2.65,0,0,-35.95,1182473,1640098945.15943,0
425.8,2.65,0,0,-35.95,1182493,1640098945.18007,0
425.8,2.65,0,0,-35.97,1182513,1640098945.2014,0
425.8,2.65,0,0,-35.97,1182533,1640098945.22066,0
425.8,2.65,0,0,-35.97,1182553,1640098945.24127,0
425.8,2.65,0,0,-35.97,1182573,1640098945.26165,0
425.8,2.65,0,0,-35.97,1182593,1640098945.28266,0
425.8,2.65,0,0,-35.97,1182613,1640098945.30326,0
425.8,2.65,0,0,-35.97,1182633,1640098945.32001,0
425.8,2.65,0,0,-35.97,1182653,1640098945.34042,0
425.8,2.65,0,0,-35.97,1182673,1640098945.36604,0
425.8,2.65,0,0,-35.97,1182693,1640098945.38239,0
425.8,2.65,0,0,-35.97,1182713,1640098945.40235,0
425.8,2.65,0,0,-35.98,1182733,1640098945.42211,0
425.8,2.65,0,0.01,-35.98,1182753,1640098945.44699,0
425.8,2.65,0,0,-35.98,1182773,1640098945.46219,0
425.8,2.65,0,0,-35.98,1182793,1640098945.48295,0
425.8,2.65,0,0,-35.98,1182813,1640098945.49909,0
425.8,2.65,0,0,-35.98,1182833,1640098945.51923,0
425.8,2.65,0,0.01,-35.98,1182853,1640098945.54051,0
425.8,2.65,0,0,-35.98,1182873,1640098945.56075,0
425.8,2.65,0,0,-35.98,1182893,1640098945.58134,0
425.8,2.65,0,0,-35.98,1182913,1640098945.60184,0
425.8,2.65,0,0,-35.98,1182932,1640098945.62177,0
425.8,2.65,0,0.01,-35.98,1182953,1640098945.64202,0
425.8,2.65,0,0,-35.98,1182972,1640098945.66453,0
425.8,2.65,0,0,-35.98,1182993,1640098945.68052,0
425.8,2.65,0,0,-35.98,1183013,1640098945.70213,0
425.8,2.65,0,0,-35.97,1183033,1640098945.72125,0
425.8,2.65,0,0.01,-35.97,1183053,1640098945.74123,0
425.8,2.65,0,0,-35.97,1183073,1640098945.76231,0
425.8,2.65,0,0,-35.97,1183093,1640098945.78257,0
425.8,2.65,0,0,-35.97,1183113,1640098945.80333,0
425.8,2.65,0,0,-35.97,1183133,1640098945.82369,0
425.8,2.65,0,0.01,-35.97,1183153,1640098945.84404,0
425.8,2.65,0,0,-35.97,1183173,1640098945.86123,0
425.8,2.65,0,0,-35.97,1183193,1640098945.88136,0
425.8,2.65,0,0,-35.97,1183213,1640098945.9012,0
425.8,2.65,0,0,-35.97,1183233,1640098945.92202,0
425.8,2.65,0,0.01,-35.97,1183253,1640098945.94212,0
425.8,2.65,0,0,-35.95,1183272,1640098945.96351,0
425.8,2.65,0,0,-35.95,1183293,1640098945.98316,0
425.8,2.65,0,0,-35.93,1183313,1640098946.00434,0
425.8,2.65,0,0,-35.92,1183333,1640098946.02468,0
425.8,2.65,0,0.01,-35.9,1183353,1640098946.04053,0
425.8,2.65,0,0,-35.88,1183373,1640098946.06158,0
425.8,2.65,0,0,-35.87,1183393,1640098946.08176,0
425.8,2.65,0,0,-35.85,1183413,1640098946.10321,0
425.8,2.65,0,0,-35.83,1183433,1640098946.12353,0
425.8,2.65,0,0,-35.82,1183453,1640098946.14293,0
425.8,2.65,0,0,-35.8,1183473,1640098946.16484,0
425.8,2.65,0,0,-35.78,1183493,1640098946.1855,0
425.8,2.65,0,0,-35.77,1183513,1640098946.20515,0
425.8,2.65,0,0,-35.75,1183534,1640098946.22539,0
425.8,2.65,0,0,-35.75,1183553,1640098946.2409,0
425.8,2.65,0,0,-35.73,1183574,1640098946.26141,0
425.8,2.65,0,0,-35.73,1183593,1640098946.28304,0
425.8,2.65,0,0,-35.73,1183613,1640098946.3023,0
425.8,2.65,0,0,-35.73,1183633,1640098946.32359,0
425.8,2.65,0,0.01,-35.72,1183653,1640098946.34403,0
425.8,2.65,0,0,-35.72,1183673,1640098946.36449,0
425.8,2.65,0,0,-35.72,1183693,1640098946.38462,0
425.8,2.65,0,0,-35.72,1183713,1640098946.40173,0
425.8,2.65,0,0,-35.72,1183733,1640098946.42218,0
425.8,2.65,0,0.01,-35.72,1183753,1640098946.4427,0
425.8,2.65,0,0,-35.72,1183773,1640098946.46215,0
425.8,2.65,0,0,-35.72,1183793,1640098946.48272,0
425.8,2.65,0,0,-35.72,1183813,1640098946.5045,0
425.8,2.65,0,0,-35.7,1183833,1640098946.52336,0
425.8,2.65,0,0.01,-35.7,1183853,1640098946.54375,0
425.8,2.65,0,0,-35.7,1183873,1640098946.56443,0
425.8,2.65,0,0,-35.7,1183893,1640098946.58464,0
425.8,2.65,0,0,-35.7,1183912,1640098946.60269,0
425.8,2.65,0,0,-35.7,1183933,1640098946.62175,0
425.8,2.65,0,0,-35.7,1183952,1640098946.64316,0
425.8,2.65,0,0,-35.7,1183973,1640098946.66394,0
425.8,2.65,0,0,-35.7,1183993,1640098946.68313,0
425.8,2.65,0,0,-35.7,1184013,1640098946.70488,0
425.8,2.65,0,0,-35.7,1184033,1640098946.72498,0
425.8,2.65,0,0,-35.7,1184053,1640098946.74551,0
425.8,2.65,0,0,-35.7,1184073,1640098946.76168,0
425.8,2.65,0,0,-35.68,1184094,1640098946.78596,0
425.8,2.65,0,0,-35.68,1184113,1640098946.80287,0
425.8,2.65,0,0,-35.67,1184133,1640098946.82335,0
425.8,2.65,0,0,-35.65,1184153,1640098946.84399,0
425.8,2.65,0,0,-35.63,1184173,1640098946.86417,0
425.8,2.65,0,0,-35.63,1184193,1640098946.88447,0
425.8,2.65,0,0,-35.63,1184212,1640098946.90511,0
425.8,2.65,0,0,-35.63,1184233,1640098946.92554,0
425.8,2.65,0,0,-35.63,1184252,1640098946.94215,0
425.8,2.65,0,0,-35.63,1184273,1640098946.96231,0
425.8,2.65,0,0,-35.63,1184293,1640098946.98277,0
425.8,2.65,0,0,-35.63,1184313,1640098947.00452,0
425.8,2.65,0,0,-35.63,1184333,1640098947.02373,0
425.8,2.65,0,0,-35.63,1184353,1640098947.0444,0
425.8,2.65,0,0,-35.63,1184373,1640098947.06486,0
425.8,2.65,0,0,-35.63,1184393,1640098947.08542,0
425.8,2.65,0,0,-35.63,1184413,1640098947.10554,0
425.8,2.65,0,0,-35.63,1184433,1640098947.12234,0
425.8,2.65,0,0,-35.63,1184453,1640098947.14255,0
425.8,2.65,0,0,-35.63,1184473,1640098947.16308,0
425.8,2.65,0,0,-35.63,1184493,1640098947.18319,0
425.8,2.65,0,0,-35.63,1184513,1640098947.20412,0
425.8,2.65,0,0,-35.63,1184533,1640098947.22473,0
425.8,2.65,0,0,-35.63,1184552,1640098947.24517,0
425.8,2.65,0,0,-35.63,1184573,1640098947.26557,0
425.8,2.65,0,0,-35.63,1184593,1640098947.28573,0
425.8,2.65,0,0,-35.63,1184613,1640098947.30553,0
425.8,2.65,0,0,-35.63,1184633,1640098947.32281,0
425.8,2.65,0,0,-35.63,1184653,1640098947.34316,0
425.8,2.65,0,0,-35.63,1184673,1640098947.36372,0
425.8,2.65,0,0,-35.63,1184693,1640098947.38428,0
425.8,2.65,0,0,-35.63,1184713,1640098947.40499,0
425.8,2.65,0,0,-35.63,1184733,1640098947.4243,0
425.8,2.65,0,0,-35.63,1184753,1640098947.44601,0
425.8,2.65,0,0,-35.63,1184773,1640098947.46579,0
425.8,2.65,0,0,-35.63,1184793,1640098947.48651,0
425.8,2.65,0,0,-35.63,1184813,1640098947.50313,0
425.8,2.65,0,0,-35.63,1184833,1640098947.52325,0
425.8,2.65,0,0,-35.63,1184852,1640098947.54393,0
425.8,2.65,0,0,-35.63,1184873,1640098947.56448,0
425.8,2.65,0,0,-35.63,1184893,1640098947.58446,0
425.8,2.65,0,0,-35.63,1184913,1640098947.60566,0
425.8,2.65,0,0,-35.63,1184933,1640098947.626,0
425.8,2.65,0,0,-35.63,1184953,1640098947.64635,0
425.8,2.65,0,0,-35.63,1184973,1640098947.66679,0
425.8,2.65,0,0,-35.63,1184993,1640098947.68311,0
425.8,2.65,0,0,-35.63,1185013,1640098947.70328,0
425.8,2.65,0,0,-35.63,1185033,1640098947.72361,0
425.8,2.65,0,0,-35.63,1185053,1640098947.74407,0
425.8,2.65,0,0,-35.63,1185073,1640098947.76521,0
425.8,2.65,0,0,-35.63,1185093,1640098947.78635,0
425.8,2.65,0,0,-35.63,1185113,1640098947.80562,0
425.8,2.65,0,0,-35.63,1185133,1640098947.82595,0
425.8,2.65,0,0,-35.63,1185153,1640098947.84624,0
425.8,2.65,0,0,-35.63,1185173,1640098947.86304,0
425.8,2.65,0,0,-35.63,1185193,1640098947.88433,0
425.8,2.65,0,0,-35.63,1185213,1640098947.90621,0
425.8,2.65,0,0.01,-35.63,1185233,1640098947.92498,0
425.8,2.65,0,0,-35.63,1185253,1640098947.94484,0
425.8,2.65,0,0,-35.63,1185273,1640098947.9653,0
425.8,2.65,0,0,-35.63,1185293,1640098947.98579,0
425.8,2.65,0,0,-35.63,1185313,1640098948.01423,0
425.8,2.65,0,0.01,-35.63,1185333,1640098948.03244,0
425.8,2.65,0,0.01,-35.63,1185353,1640098948.04428,0
425.8,2.65,0,0,-35.63,1185373,1640098948.07617,0
425.8,2.65,0,0,-35.63,1185393,1640098948.08503,0
425.8,2.65,0,0,-35.63,1185413,1640098948.10438,0
425.8,2.65,0,0.01,-35.63,1185433,1640098948.12443,0
425.8,2.65,0,0.01,-35.63,1185453,1640098948.14496,0
425.8,2.65,0,0,-35.63,1185473,1640098948.16635,0
425.8,2.65,0,0,-35.63,1185494,1640098948.18681,0
425.8,2.65,0,0,-35.63,1185513,1640098948.207,0
425.8,2.65,0,0.01,-35.63,1185533,1640098948.22288,0
425.8,2.65,0,0.01,-35.63,1185553,1640098948.24434,0
425.8,2.65,0,0,-35.63,1185572,1640098948.26428,0
425.8,2.65,0,0,-35.63,1185593,1640098948.28472,0
425.8,2.65,0,0,-35.63,1185613,1640098948.30483,0
425.8,2.65,0,0.01,-35.63,1185633,1640098948.32516,0
425.8,2.65,0,0.01,-35.63,1185653,1640098948.3513,0
425.8,2.65,0,0,-35.63,1185673,1640098948.37039,0
425.8,2.65,0,0,-35.63,1185693,1640098948.38709,0
425.8,2.65,0,0,-35.63,1185713,1640098948.40383,0
425.8,2.65,0,0.01,-35.63,1185733,1640098948.4238,0
425.8,2.65,0,0.01,-35.63,1185753,1640098948.44446,0
425.8,2.65,0,0,-35.63,1185773,1640098948.4651,0
425.8,2.65,0,0,-35.63,1185794,1640098948.48603,0
425.8,2.65,0,0,-35.63,1185813,1640098948.51273,0
425.8,2.65,0,0.01,-35.63,1185833,1640098948.52816,0
425.8,2.65,0,0.01,-35.63,1185853,1640098948.54701,0
425.8,2.65,0,0,-35.63,1185872,1640098948.5675,0
425.8,2.65,0,0,-35.63,1185893,1640098948.58786,0
425.8,2.65,0,0,-35.63,1185913,1640098948.60445,0
425.8,2.65,0,0.01,-35.63,1185933,1640098948.62434,0
425.8,2.65,0,0.01,-35.63,1185953,1640098948.64508,0
425.8,2.65,0,0,-35.63,1185973,1640098948.66533,0
425.8,2.65,0,0,-35.63,1185993,1640098948.68706,0
425.8,2.65,0,0,-35.63,1186013,1640098948.70684,0
425.8,2.65,0,0.01,-35.63,1186033,1640098948.72737,0
425.8,2.65,0,0.01,-35.63,1186053,1640098948.74765,0
425.8,2.65,0,0,-35.63,1186073,1640098948.7682,0
425.8,2.65,0,0,-35.63,1186093,1640098948.78559,0
425.8,2.65,0,0,-35.63,1186113,1640098948.80532,0
425.8,2.65,0,0.01,-35.63,1186134,1640098948.82565,0
425.8,2.65,0,0.01,-35.63,1186153,1640098948.84617,0
425.8,2.65,0,0,-35.63,1186173,1640098948.86692,0
425.8,2.65,0,0,-35.63,1186193,1640098948.88787,0
425.8,2.65,0,0,-35.63,1186213,1640098948.9078,0
425.8,2.65,0,0.01,-35.63,1186233,1640098948.92941,0
425.8,2.65,0,0.01,-35.63,1186252,1640098948.94533,0
425.8,2.65,0,0,-35.63,1186273,1640098948.96663,0
425.8,2.65,0,0,-35.63,1186293,1640098948.98611,0
425.8,2.65,0,0,-35.63,1186313,1640098949.00573,0
425.8,2.65,0,0.01,-35.63,1186333,1640098949.0261,0
425.8,2.65,0,0,-35.63,1186353,1640098949.04625,0
425.8,2.65,0,0,-35.63,1186372,1640098949.06753,0
425.8,2.65,0,0,-35.63,1186393,1640098949.0885,0
425.8,2.65,0,0,-35.63,1186413,1640098949.10763,0
425.8,2.65,0,0.01,-35.63,1186433,1640098949.12466,0
425.8,2.65,0,0.01,-35.63,1186453,1640098949.14489,0
425.8,2.65,0,0,-35.63,1186472,1640098949.16603,0
425.8,2.65,0,0,-35.63,1186493,1640098949.18688,0
425.8,2.65,0,0,-35.63,1186512,1640098949.20674,0
425.8,2.65,0,0.01,-35.63,1186533,1640098949.22728,0
425.8,2.65,0,0.01,-35.63,1186553,1640098949.24827,0
425.8,2.65,0,0,-35.63,1186573,1640098949.26764,0
425.8,2.65,0,0,-35.63,1186593,1640098949.28984,0
425.8,2.65,0,0,-35.63,1186613,1640098949.30775,0
425.8,2.65,0,0.01,-35.63,1186633,1640098949.32505,0
425.8,2.65,0,0.01,-35.63,1186653,1640098949.34687,0
425.8,2.65,0,0,-35.63,1186673,1640098949.36593,0
425.8,2.65,0,0,-35.63,1186693,1640098949.38709,0
425.8,2.65,0,0,-35.63,1186713,1640098949.4069,0
425.8,2.65,0,0.01,-35.63,1186733,1640098949.43419,0
425.8,2.65,0,0,-35.63,1186753,1640098949.45538,0
425.8,2.65,0,0,-35.63,1186774,1640098949.46975,0
425.8,2.65,0,0,-35.63,1186793,1640098949.48864,0
425.8,2.65,0,0,-35.63,1186813,1640098949.50548,0
425.8,2.65,0,0.01,-35.63,1186833,1640098949.52541,0
425.8,2.65,0,0,-35.63,1186852,1640098949.55347,0
425.8,2.65,0,0,-35.63,1186873,1640098949.56996,0
425.8,2.65,0,0,-35.63,1186893,1640098949.58729,0
425.8,2.65,0,0,-35.63,1186913,1640098949.6079,0
425.8,2.65,0,0.01,-35.63,1186933,1640098949.62838,0
425.8,2.65,0,0,-35.63,1186953,1640098949.64878,0
425.8,2.65,0,0,-35.63,1186973,1640098949.66989,0
425.8,2.65,0,0,-35.63,1186993,1640098949.68579,0
425.8,2.65,0,0,-35.63,1187013,1640098949.70539,0
425.8,2.65,0,0.01,-35.63,1187033,1640098949.73212,0
425.8,2.65,0,0,-35.63,1187053,1640098949.74881,0
425.8,2.65,0,0,-35.63,1187074,1640098949.76775,0
425.8,2.65,0,0,-35.63,1187093,1640098949.78766,0
425.8,2.65,0,0,-35.63,1187112,1640098949.80768,0
425.8,2.65,0,0.01,-35.63,1187133,1640098949.82932,0
425.8,2.65,0,0,-35.63,1187152,1640098949.84891,0
425.8,2.65,0,0,-35.63,1187173,1640098949.8652,0
425.8,2.65,0,0,-35.63,1187193,1640098949.88695,0
425.8,2.65,0,0,-35.63,1187213,1640098949.90709,0
425.8,2.65,0,0.01,-35.63,1187233,1640098949.93354,0
425.8,2.65,0,0,-35.63,1187253,1640098949.9528,0
425.8,2.65,0,0,-35.63,1187273,1640098949.96839,0
425.8,2.65,0,0,-35.63,1187293,1640098949.98833,0
425.8,2.65,0,0,-35.63,1187313,1640098950.00896,0
425.8,2.65,0,0.01,-35.63,1187333,1640098950.02559,0
425.8,2.65,0,0,-35.63,1187352,1640098950.0459,0
425.8,2.65,0,0,-35.63,1187373,1640098950.06655,0
425.8,2.65,0,0,-35.63,1187393,1640098950.08654,0
425.8,2.65,0,0,-35.63,1187412,1640098950.10664,0
425.8,2.65,0,0.01,-35.63,1187433,1640098950.12727,0
425.8,2.65,0,0,-35.63,1187452,1640098950.14787,0
425.8,2.65,0,0,-35.63,1187473,1640098950.16808,0
425.8,2.65,0,0,-35.63,1187493,1640098950.18963,0
425.8,2.65,0,0,-35.63,1187513,1640098950.21107,0
425.8,2.65,0,0.01,-35.63,1187533,1640098950.22721,0
425.8,2.65,0,0,-35.63,1187553,1640098950.24744,0
425.8,2.65,0,0,-35.63,1187573,1640098950.26753,0
425.8,2.65,0,0,-35.63,1187593,1640098950.28746,0
425.8,2.65,0,0,-35.63,1187613,1640098950.30844,0
425.8,2.65,0,0.01,-35.63,1187633,1640098950.32871,0
425.8,2.65,0,0,-35.63,1187653,1640098950.34902,0
425.8,2.65,0,0,-35.63,1187673,1640098950.36927,0
425.8,2.65,0,0,-35.63,1187693,1640098950.39009,0
425.8,2.65,0,0,-35.63,1187713,1640098950.40694,0
425.8,2.65,0,0.01,-35.63,1187733,1640098950.4269,0
425.8,2.65,0,0,-35.63,1187753,1640098950.44737,0
425.8,2.65,0,0,-35.63,1187773,1640098950.47423,0
425.8,2.65,0,0,-35.63,1187793,1640098950.49472,0
425.8,2.65,0,0,-35.63,1187813,1640098950.51245,0
425.8,2.65,0,0.01,-35.63,1187833,1640098950.52902,0
425.8,2.65,0,0,-35.63,1187853,1640098950.55038,0
