786.58,0.36,0,0,41.3,295936,1641904931.08863,0
786.58,0.36,0,0,41.3,295948,1641904931.08932,0
786.58,0.36,0,0,41.3,295961,1641904931.08999,0
786.58,0.36,0,0,41.3,295974,1641904931.09112,0
786.58,0.36,0,0,41.3,295986,1641904931.09236,0
786.58,0.36,0,0,41.3,295999,1641904931.09368,0
786.58,0.36,0,0,41.3,296011,1641904931.09467,0
786.58,0.36,0,0,41.3,296025,1641904931.09593,0
786.58,0.36,0,0,41.3,296038,1641904931.14559,0
786.58,0.36,0,0,41.3,296051,1641904931.14686,0
786.58,0.36,0,0,41.3,296065,1641904931.14813,0
786.58,0.36,0,0,41.3,296077,1641904931.15004,0
786.58,0.36,0,0,41.3,296090,1641904931.22424,0
786.58,0.36,0,0,41.3,296102,1641904931.22542,0
786.58,0.36,0,0,41.3,296116,1641904931.22679,0
786.58,0.36,0,0,41.3,296128,1641904931.22811,0
786.58,0.36,0,0,41.3,296141,1641904931.22951,0
786.58,0.36,0,0,41.3,296154,1641904931.23073,0
786.58,0.36,0,0,41.3,296167,1641904931.25066,0
786.58,0.36,0,0,41.3,296179,1641904931.25148,0
786.58,0.36,0,0,41.3,296193,1641904931.26145,0
786.58,0.36,0,0,41.3,296206,1641904931.27375,0
786.58,0.36,0,0,41.3,296219,1641904931.28643,0
786.58,0.36,0,0,41.3,296231,1641904931.30354,0
786.58,0.36,0,0,41.3,296244,1641904931.31209,0
786.58,0.36,0,0,41.3,296256,1641904931.32419,0
786.58,0.36,0,0,41.3,296269,1641904931.34037,0
786.58,0.36,0,0,41.3,296282,1641904931.35177,0
786.58,0.36,0,0,41.3,296294,1641904931.36348,0
786.58,0.36,0,0,41.3,296307,1641904931.37557,0
786.58,0.36,0,0,41.3,296320,1641904931.38795,0
786.58,0.28,0,0,41.3,296333,1641904931.40022,0
786.58,0.28,0,0,41.3,296346,1641904931.41274,0
786.58,0.28,0,0,41.3,296358,1641904931.42429,0
786.58,0.28,0,0,41.3,296372,1641904931.44083,0
786.58,0.28,0,0,41.3,296384,1641904931.45341,0
786.58,0.28,0,0,41.3,296397,1641904931.46603,0
786.58,0,0,0,41.3,296409,1641904931.47838,0
786.58,0,0,0,41.3,296422,1641904931.49113,0
786.58,0,0,0,41.3,296434,1641904931.50254,0
786.58,0,0,0,41.3,296446,1641904931.51506,0
786.58,0,0,0,41.3,296460,1641904931.52859,0
786.58,0,0,0,41.3,296472,1641904931.54018,0
786.58,0,0,0,41.3,296485,1641904931.55259,0
786.58,0,0,0,41.3,296498,1641904931.56464,0
786.58,0,0,0,41.3,296510,1641904931.58045,0
786.58,0,0,0,41.3,296523,1641904931.59317,0
786.58,0,0,0,41.3,296536,1641904931.60555,0
786.58,0,0,0,41.3,296548,1641904931.61845,0
786.58,0,0,0,41.3,296561,1641904931.6298,0
786.58,0,0,0,41.3,296572,1641904931.64218,0
786.58,0,0,0,41.3,296586,1641904931.65437,0
786.58,0,0,0,41.3,296598,1641904931.66686,0
786.58,0,0,0,41.3,296611,1641904931.67816,0
786.58,0,0,0,41.3,296624,1641904931.69069,0
786.58,0,0,0,41.3,296636,1641904931.70346,0
786.58,0,0,0,41.3,296649,1641904931.71563,0
786.58,0,0,0,41.3,296663,1641904931.73147,0
786.58,0,0,0,41.3,296675,1641904931.74387,0
786.58,0,0,0,41.3,296687,1641904931.75589,0
786.58,0,0,0,41.3,296699,1641904931.76813,0
786.58,0,0,0,41.3,296712,1641904931.78022,0
786.58,0,0,0,41.3,296725,1641904931.79328,0
786.58,0,0,0,41.3,296737,1641904931.80539,0
786.58,0,0,0,41.3,296750,1641904931.81835,0
786.58,0,0,0,41.3,296762,1641904931.82975,0
786.58,0,0,0,41.3,296774,1641904931.84242,0
786.58,0,0,0,41.3,296786,1641904931.85486,0
786.58,0,0,0,41.3,296800,1641904931.86726,0
786.58,0,0,0,41.3,296813,1641904931.87978,0
786.58,0,0,0,41.3,296825,1641904931.89588,0
786.58,0,0,0,41.3,296838,1641904931.90804,0
786.58,0,0,0,41.3,296851,1641904931.92062,0
786.58,0,0,0,41.3,296863,1641904931.93185,0
786.58,0,0,0,41.3,296877,1641904931.94455,0
786.58,0,0,0,41.3,296889,1641904931.95703,0
786.58,0,0,0,41.3,296901,1641904931.97506,0
786.58,0,0,0,41.3,296914,1641904931.9847,0
786.58,0,0,0,41.3,296927,1641904931.99526,0
786.58,0,0,0,41.3,296939,1641904932.00613,0
786.58,0,0,0,41.3,296952,1641904932.02616,0
786.58,0,0,0,41.3,296965,1641904932.03635,0
786.58,0,0,0,41.3,296978,1641904932.04768,0
786.58,0,0,0,41.3,296990,1641904932.05973,0
786.58,0,0,0,41.3,297003,1641904932.07104,0
786.58,0,0,0,41.3,297015,1641904932.08338,0
786.58,0,0,0,41.3,297027,1641904932.09572,0
786.58,0,0,0,41.3,297039,1641904932.108,0
786.58,0,0,0,41.3,297053,1641904932.12089,0
786.58,0,0,0,41.3,297065,1641904932.13303,0
786.58,0,0,0,41.3,297078,1641904932.15142,0
786.58,0,0,0,41.3,297091,1641904932.15909,0
786.58,0,0,0,41.3,297104,1641904932.17404,0
786.58,0,0,0,41.3,297117,1641904932.18661,0
786.58,0,0,0,41.3,297129,1641904932.19849,0
786.58,0,0,0,41.3,297142,1641904932.21076,0
786.58,0,0,0,41.3,297154,1641904932.22313,0
786.58,0,0,0,41.3,297166,1641904932.23543,0
786.58,0,0,0,41.3,297178,1641904932.24745,0
786.58,0,0,0,41.3,297190,1641904932.25996,0
786.58,0,0,0,41.3,297201,1641904932.27254,0
786.58,0,0,0,41.3,297214,1641904932.28486,0
786.58,0,0,0,41.3,297227,1641904932.29723,0
786.58,0,0,0,41.3,297239,1641904932.30964,0
786.58,0,0,0,41.3,297251,1641904932.32231,0
786.58,0,0,0,41.3,297264,1641904932.33442,0
786.58,0,0,0,41.3,297277,1641904932.34578,0
786.58,0,0,0,41.3,297289,1641904932.35843,0
786.58,0,0,0,41.3,297303,1641904932.37078,0
786.58,0,0,0,41.3,297315,1641904932.38346,0
786.58,0,0,0,41.3,297327,1641904932.3948,0
786.58,0,0,0,41.3,297340,1641904932.40728,0
786.58,0,0,0,41.3,297352,1641904932.41949,0
786.58,0,0,0,41.3,297365,1641904932.4317,0
786.58,0,0,0,41.3,297377,1641904932.44813,0
786.58,0,0,0,41.3,297391,1641904932.46043,0
786.58,0,0,0,41.3,297403,1641904932.47296,0
786.58,0,0,0,41.3,297415,1641904932.48537,0
786.58,0,0,0,41.3,297428,1641904932.49778,0
786.58,0,0,0,41.3,297441,1641904932.51055,0
786.58,0,0,0,41.3,297454,1641904932.53489,0
786.58,0,0,0,41.3,297466,1641904932.53765,0
786.58,0,0,0,41.3,297479,1641904932.54807,0
786.58,0,0,0,41.3,297491,1641904932.5592,0
786.58,0,0,0,41.3,297504,1641904932.57879,0
786.58,0,0,0,41.3,297518,1641904932.59042,0
786.58,0,0,0,41.3,297530,1641904932.60071,0
786.58,0,0,0,41.3,297542,1641904932.61211,0
786.58,0,0,0,41.3,297555,1641904932.62472,0
786.58,0,0,0,41.3,297568,1641904932.63697,0
786.58,0,0,0,41.3,297581,1641904932.64918,0
786.58,0,0,0,41.3,297593,1641904932.66179,0
786.58,0,0,0,41.3,297606,1641904932.67428,0
786.58,0,0,0,41.3,297619,1641904932.70085,0
786.58,0,0,0,41.3,297630,1641904932.7046,0
786.58,0,0,0,41.3,297644,1641904932.71991,0
786.58,0,0,0,41.3,297657,1641904932.72675,0
786.58,0,0,0,41.3,297669,1641904932.74005,0
786.58,0,0,0,41.3,297681,1641904932.75226,0
786.58,0,0,0,41.3,297695,1641904932.76455,0
786.58,0,0,0,41.3,297707,1641904932.776,0
786.58,0,0,0,41.3,297720,1641904932.80136,0
786.58,0,0,0,41.3,297733,1641904932.80508,0
786.58,0,0,0,41.3,297744,1641904932.81385,0
786.58,0,0,0,41.3,297757,1641904932.82597,0
786.58,0,0,0,41.3,297769,1641904932.83727,0
786.58,0,0,0,41.3,297783,1641904932.85501,0
786.58,0,0,0,41.3,297795,1641904932.8667,0
786.58,0,0,0,41.3,297808,1641904932.87873,0
786.58,0,0,0,41.3,297821,1641904932.8909,0
786.58,0,0,0,41.3,297834,1641904932.90329,0
786.58,0,0,0,41.3,297846,1641904932.91569,0
786.58,0,0,0,41.3,297859,1641904932.9283,0
786.58,0,0,0,41.3,297872,1641904932.9402,0
786.58,0,0,0,41.3,297884,1641904932.95583,0
786.58,0,0,0,41.3,297897,1641904932.96812,0
786.58,0,0,0,41.3,297910,1641904932.98155,0
786.58,0,0,0,41.3,297922,1641904932.99304,0
786.58,0,0,0,41.3,297934,1641904933.00611,0
786.58,0,0,0,41.3,297947,1641904933.01746,0
786.58,0,0,0,41.3,297959,1641904933.02983,0
786.58,0,0,0,41.3,297971,1641904933.04276,0
786.58,0,0,0,41.3,297982,1641904933.05469,0
786.58,0,0,0,41.3,297996,1641904933.06696,0
786.58,0,0,0,41.3,298008,1641904933.07917,0
786.58,0,0,0,41.3,298020,1641904933.09142,0
786.58,0,0,0,41.3,298034,1641904933.10687,0
786.58,0,0,0,41.3,298046,1641904933.11813,0
786.58,0,0,0,41.3,298059,1641904933.12905,0
786.58,0,0,0,41.3,298072,1641904933.14063,0
786.58,0,0,0,41.3,298085,1641904933.15328,0
786.58,0,0,0,41.3,298097,1641904933.1738,0
786.58,0,0,0,41.3,298109,1641904933.18279,0
786.58,0,0,0,41.3,298123,1641904933.19447,0
786.58,0,0,0,41.3,298135,1641904933.20625,0
786.58,0,0,0,41.3,298146,1641904933.22643,0
786.58,0,0,0,41.3,298160,1641904933.23378,0
786.58,0,0,0,41.3,298172,1641904933.2453,0
786.58,0,0,0,41.3,298184,1641904933.25549,0
786.58,0,0,0,41.3,298198,1641904933.26797,0
786.58,0,0,0,41.3,298210,1641904933.28057,0
786.58,0,0,0,41.3,298222,1641904933.2924,0
786.58,0,0,0,41.3,298233,1641904933.30483,0
786.58,0,0,0,41.3,298247,1641904933.32358,0
786.58,0,0,0,41.3,298259,1641904933.32991,0
786.58,0,0,0,41.3,298272,1641904933.34145,0
786.58,0,0,0,41.3,298285,1641904933.35369,0
786.58,0,0,0,41.3,298298,1641904933.37359,0
786.58,0,0,0,41.3,298310,1641904933.383,0
786.58,0,0,0,41.3,298321,1641904933.39089,0
786.58,0,0,0,41.3,298334,1641904933.40297,0
786.58,0,0,0,41.3,298347,1641904933.41874,0
786.58,0,0,0,41.3,298359,1641904933.4312,0
786.58,0,0,0,41.3,298372,1641904933.44398,0
786.58,0,0,0,41.3,298384,1641904933.45636,0
786.58,0,0,0,41.3,298396,1641904933.46884,0
786.58,0,0,0,41.3,298408,1641904933.48031,0
786.58,0,0,0,41.3,298421,1641904933.49271,0
786.58,0,0,0,41.3,298433,1641904933.50551,0
786.58,0,0,0,41.3,298444,1641904933.51446,0
786.58,0,0,0,41.3,298457,1641904933.52737,0
786.58,-21.33,0,0,41.3,298470,1641904933.54216,0
786.58,-21.33,0,0,41.3,298483,1641904933.55503,0
786.58,-21.33,0,0,41.3,298497,1641904933.56684,0
786.58,-21.33,0,0,41.3,298509,1641904933.57933,0
786.58,-21.33,0,0,41.3,298522,1641904933.5907,0
786.58,-21.33,0,-0.01,41.3,298535,1641904933.60751,0
786.58,-21.33,0,0,41.3,298549,1641904933.62018,0
786.58,-21.33,0,0,41.3,298561,1641904933.63299,0
786.58,-21.33,0,0,41.3,298573,1641904933.6439,0
786.58,-21.33,0,0,41.3,298586,1641904933.65612,0
786.58,-21.33,0,0,41.3,298598,1641904933.66962,0
786.58,-21.33,0,0,41.3,298610,1641904933.68093,0
786.58,-21.33,0,0,41.3,298624,1641904933.69354,0
786.58,-21.33,0,0,41.3,298637,1641904933.70599,0
786.58,-21.33,0,0,41.3,298649,1641904933.72759,0
786.58,-21.33,0,0,41.3,298662,1641904933.73735,0
786.58,-21.33,0,0,41.3,298676,1641904933.74765,0
786.58,0.36,0,0,41.3,298689,1641904933.76091,0
786.58,0.36,0,0,41.3,298701,1641904933.77245,0
786.58,0.36,0,0,41.3,298714,1641904933.78354,0
786.58,0.36,0,0,41.3,298727,1641904933.79942,0
786.58,0.36,0,0,41.3,298740,1641904933.81227,0
786.58,0.36,0,0,41.3,298753,1641904933.8245,0
786.58,0.36,0,0,41.3,298766,1641904933.83707,0
786.58,0.36,0,0,41.3,298780,1641904933.84975,0
786.58,0.36,0,0,41.3,298793,1641904933.86528,0
786.58,0.36,0,0,41.3,298806,1641904933.87769,0
786.58,0.36,0,0,41.3,298818,1641904933.89036,0
786.58,0.36,0,0,41.3,298831,1641904933.90254,0
786.58,0.36,0,0,41.3,298844,1641904933.91459,0
786.58,0.36,0,0,41.3,298855,1641904933.92711,0
786.58,0.36,0,0,41.3,298867,1641904933.93948,0
786.58,0.36,0,0,41.3,298881,1641904933.95213,0
786.58,0.36,0,0,41.3,298894,1641904933.96345,0
786.58,0.36,0,0,41.3,298905,1641904933.97561,0
786.58,0.36,0,0,41.3,298918,1641904933.98803,0
786.58,0.36,0,0,41.3,298932,1641904934.00465,0
786.58,0.36,0,0,41.3,298944,1641904934.02166,0
786.58,0.36,0,0,41.3,298957,1641904934.03544,0
786.58,0.36,0,0,41.3,298971,1641904934.04844,0
786.58,0.36,0,0,41.3,298983,1641904934.05544,0
786.58,0.36,0,0,41.3,298995,1641904934.06638,0
786.58,0.36,0,0,41.3,299008,1641904934.07858,0
786.58,0.36,0,0,41.3,299021,1641904934.09073,0
786.58,0.36,0,-0.01,41.3,299034,1641904934.11355,0
786.58,0.36,0,-0.01,41.3,299046,1641904934.12284,0
786.58,0.36,0,0,41.3,299060,1641904934.13275,0
786.58,0.36,0,-0.01,41.3,299073,1641904934.14462,0
786.58,0.36,0,-0.01,41.3,299086,1641904934.1606,0
786.58,0.36,0,-0.01,41.3,299101,1641904934.17329,0
786.58,0.36,0,-0.01,41.3,299114,1641904934.1852,0
786.58,0.36,0,-0.01,41.3,299127,1641904934.19768,0
786.58,0.36,0,-0.01,41.3,299141,1641904934.21368,0
786.58,0.36,0,-0.01,41.3,299154,1641904934.22613,0
786.58,0.36,0,-0.01,41.3,299166,1641904934.23825,0
786.58,0.36,0,-0.01,41.3,299180,1641904934.25063,0
786.58,0.36,0,-0.01,41.3,299193,1641904934.26651,0
786.58,0.36,0,-0.01,41.3,299206,1641904934.27926,0
786.58,0.36,0,-0.01,41.3,299219,1641904934.29225,0
786.58,0.36,0,-0.01,41.3,299234,1641904934.30402,0
786.58,0.36,0,-0.01,41.3,299246,1641904934.31637,0
786.58,0.36,0,-0.01,41.3,299259,1641904934.33345,0
786.58,0.36,0,-0.01,41.3,299272,1641904934.34459,0
786.58,0.36,0,-0.01,41.3,299286,1641904934.35722,0
786.58,0.36,0,-0.01,41.3,299298,1641904934.36941,0
786.58,0.36,0,-0.01,41.3,299312,1641904934.38615,0
786.58,0.36,0,-0.01,41.3,299325,1641904934.39837,0
786.58,0.36,0,-0.01,41.3,299338,1641904934.41119,0
786.58,0.36,0,-0.01,41.3,299352,1641904934.42248,0
786.58,0.36,0,-0.01,41.3,299365,1641904934.43942,0
786.58,0.36,0,-0.01,41.3,299378,1641904934.45176,0
786.58,0.36,0,-0.01,41.3,299392,1641904934.464,0
786.58,0.36,0,-0.01,41.3,299406,1641904934.47623,0
786.58,0.36,0,-0.01,41.3,299419,1641904934.49243,0
786.58,0.36,0,-0.01,41.3,299432,1641904934.50476,0
786.58,0.36,0,-0.01,41.3,299447,1641904934.5266,0
786.58,0.36,0,-0.01,41.3,299459,1641904934.53635,0
786.58,0.36,0,0,41.3,299472,1641904934.54571,0
786.58,0.36,0,-0.01,41.3,299486,1641904934.5579,0
786.58,0.36,0,-0.01,41.3,299499,1641904934.57018,0
786.58,0.36,0,-0.01,41.3,299512,1641904934.58273,0
786.58,0.36,0,0,41.3,299525,1641904934.59869,0
786.58,0.36,0,0,41.3,299538,1641904934.61092,0
786.58,0.36,0,-0.01,41.3,299552,1641904934.62391,0
786.58,0.36,0,-0.01,41.3,299566,1641904934.63999,0
786.58,0.36,0,-0.01,41.3,299580,1641904934.65234,0
786.58,0.36,0,-0.01,41.3,299593,1641904934.66469,0
786.58,0.36,0,0,41.3,299607,1641904934.68061,0
786.58,0.36,0,-0.01,41.3,299620,1641904934.69287,0
786.58,0.36,0,-0.01,41.3,299634,1641904934.70485,0
786.58,0.36,0,-0.01,41.3,299648,1641904934.71715,0
786.58,0.36,0,-0.01,41.3,299661,1641904934.73397,0
786.58,0.36,0,0,41.3,299673,1641904934.74661,0
786.58,0.36,0,-0.01,41.3,299687,1641904934.75876,0
786.58,0.36,0,-0.01,41.3,299701,1641904934.7748,0
786.58,0.36,0,-0.01,41.3,299714,1641904934.78708,0
786.58,0.36,0,-0.01,41.3,299726,1641904934.79897,0
786.58,0.36,0,0,41.3,299739,1641904934.8113,0
786.58,0.36,0,-0.01,41.3,299752,1641904934.82421,0
786.58,0.36,0,-0.01,41.3,299764,1641904934.83616,0
786.58,0.36,0,-0.01,41.3,299778,1641904934.84834,0
786.58,0.36,0,0,41.3,299790,1641904934.86085,0
786.58,0.36,0,-0.01,41.3,299804,1641904934.87704,0
786.58,0.36,0,-0.01,41.3,299817,1641904934.89811,0
786.58,0.36,0,-0.01,41.3,299830,1641904934.905,0
786.58,0.36,0,-0.01,41.3,299843,1641904934.9195,0
786.58,0.36,0,0,41.3,299855,1641904934.92668,0
786.58,0.36,0,-0.01,41.3,299869,1641904934.94359,0
786.58,0.36,0,-0.01,41.3,299883,1641904934.95591,0
786.58,0.36,0,-0.01,41.3,299896,1641904934.96727,0
786.58,0.36,0,-0.01,41.3,299910,1641904934.98417,0
786.58,0.36,0,0,41.3,299923,1641904934.99661,0
786.58,0.36,0,-0.01,41.3,299936,1641904935.00816,0
786.58,0.36,0,-0.01,41.3,299950,1641904935.02062,0
786.58,0.36,0,-0.01,41.3,299964,1641904935.03732,0
786.58,0.36,0,0,41.3,299976,1641904935.04952,0
786.58,0.36,0,0,41.3,299988,1641904935.06184,0
786.58,0.36,0,0,41.3,300003,1641904935.0741,0
786.58,0.36,0,-0.01,41.3,300016,1641904935.08999,0
786.58,0.36,0,0,41.3,300028,1641904935.10239,0
786.58,0.36,0,0,41.3,300041,1641904935.11474,0
786.58,0.36,0,0,41.3,300052,1641904935.12761,0
786.58,0.36,0,0,41.3,300066,1641904935.13955,0
786.58,0.36,0,0,41.3,300080,1641904935.15163,0
786.58,0.36,0,0,41.3,300093,1641904935.16384,0
786.58,0.36,0,0,41.3,300105,1641904935.18095,0
786.58,0.36,0,0,41.3,300119,1641904935.19263,0
786.58,0.36,0,0,41.3,300131,1641904935.20483,0
786.58,0.36,0,0,41.3,300144,1641904935.21787,0
786.58,0.36,0,0,41.3,300156,1641904935.22953,0
786.58,0.36,0,0,41.3,300170,1641904935.24225,0
786.58,0.36,0,0,41.3,300182,1641904935.26265,0
786.58,0.36,0,0,41.3,300194,1641904935.27265,0
786.58,0.36,0,0,41.3,300207,1641904935.27988,0
786.58,0.36,0,0,41.3,300219,1641904935.29106,0
786.58,0.36,0,0,41.3,300231,1641904935.31264,0
786.58,0.36,0,0,41.3,300243,1641904935.31814,0
786.58,0.36,0,0,41.3,300257,1641904935.32779,0
786.58,0.36,0,0,41.3,300269,1641904935.34479,0
786.58,0.36,0,0,41.3,300282,1641904935.35602,0
786.58,0.36,0,0,41.3,300295,1641904935.36829,0
786.58,0.36,0,0,41.3,300308,1641904935.38094,0
786.58,0.36,0,0,41.3,300320,1641904935.3935,0
786.58,0.36,0,0,41.3,300333,1641904935.40618,0
786.58,0.36,0,0,41.3,300345,1641904935.41746,0
786.58,0.36,0,0,41.3,300358,1641904935.44108,0
786.58,0.36,0,0,41.3,300370,1641904935.44422,0
786.58,0.36,0,0,41.3,300384,1641904935.45962,0
786.58,0.36,0,0,41.3,300396,1641904935.47236,0
786.58,0.36,0,0,41.3,300409,1641904935.48456,0
786.58,0.36,0,0,41.3,300422,1641904935.49694,0
786.58,0.36,0,0,41.3,300434,1641904935.50814,0
786.58,0.36,0,0,41.3,300445,1641904935.52056,0
786.58,0.36,0,0,41.3,300459,1641904935.53286,0
786.58,0.36,0,0,41.3,300471,1641904935.545,0
786.58,0.36,0,0,41.3,300484,1641904935.55726,0
786.58,0.36,0,0,41.3,300496,1641904935.56956,0
786.58,0.36,0,0,41.3,300510,1641904935.58174,0
786.58,0.36,0,0,41.3,300522,1641904935.59402,0
786.58,0.36,0,0,41.3,300535,1641904935.61551,0
786.58,0.36,0,0,41.3,300548,1641904935.62526,0
786.58,0.36,0,0,41.3,300561,1641904935.63744,0
786.58,0.36,0,0,41.3,300573,1641904935.64757,0
786.58,0.36,0,0,41.3,300585,1641904935.6598,0
786.58,0.36,0,0,41.3,300598,1641904935.67228,0
786.58,0.36,0,0,41.3,300611,1641904935.68369,0
786.58,0.36,0,0,41.3,300623,1641904935.69613,0
786.58,0.34,0,0,41.3,300637,1641904935.70873,0
786.58,0.34,0,0,41.3,300650,1641904935.72573,0
786.58,0.34,0,0,41.3,300662,1641904935.73768,0
786.58,0.34,0,0,41.3,300676,1641904935.74993,0
786.58,0.34,0,0,41.3,300688,1641904935.76231,0
786.58,0.34,0,0,41.3,300701,1641904935.77452,0
786.58,0.34,0,0,41.3,300713,1641904935.78657,0
786.58,0.34,0,0,41.3,300727,1641904935.79903,0
786.58,0.34,0,0,41.3,300739,1641904935.81525,0
786.58,0.34,0,0,41.3,300752,1641904935.82832,0
786.58,0.34,0,0,41.3,300765,1641904935.84032,0
786.58,0.34,0,0,41.3,300778,1641904935.85287,0
786.58,0.34,0,0,41.3,300789,1641904935.865,0
786.58,0.34,0,0,41.3,300802,1641904935.87638,0
786.58,0.34,0,0,41.3,300814,1641904935.88856,0
786.58,0.34,0,0,41.3,300827,1641904935.90102,0
786.58,0.34,0,0,41.3,300839,1641904935.91397,0
786.58,0.34,0,0,41.3,300852,1641904935.92626,0
786.58,0.34,0,0,41.3,300864,1641904935.94442,0
786.58,0.34,0,0,41.3,300877,1641904935.95202,0
786.58,0.34,0,0,41.3,300890,1641904935.96455,0
786.58,0.34,0,0,41.3,300902,1641904935.97559,0
786.58,0,0,0,41.3,300914,1641904935.98803,0
786.58,0,0,0,41.3,300926,1641904936.00041,0
786.58,0,0,0,41.3,300940,1641904936.01612,0
786.58,0,0,0,41.3,300953,1641904936.0292,0
786.58,0,0,0,41.3,300965,1641904936.0403,0
786.58,0,0,0,41.3,300977,1641904936.05477,0
786.58,0,0,0,41.3,300990,1641904936.06633,0
786.58,0,0,0,41.3,301001,1641904936.07815,0
786.58,0,0,0,41.3,301014,1641904936.09029,0
786.58,0,0,0,41.3,301026,1641904936.10416,0
786.58,0,0,0,41.3,301039,1641904936.11454,0
786.58,0,0,0,41.3,301051,1641904936.12623,0
786.58,0,0,0,41.3,301064,1641904936.13839,0
786.58,0,0,0,41.3,301077,1641904936.1509,0
786.58,0,0,0,41.3,301089,1641904936.16355,0
786.58,0,0,0,41.3,301102,1641904936.17611,0
786.58,0,0,0,41.3,301113,1641904936.18855,0
786.58,0,0,0,41.3,301126,1641904936.20097,0
786.58,0,0,0,41.3,301137,1641904936.21236,0
786.58,0,0,0,41.3,301150,1641904936.2244,0
786.58,0,0,0,41.3,301163,1641904936.24687,0
786.58,0,0,0,41.3,301175,1641904936.24943,0
786.58,0,0,0,41.3,301189,1641904936.26307,0
786.58,0,0,0,41.3,301201,1641904936.27383,0
786.58,0,0,0,41.3,301213,1641904936.28633,0
786.58,0,0,0,41.3,301225,1641904936.29836,0
786.58,0,0,0,41.3,301237,1641904936.31114,0
786.58,0,0,0,41.3,301248,1641904936.32321,0
786.58,0,0,0,41.3,301260,1641904936.33584,0
786.58,0,0,0,41.3,301273,1641904936.34802,0
786.58,0,0,0,41.3,301285,1641904936.35945,0
786.58,0,0,0,41.3,301298,1641904936.37202,0
786.58,0,0,0,41.3,301312,1641904936.38443,0
786.58,0,0,0,41.3,301324,1641904936.39653,0
786.58,0,0,0,41.3,301336,1641904936.41319,0
786.58,0,0,0,41.3,301349,1641904936.42557,0
786.58,0,0,0,41.3,301362,1641904936.44047,0
786.58,0,0,0,41.3,301375,1641904936.45286,0
786.58,0,0,0,41.3,301387,1641904936.46378,0
786.58,0,0,0,41.3,301400,1641904936.47504,0
786.58,0,0,0,41.3,301413,1641904936.48774,0
786.58,0,0,0,41.3,301425,1641904936.50096,0
786.58,0,0,0,41.3,301437,1641904936.51391,0
786.58,0,0,0,41.3,301450,1641904936.52418,0
786.58,0,0,0,41.3,301462,1641904936.53675,0
786.58,0,0,0,41.3,301475,1641904936.549,0
786.58,0,0,0,41.3,301488,1641904936.56978,0
786.58,0,0,0,41.3,301500,1641904936.57678,0
786.58,0,0,0,41.3,301512,1641904936.58951,0
786.58,0,0,0,41.3,301526,1641904936.60397,0
786.58,0,0,0,41.3,301538,1641904936.6141,0
786.58,0,0,0,41.3,301550,1641904936.62629,0
786.58,0,0,0,41.3,301563,1641904936.63887,0
786.58,0,0,0,41.3,301576,1641904936.65131,0
786.58,0,0,0,41.3,301588,1641904936.66978,0
786.58,0,0,0,41.3,301600,1641904936.67656,0
786.58,0,0,0,41.3,301614,1641904936.68869,0
786.58,0,0,0,41.3,301625,1641904936.70074,0
786.58,0,0,0,41.3,301638,1641904936.71261,0
786.58,0,0,0,41.3,301649,1641904936.72466,0
786.58,0,0,0,41.3,301662,1641904936.73712,0
786.58,0,0,0,41.3,301674,1641904936.74942,0
786.58,0,0,0,41.3,301685,1641904936.76192,0
786.58,0,0,0,41.3,301699,1641904936.77423,0
786.58,0,0,0,41.3,301711,1641904936.7856,0
786.58,0,0,0,41.3,301724,1641904936.79821,0
786.58,0,0,0,41.3,301736,1641904936.81086,0
786.58,0,0,0,41.3,301750,1641904936.83289,0
786.58,0,0,0,41.3,301763,1641904936.84101,0
786.58,0,0,0,41.3,301775,1641904936.85193,0
786.58,0,0,0,41.3,301789,1641904936.86452,0
786.58,0,0,0,41.3,301801,1641904936.87569,0
786.58,0,0,0,41.3,301814,1641904936.88872,0
786.58,0,0,0,41.3,301827,1641904936.90103,0
786.58,0,0,0,41.3,301839,1641904936.91275,0
786.58,0,0,0,41.3,301852,1641904936.9296,0
786.58,0,0,0,41.3,301865,1641904936.94232,0
786.58,0,0,0,41.3,301878,1641904936.96251,0
786.58,0,0,0,41.3,301890,1641904936.97558,0
786.58,0,0,0,41.3,301903,1641904936.98277,0
786.58,0,0,0,41.3,301916,1641904936.99133,0
786.58,0,0,0,41.3,301929,1641904937.00348,0
786.58,0,0,0,41.3,301941,1641904937.02402,0
786.58,0,0,0,41.3,301954,1641904937.03062,0
786.58,0,0,0,41.3,301966,1641904937.03999,0
786.58,0,0,0,41.3,301979,1641904937.05685,0
786.58,0,0,0,41.3,301991,1641904937.07453,0
786.58,0,0,0,41.3,302004,1641904937.08189,0
786.58,0,0,0,41.3,302017,1641904937.09652,0
786.58,0,0,0,41.3,302029,1641904937.10611,0
786.58,0,0,0,41.3,302042,1641904937.11829,0
786.58,0,0,0,41.3,302055,1641904937.12992,0
786.58,0,0,0,41.3,302068,1641904937.14343,0
786.58,0,0,0,41.3,302081,1641904937.1548,0
786.58,0,0,0,41.3,302094,1641904937.17169,0
786.58,0,0,0,41.3,302106,1641904937.18375,0
786.58,0,0,0,41.3,302118,1641904937.19637,0
786.58,0,0,0,41.3,302131,1641904937.2085,0
786.58,0,0,0,41.3,302143,1641904937.22049,0
786.58,0,0,0,41.3,302154,1641904937.2332,0
786.58,0,0,0,41.3,302168,1641904937.24532,0
786.58,0,0,0,41.3,302180,1641904937.2567,0
786.58,0,0,0,41.3,302192,1641904937.26893,0
786.58,0,0,0,41.3,302205,1641904937.28129,0
786.58,0,0,0,41.3,302218,1641904937.29384,0
786.58,0,0,0,41.3,302229,1641904937.30595,0
786.58,0,0,0,41.3,302240,1641904937.31829,0
786.58,0,0,0,41.3,302254,1641904937.33057,0
786.58,0,0,0,41.3,302266,1641904937.34291,0
786.58,0,0,0,41.3,302279,1641904937.35489,0
786.58,0,0,0,41.3,302291,1641904937.36741,0
786.58,0,0,0,41.3,302304,1641904937.37976,0
786.58,0,0,0,41.3,302317,1641904937.39232,0
786.58,0,0,0,41.3,302330,1641904937.40474,0
786.58,0,0,0,41.3,302343,1641904937.42026,0
786.58,0,0,0,41.3,302354,1641904937.42947,0
786.58,0,0,0,41.3,302366,1641904937.44186,0
786.58,0,0,0,41.3,302380,1641904937.45741,0
786.58,0,0,0,41.3,302391,1641904937.46624,0
786.58,0,0,0,41.3,302404,1641904937.47834,0
786.58,0,0,0,41.3,302416,1641904937.49516,0
786.58,0,0,0,41.3,302430,1641904937.51771,0
786.58,0,0,0,41.3,302442,1641904937.52015,0
786.58,0,0,0,41.3,302454,1641904937.53129,0
786.58,0,0,0,41.3,302468,1641904937.54352,0
786.58,0,0,0,41.3,302480,1641904937.55564,0
786.58,0,0,0,41.3,302493,1641904937.56793,0
786.58,0,0,0,41.3,302504,1641904937.5805,0
786.58,0,0,0,41.3,302517,1641904937.59395,0
786.58,0,0,0,41.3,302529,1641904937.61026,0
786.58,0,0,0,41.3,302542,1641904937.62013,0
786.58,0,0,0,41.3,302555,1641904937.63043,0
786.58,0,0,0,41.3,302568,1641904937.6473,0
786.58,0,0,0,41.3,302581,1641904937.65904,0
786.58,0,0,0,41.3,302594,1641904937.67034,0
786.58,0,0,0,41.3,302606,1641904937.68301,0
786.58,0,0,0,41.3,302619,1641904937.69525,0
786.58,0,0,0,41.3,302631,1641904937.70731,0
786.58,0,0,0,41.3,302645,1641904937.72844,0
786.58,0,0,0,41.3,302657,1641904937.73451,0
786.58,0,0,0,41.3,302670,1641904937.748,0
786.58,0,0,0,41.3,302683,1641904937.76064,0
786.58,0,0,0,41.3,302694,1641904937.77347,0
786.58,0,0,0,41.3,302707,1641904937.78492,0
786.58,0,0,0,41.3,302720,1641904937.79789,0
786.58,0,0,0,41.3,302732,1641904937.81062,0
786.58,0,0,0,41.3,302745,1641904937.82184,0
786.58,0,0,0,41.3,302758,1641904937.83429,0
786.58,0,0,0,41.3,302771,1641904937.85138,0
786.58,0,0,0,41.3,302784,1641904937.86245,0
786.58,-3.37,0,0,41.3,302796,1641904937.87539,0
786.58,-3.37,0,0,41.3,302810,1641904937.89127,0
786.58,-3.37,0,0,41.3,302822,1641904937.90325,0
786.58,-3.37,0,0,41.3,302835,1641904937.91436,0
786.58,-3.37,0,0,41.3,302849,1641904937.92555,0
786.58,-3.37,0,0,41.3,302861,1641904937.93651,0
786.58,-3.37,0,0,41.3,302874,1641904937.94998,0
786.58,-3.37,0,0,41.3,302886,1641904937.96603,0
786.58,-3.37,0,0,41.3,302899,1641904937.97388,0
786.58,-3.37,0,0,41.3,302910,1641904937.98654,0
786.58,0.36,0,0,41.3,302924,1641904938.00212,0
786.58,0.36,0,0,41.3,302937,1641904938.01437,0
786.58,0.36,0,0,41.3,302950,1641904938.02769,0
786.58,0.36,0,0,41.3,302961,1641904938.039,0
786.58,0.36,0,0,41.3,302973,1641904938.06126,0
786.58,0.36,0,0,41.3,302987,1641904938.06751,0
786.58,0.36,0,0,41.3,302999,1641904938.07638,0
786.58,0.36,0,0,41.3,303012,1641904938.08932,0
786.58,0.36,0,0,41.3,303025,1641904938.10047,0
786.58,0.36,0,0,41.3,303038,1641904938.12324,0
786.58,0.36,0,0,41.3,303050,1641904938.13563,0
786.58,0.36,0,0,41.3,303064,1641904938.14406,0
786.58,0.36,0,0,41.3,303076,1641904938.15483,0
786.58,0.36,0,0,41.3,303089,1641904938.166,0
786.58,0.36,0,0,41.3,303100,1641904938.17832,0
786.58,0.36,0,0,41.3,303113,1641904938.19098,0
786.58,0.36,0,0,41.3,303124,1641904938.20352,0
786.58,0.36,0,0,41.3,303137,1641904938.21581,0
786.58,0.36,0,0,41.3,303151,1641904938.22846,0
786.58,0.36,0,0,41.3,303163,1641904938.24053,0
786.58,0.36,0,0,41.3,303175,1641904938.25303,0
786.58,0.36,0,0,41.3,303188,1641904938.26451,0
786.58,0.36,0,0,41.3,303201,1641904938.27706,0
786.58,0.36,0,0,41.3,303214,1641904938.29339,0
786.58,0.36,0,0,41.3,303227,1641904938.30592,0
786.58,0.36,0,0,41.3,303240,1641904938.31866,0
786.58,0.36,0,0,41.3,303253,1641904938.33013,0
786.58,0.36,0,0,41.3,303266,1641904938.34322,0
786.58,0.36,0,0,41.3,303279,1641904938.35502,0
786.58,0.36,0,0,41.3,303292,1641904938.37196,0
786.58,0.36,0,0,41.3,303304,1641904938.38424,0
786.58,0.36,0,0,41.3,303318,1641904938.39628,0
786.58,0.36,0,0,41.3,303330,1641904938.40857,0
786.58,0.36,0,0,41.3,303343,1641904938.42658,0
786.58,0.36,0,0,41.3,303355,1641904938.43514,0
786.58,0.36,0,0,41.3,303369,1641904938.4455,0
786.58,0.36,0,0,41.3,303381,1641904938.45771,0
786.58,0.36,0,0,41.3,303394,1641904938.47363,0
786.58,0.36,0,0,41.3,303407,1641904938.48595,0
786.58,0.36,0,0,41.3,303419,1641904938.49796,0
786.58,0.36,0,0,41.3,303432,1641904938.51016,0
786.58,0.36,0,0,41.3,303444,1641904938.53009,0
786.58,0.36,0,0,41.3,303458,1641904938.545,0
786.58,0.36,0,0,41.3,303470,1641904938.54825,0
786.58,0.36,0,0,41.3,303482,1641904938.55974,0
786.58,0.36,0,0,41.3,303495,1641904938.57197,0
786.58,0.36,0,0,41.3,303508,1641904938.58457,0
786.58,0.36,0,0,41.3,303520,1641904938.60217,0
786.58,0.36,0,0,41.3,303533,1641904938.61228,0
786.58,0.36,0,0,41.3,303544,1641904938.62158,0
786.58,0.36,0,0,41.3,303557,1641904938.63728,0
786.58,0.36,0,0,41.3,303570,1641904938.64958,0
786.58,0.36,0,0,41.3,303583,1641904938.6671,0
786.58,0.36,0,0,41.3,303596,1641904938.67742,0
786.58,0.36,0,0,41.3,303608,1641904938.68946,0
786.58,0.36,0,0,41.3,303622,1641904938.69994,0
786.58,0.36,0,0,41.3,303634,1641904938.71065,0
786.58,0.36,0,0,41.3,303647,1641904938.7329,0
786.58,0.36,0,0,41.3,303660,1641904938.73984,0
786.58,0.36,0,0,41.3,303673,1641904938.75282,0
786.58,0.36,0,0,41.3,303686,1641904938.76386,0
786.58,0.36,0,0,41.3,303699,1641904938.77618,0
786.58,0.36,0,0,41.3,303712,1641904938.78858,0
786.58,0.36,0,0,41.3,303725,1641904938.80111,0
786.58,0.36,0,0,41.3,303737,1641904938.81689,0
786.58,0.36,0,0,41.3,303751,1641904938.82946,0
786.58,0.36,0,0,41.3,303763,1641904938.84226,0
786.58,0.36,0,0,41.3,303775,1641904938.85468,0
786.58,0.36,0,0,41.3,303788,1641904938.86669,0
786.58,0.36,0,0,41.3,303800,1641904938.87901,0
786.58,0.36,0,0,41.3,303813,1641904938.89164,0
786.58,0.36,0,0,41.3,303825,1641904938.90397,0
786.58,0.36,0,0,41.3,303839,1641904938.91625,0
786.58,0.36,0,0,41.3,303851,1641904938.92873,0
786.58,0.36,0,0,41.3,303864,1641904938.94444,0
786.58,0.36,0,0,41.3,303876,1641904938.95325,0
786.58,0.36,0,0,41.3,303889,1641904938.96904,0
786.58,0.36,0,0,41.3,303901,1641904938.98153,0
786.58,0.36,0,0,41.3,303915,1641904938.99401,0
786.58,0.36,0,0,41.3,303927,1641904939.00526,0
786.58,0.36,0,0,41.3,303940,1641904939.01765,0
786.58,0.36,0,0,41.3,303952,1641904939.03045,0
786.58,0.36,0,0,41.3,303965,1641904939.04316,0
786.58,0.36,0,0,41.3,303978,1641904939.05544,0
786.58,0.36,0,0,41.3,303990,1641904939.0677,0
786.58,0.36,0,0,41.3,304004,1641904939.08374,0
786.58,0.36,0,0,41.3,304016,1641904939.09627,0
786.58,0.36,0,0,41.3,304028,1641904939.10862,0
786.58,0.36,0,0,41.3,304040,1641904939.12106,0
786.58,0.36,0,0,41.3,304054,1641904939.13341,0
786.58,0.36,0,0,41.3,304066,1641904939.14542,0
786.58,0.36,0,0,41.3,304077,1641904939.15796,0
786.58,0.36,0,0,41.3,304091,1641904939.17044,0
786.58,0.36,0,0,41.3,304104,1641904939.18153,0
786.58,0.36,0,0,41.3,304117,1641904939.19405,0
786.58,0.36,0,0,41.3,304130,1641904939.21175,0
786.58,0.36,0,0,41.3,304142,1641904939.21976,0
786.58,0.36,0,0,41.3,304154,1641904939.23547,0
786.58,0.36,0,0,41.3,304167,1641904939.2477,0
786.58,0.36,0,0,41.3,304180,1641904939.26022,0
786.58,0.36,0,0,41.3,304193,1641904939.27298,0
786.58,0.36,0,0,41.3,304205,1641904939.28503,0
786.58,0.36,0,0,41.3,304219,1641904939.29739,0
786.58,0.36,0,0,41.3,304231,1641904939.31061,0
786.58,0.36,0,0,41.3,304244,1641904939.32199,0
786.58,0.36,0,0,41.3,304258,1641904939.33746,0
786.58,0.36,0,0,41.3,304271,1641904939.35069,0
786.58,0.36,0,0,41.3,304283,1641904939.36175,0
786.58,0.36,0,0,41.3,304296,1641904939.37519,0
786.58,0.36,0,0,41.3,304309,1641904939.38731,0
786.58,0.36,0,0,41.3,304322,1641904939.39951,0
786.58,0.36,0,0,41.3,304334,1641904939.42245,0
786.58,0.36,0,0,41.3,304347,1641904939.42502,0
786.58,0.36,0,0,41.3,304360,1641904939.44033,0
786.58,0.36,0,0,41.3,304372,1641904939.45295,0
786.58,0.36,0,0,41.3,304386,1641904939.46541,0
786.58,0.36,0,0,41.3,304398,1641904939.47663,0
786.58,0.36,0,0,41.3,304410,1641904939.49033,0
786.58,0.36,0,0,41.3,304422,1641904939.50238,0
786.58,0.36,0,0,41.3,304435,1641904939.5137,0
786.58,0.36,0,0,41.3,304446,1641904939.52601,0
786.58,0.36,0,0,41.3,304459,1641904939.53871,0
786.58,0.36,0,0,41.3,304472,1641904939.55069,0
786.58,0.36,0,0,41.3,304485,1641904939.56315,0
786.58,0.36,0,0,41.3,304497,1641904939.57517,0
786.58,0.36,0,0,41.3,304510,1641904939.59255,0
786.58,0.36,0,0,41.3,304523,1641904939.60478,0
786.58,0.36,0,0,41.3,304536,1641904939.61582,0
786.58,0.36,0,0,41.3,304549,1641904939.62848,0
786.58,0.36,0,0,41.3,304562,1641904939.64048,0
786.58,0.36,0,0,41.3,304575,1641904939.65316,0
786.58,0.36,0,0,41.3,304587,1641904939.66552,0
786.58,0.36,0,0,41.3,304601,1641904939.6824,0
786.58,0.36,0,0,41.3,304614,1641904939.69365,0
786.58,0.36,0,0,41.3,304626,1641904939.70596,0
786.58,0.36,0,0,41.3,304640,1641904939.71822,0
786.58,0.36,0,0,41.3,304652,1641904939.73058,0
786.58,0.36,0,0,41.3,304665,1641904939.74321,0
786.58,0.36,0,0,41.3,304677,1641904939.75564,0
786.58,0.36,0,0,41.3,304691,1641904939.77165,0
786.58,0.36,0,0,41.3,304703,1641904939.78385,0
786.58,0.36,0,0,41.3,304716,1641904939.79638,0
786.58,0.36,0,0,41.3,304729,1641904939.80903,0
786.58,0.36,0,0,41.3,304742,1641904939.82143,0
786.58,0.36,0,0,41.3,304755,1641904939.834,0
786.58,0.36,0,0,41.3,304769,1641904939.8496,0
786.58,0.36,0,0,41.3,304781,1641904939.8616,0
786.58,0.36,0,0,41.3,304793,1641904939.87482,0
786.58,0.36,0,0,41.3,304806,1641904939.8874,0
786.58,0.36,0,0,41.3,304819,1641904939.89879,0
786.58,0.36,0,0,41.3,304832,1641904939.91171,0
786.58,0.36,0,0,41.3,304844,1641904939.9231,0
786.58,0.36,0,0,41.3,304858,1641904939.93623,0
786.58,0.36,0,0,41.3,304870,1641904939.94839,0
786.58,0.36,0,0,41.3,304883,1641904939.96981,0
786.58,0.36,0,0,41.3,304896,1641904939.98167,0
786.58,0.36,0,0,41.3,304908,1641904939.99829,0
786.58,0.36,0,0,41.3,304921,1641904940.00547,0
786.58,0.36,0,0,41.3,304933,1641904940.01397,0
786.58,0.35,0,0,41.3,304947,1641904940.02604,0
786.58,0.35,0,0,41.3,304960,1641904940.03819,0
786.58,0.35,0,0,41.3,304972,1641904940.05391,0
786.58,0.35,0,0,41.3,304986,1641904940.06636,0
786.58,0,0,0,41.3,304998,1641904940.07892,0
786.58,0,0,0,41.3,305009,1641904940.09146,0
786.58,0,0,0,41.3,305021,1641904940.09942,0
786.58,0,0,0,41.3,305034,1641904940.12421,0
786.58,0,0,0,41.3,305046,1641904940.13114,0
786.58,0,0,0,41.3,305059,1641904940.14101,0
786.58,0,0,0,41.3,305071,1641904940.15377,0
786.58,0,0,0,41.3,305084,1641904940.16529,0
786.58,0,0,0,41.3,305096,1641904940.17704,0
786.58,0,0,0,41.3,305107,1641904940.18924,0
786.58,0,0,0,41.3,305121,1641904940.20149,0
786.58,0,0,0,41.3,305133,1641904940.21406,0
786.58,0,0,0,41.3,305146,1641904940.22638,0
786.58,0,0,0,41.3,305160,1641904940.23859,0
786.58,0,0,0,41.3,305172,1641904940.25121,0
786.58,0,0,0,41.3,305184,1641904940.27254,0
786.58,0,0,0,41.3,305198,1641904940.28445,0
786.58,0,0,0,41.3,305210,1641904940.29526,0
786.58,0,0,0,41.3,305223,1641904940.30401,0
786.58,0,0,0,41.3,305234,1641904940.31696,0
786.58,0,0,0,41.3,305248,1641904940.32902,0
786.58,0,0,0,41.3,305260,1641904940.3418,0
786.58,0,0,0,41.3,305272,1641904940.35323,0
786.58,0,0,0,41.3,305285,1641904940.36582,0
786.58,0,0,0,41.3,305298,1641904940.37818,0
786.58,0,0,0,41.3,305310,1641904940.39087,0
786.58,0,0,0,41.3,305323,1641904940.40216,0
786.58,0,0,0,41.3,305336,1641904940.41559,0
786.58,0,0,0,41.3,305347,1641904940.42703,0
786.58,0,0,0,41.3,305358,1641904940.43941,0
786.58,0,0,0,41.3,305372,1641904940.45187,0
786.58,0,0,0,41.3,305384,1641904940.46398,0
786.58,0,0,0,41.3,305397,1641904940.47634,0
786.58,0,0,0,41.3,305410,1641904940.4891,0
786.58,0,0,0,41.3,305422,1641904940.50111,0
786.58,0,0,0,41.3,305435,1641904940.51702,0
786.58,0,0,0,41.3,305446,1641904940.52617,0
786.58,0,0,0,41.3,305459,1641904940.54787,0
786.58,0,0,0,41.3,305471,1641904940.55304,0
786.58,0,0,0,41.3,305484,1641904940.56682,0
786.58,0,0,0,41.3,305497,1641904940.57875,0
786.58,0,0,0,41.3,305509,1641904940.59123,0
786.58,0,0,0,41.3,305522,1641904940.60354,0
786.58,0,0,0,41.3,305534,1641904940.61573,0
786.58,0,0,0,41.3,305547,1641904940.62795,0
786.58,0,0,0,41.3,305560,1641904940.63987,0
786.58,0,0,0,41.3,305572,1641904940.65237,0
786.58,0,0,0,41.3,305586,1641904940.66455,0
786.58,0,0,0,41.3,305598,1641904940.68099,0
786.58,0,0,0,41.3,305611,1641904940.69442,0
786.58,0,0,0,41.3,305624,1641904940.70614,0
786.58,0,0,0,41.3,305637,1641904940.71842,0
786.58,0,0,0,41.3,305648,1641904940.73054,0
786.58,0,0,0,41.3,305660,1641904940.74288,0
786.58,0,0,0,41.3,305674,1641904940.7549,0
786.58,0,0,0,41.3,305686,1641904940.76697,0
786.58,0,0,0,41.3,305699,1641904940.77931,0
786.58,0,0,0,41.3,305713,1641904940.79171,0
786.58,0,0,0,41.3,305726,1641904940.80875,0
786.58,0,0,0,41.3,305738,1641904940.8199,0
786.58,0,0,0,41.3,305751,1641904940.83242,0
786.58,0,0,0,41.3,305764,1641904940.84502,0
786.58,0,0,0,41.3,305776,1641904940.85736,0
786.58,0,0,0,41.3,305787,1641904940.87495,0
786.58,0,0,0,41.3,305800,1641904940.88569,0
786.58,0,0,0,41.3,305812,1641904940.89662,0
786.58,0,0,0,41.3,305825,1641904940.90714,0
786.58,0,0,0,41.3,305838,1641904940.9194,0
786.58,0,0,0,41.3,305850,1641904940.93159,0
786.58,0,0,0,41.3,305863,1641904940.94424,0
786.58,0,0,0,41.3,305875,1641904940.95558,0
786.58,0,0,0,41.3,305888,1641904940.97702,0
786.58,0,0,0,41.3,305901,1641904940.98689,0
786.58,0,0,0,41.3,305913,1641904940.99819,0
786.58,0,0,0,41.3,305927,1641904941.00956,0
786.58,0,0,0,41.3,305939,1641904941.02196,0
786.58,0,0,0,41.3,305951,1641904941.03316,0
786.58,0,0,0,41.3,305965,1641904941.04523,0
786.58,0,0,0,41.3,305977,1641904941.06729,0
786.58,0,0,0,41.3,305989,1641904941.07567,0
786.58,0,0,0,41.3,306001,1641904941.0835,0
786.58,0,0,0,41.3,306014,1641904941.09581,0
786.58,0,0,0,41.3,306027,1641904941.10898,0
786.58,0,0,0,41.3,306039,1641904941.11924,0
786.58,0,0,0,41.3,306052,1641904941.1316,0
786.58,0,0,0,41.3,306063,1641904941.15012,0
786.58,0,0,0,41.3,306075,1641904941.16347,0
786.58,0,0,0,41.3,306087,1641904941.17138,0
786.58,0,0,0,41.3,306101,1641904941.18147,0
786.58,0,0,0,41.3,306113,1641904941.19373,0
786.58,0,0,0,41.3,306125,1641904941.20603,0
786.58,0,0,0,41.3,306139,1641904941.2222,0
786.58,0,0,0,41.3,306151,1641904941.23395,0
786.58,0,0,0,41.3,306164,1641904941.24642,0
786.58,0,0,0,41.3,306177,1641904941.25871,0
786.58,0,0,0,41.3,306190,1641904941.27118,0
786.58,0,0,0,41.3,306202,1641904941.28381,0
786.58,0,0,0,41.3,306214,1641904941.29745,0
786.58,0,0,0,41.3,306228,1641904941.3098,0
786.58,0,0,0,41.3,306240,1641904941.32171,0
786.58,0,0,0,41.3,306252,1641904941.33662,0
786.58,0,0,0,41.3,306266,1641904941.35294,0
786.58,0,0,0,41.3,306278,1641904941.36272,0
786.58,0,0,0,41.3,306290,1641904941.37345,0
786.58,0,0,0,41.3,306302,1641904941.3854,0
786.58,0,0,0,41.3,306316,1641904941.39786,0
786.58,0,0,0,41.3,306328,1641904941.41042,0
786.58,0,0,0,41.3,306340,1641904941.42244,0
786.58,0,0,0,41.3,306353,1641904941.43443,0
786.58,0,0,0,41.3,306366,1641904941.44994,0
786.58,0,0,0,41.3,306378,1641904941.46274,0
786.58,0,0,0,41.3,306390,1641904941.47156,0
786.58,0,0,0,41.3,306403,1641904941.48474,0
786.58,0,0,0,41.3,306416,1641904941.50042,0
786.58,0,0,0,41.3,306429,1641904941.51299,0
786.58,0,0,0,41.3,306442,1641904941.52489,0
786.58,0,0,0,41.3,306454,1641904941.54598,0
786.58,0,0,0,41.3,306467,1641904941.55282,0
786.58,0,0,0,41.3,306480,1641904941.56169,0
786.58,0,0,0,41.3,306493,1641904941.57631,0
786.58,0,0,0,41.3,306506,1641904941.58673,0
786.58,0,0,0,41.3,306519,1641904941.60222,0
786.58,0,0,0,41.3,306530,1641904941.61099,0
786.58,0,0,0,41.3,306543,1641904941.62814,0
786.58,0,0,0,41.3,306556,1641904941.64002,0
786.58,0,0,0,41.3,306569,1641904941.65254,0
786.58,0,0,0,41.3,306581,1641904941.66378,0
786.58,0,0,0,41.3,306593,1641904941.6772,0
786.58,0,0,0,41.3,306607,1641904941.68937,0
786.58,0,0,0,41.3,306619,1641904941.70165,0
786.58,0,0,0,41.3,306631,1641904941.71309,0
786.58,0,0,0,41.3,306643,1641904941.72526,0
786.58,0,0,0,41.3,306657,1641904941.7377,0
786.58,0,0,0,41.3,306670,1641904941.75082,0
786.58,0,0,0,41.3,306682,1641904941.77176,0
786.58,0,0,0,41.3,306696,1641904941.77831,0
786.58,0,0,0,41.3,306708,1641904941.79109,0
786.58,0,0,0,41.3,306721,1641904941.80335,0
786.58,0,0,0,41.3,306734,1641904941.8154,0
786.58,0,0,0,41.3,306747,1641904941.82775,0
786.58,0,0,0,41.3,306758,1641904941.83989,0
786.58,0,0,0,41.3,306771,1641904941.85262,0
786.58,0,0,0,41.3,306784,1641904941.86499,0
786.58,0,0,0,41.3,306796,1641904941.87781,0
786.58,0,0,0,41.3,306809,1641904941.89364,0
786.58,0,0,0,41.3,306821,1641904941.9027,0
786.58,0,0,0,41.3,306832,1641904941.91414,0
786.58,0,0,0,41.3,306845,1641904941.93809,0
786.58,0,0,0,41.3,306859,1641904941.94474,0
786.58,0,0,0,41.3,306871,1641904941.95514,0
786.58,0,0,0,41.3,306883,1641904941.96727,0
786.58,0,0,0,41.3,306895,1641904941.98005,0
786.58,0,0,0,41.3,306909,1641904941.99134,0
786.58,0,0,0,41.3,306921,1641904942.00394,0
786.58,0,0,0,41.3,306933,1641904942.01641,0
786.58,0,0,0,41.3,306946,1641904942.02886,0
786.58,0,0,0,41.3,306959,1641904942.04076,0
786.58,0,0,0,41.3,306971,1641904942.06141,0
786.58,0,0,0,41.3,306984,1641904942.07078,0
786.58,0,0,0,41.3,306996,1641904942.07882,0
786.58,0,0,0,41.3,307008,1641904942.09028,0
786.58,0,0,0,41.3,307020,1641904942.10201,0
786.58,0,0,0,41.3,307033,1641904942.11445,0
786.58,0,0,0,41.3,307045,1641904942.12668,0
786.58,0,0,0,41.3,307056,1641904942.13913,0
786.58,0,0,0,41.3,307069,1641904942.15176,0
786.58,0,0,0,41.3,307082,1641904942.16906,0
786.58,0,0,0,41.3,307095,1641904942.17934,0
786.58,0,0,0,41.3,307107,1641904942.19353,0
786.58,-12.43,0,0,41.3,307120,1641904942.20087,0
786.58,-12.43,0,0,41.3,307132,1641904942.21645,0
786.58,0.36,0,0,41.3,307145,1641904942.2293,0
786.58,0.36,0,0,41.3,307158,1641904942.24125,0
786.58,0.36,0,0,41.3,307171,1641904942.25377,0
786.58,0.36,0,0,41.3,307183,1641904942.26645,0
786.58,0.36,0,0,41.3,307196,1641904942.27893,0
786.58,0.36,0,0,41.3,307208,1641904942.29062,0
786.58,0.36,0,0,41.3,307221,1641904942.31156,0
786.58,0.36,0,0,41.3,307234,1641904942.31944,0
786.58,0.36,0,0,41.3,307247,1641904942.3322,0
786.58,0.36,0,0,41.3,307260,1641904942.34497,0
786.58,0.36,0,0,41.3,307272,1641904942.35675,0
786.58,0.36,0,0,41.3,307286,1641904942.36904,0
786.58,0.36,0,0,41.3,307297,1641904942.38136,0
786.58,0.36,0,0,41.3,307310,1641904942.39388,0
786.58,0.36,0,0,41.3,307322,1641904942.41653,0
786.58,0.36,0,0,41.3,307336,1641904942.4218,0
786.58,0.36,0,0,41.3,307348,1641904942.43308,0
786.58,0.36,0,0,41.3,307360,1641904942.44262,0
786.58,0.36,0,0,41.3,307374,1641904942.4592,0
786.58,0.36,0,0,41.3,307386,1641904942.4713,0
786.58,0.36,0,0,41.3,307398,1641904942.48376,0
786.58,0.36,0,0,41.3,307411,1641904942.49617,0
786.58,0.36,0,0,41.3,307424,1641904942.50891,0
786.58,0.36,0,0,41.3,307437,1641904942.52049,0
786.58,0.36,0,0,41.3,307449,1641904942.53284,0
786.58,0.36,0,0,41.3,307463,1641904942.54478,0
786.58,0.36,0,0,41.3,307474,1641904942.55748,0
786.58,0.36,0,0,41.3,307487,1641904942.56889,0
786.58,0.36,0,0,41.3,307501,1641904942.58628,0
786.58,0.36,0,0,41.3,307512,1641904942.59405,0
786.58,0.36,0,0,41.3,307525,1641904942.61672,0
786.58,0.36,0,0,41.3,307537,1641904942.62398,0
786.58,0.36,0,0,41.3,307551,1641904942.63456,0
786.58,0.36,0,0,41.3,307564,1641904942.64665,0
786.58,0.36,0,0,41.3,307577,1641904942.66185,0
786.58,0.36,0,0,41.3,307590,1641904942.67227,0
786.58,0.36,0,0,41.3,307603,1641904942.6878,0
786.58,0.36,0,0,41.3,307616,1641904942.70013,0
786.58,0.36,0,0,41.3,307629,1641904942.71287,0
786.58,0.36,0,0,41.3,307642,1641904942.72504,0
786.58,0.36,0,0,41.3,307655,1641904942.74302,0
786.58,0.36,0,0,41.3,307667,1641904942.75038,0
786.58,0.36,0,0,41.3,307680,1641904942.76591,0
786.58,0.36,0,0,41.3,307693,1641904942.77885,0
786.58,0.36,0,0,41.3,307705,1641904942.79013,0
786.58,0.36,0,0,41.3,307719,1641904942.80228,0
786.58,0.36,0,0,41.3,307731,1641904942.81475,0
786.58,0.36,0,0,41.3,307744,1641904942.82735,0
786.58,0.36,0,0,41.3,307757,1641904942.83996,0
786.58,0.36,0,0,41.3,307770,1641904942.85275,0
786.58,0.36,0,0,41.3,307782,1641904942.86862,0
786.58,0.36,0,0,41.3,307795,1641904942.88089,0
786.58,0.36,0,0,41.3,307808,1641904942.89321,0
786.58,0.36,0,0,41.3,307820,1641904942.9062,0
786.58,0.36,0,0,41.3,307831,1641904942.91778,0
786.58,0.36,0,0,41.3,307844,1641904942.93598,0
786.58,0.36,0,0,41.3,307857,1641904942.94641,0
786.58,0.36,0,0,41.3,307870,1641904942.95554,0
786.58,0.36,0,0,41.3,307884,1641904942.96706,0
786.58,0.36,0,0,41.3,307897,1641904942.97952,0
786.58,0.36,0,0,41.3,307909,1641904942.99561,0
786.58,0.36,0,0,41.3,307922,1641904943.00727,0
786.58,0.36,0,0,41.3,307935,1641904943.01939,0
786.58,0.36,0,0,41.3,307947,1641904943.03764,0
786.58,0.36,0,0,41.3,307959,1641904943.04529,0
786.58,0.36,0,0,41.3,307973,1641904943.05642,0
786.58,0.36,0,0,41.3,307986,1641904943.06874,0
786.58,0.36,0,0,41.3,307998,1641904943.08138,0
786.58,0.36,0,0,41.3,308011,1641904943.09403,0
786.58,0.36,0,0,41.3,308022,1641904943.10571,0
786.58,0.36,0,0,41.3,308035,1641904943.11785,0
786.58,0.36,0,0,41.3,308047,1641904943.13033,0
786.58,0.36,0,0,41.3,308061,1641904943.14738,0
786.58,0.36,0,0,41.3,308074,1641904943.15956,0
786.58,0.36,0,0,41.3,308086,1641904943.17766,0
786.58,0.36,0,0,41.3,308099,1641904943.18774,0
786.58,0.36,0,0,41.3,308110,1641904943.19657,0
786.58,0.36,0,0,41.3,308123,1641904943.20874,0
786.58,0.36,0,0,41.3,308135,1641904943.22759,0
786.58,0.36,0,0,41.3,308148,1641904943.23513,0
786.58,0.36,0,0,41.3,308160,1641904943.24557,0
786.58,0.36,0,0,41.3,308173,1641904943.25903,0
786.58,0.36,0,0,41.3,308187,1641904943.27046,0
786.58,0.36,0,0,41.3,308199,1641904943.28278,0
786.58,0.36,0,0,41.3,308213,1641904943.2988,0
786.58,0.36,0,0,41.3,308227,1641904943.31098,0
786.58,0.36,0,0,41.3,308239,1641904943.33295,0
786.58,0.36,0,0,41.3,308252,1641904943.33773,0
786.58,0.36,0,0,41.3,308264,1641904943.35218,0
786.58,0.36,0,0,41.3,308278,1641904943.36442,0
786.58,0.36,0,0,41.3,308290,1641904943.37694,0
786.58,0.36,0,0,41.3,308303,1641904943.38923,0
786.58,0.36,0,0,41.3,308316,1641904943.40271,0
786.58,0.36,0,0,41.3,308329,1641904943.41524,0
786.58,0.36,0,0,41.3,308340,1641904943.4264,0
786.58,0.36,0,0,41.3,308354,1641904943.4381,0
786.58,0.36,0,0,41.3,308366,1641904943.45026,0
786.58,0.36,0,0,41.3,308379,1641904943.46291,0
786.58,0.36,0,0,41.3,308391,1641904943.48371,0
786.58,0.36,0,0,41.3,308405,1641904943.49406,0
786.58,0.36,0,0,41.3,308418,1641904943.50529,0
786.58,0.36,0,0,41.3,308430,1641904943.5152,0
786.58,0.36,0,0,41.3,308444,1641904943.52813,0
786.58,0.36,0,0,41.3,308456,1641904943.54082,0
786.58,0.36,0,0,41.3,308469,1641904943.55327,0
786.58,0.36,0,0,41.3,308483,1641904943.56869,0
786.58,0.36,0,0,41.3,308496,1641904943.58128,0
786.58,0.36,0,0,41.3,308508,1641904943.59395,0
786.58,0.36,0,0,41.3,308520,1641904943.60636,0
786.58,0.36,0,0,41.3,308534,1641904943.61831,0
786.58,0.36,0,0,41.3,308546,1641904943.64014,0
786.58,0.36,0,0,41.3,308559,1641904943.65055,0
786.58,0.36,0,0,41.3,308572,1641904943.65935,0
786.58,0.36,0,0,41.3,308584,1641904943.67131,0
786.58,0.36,0,0,41.3,308596,1641904943.68364,0
786.58,0.36,0,0,41.3,308610,1641904943.69644,0
786.58,0.36,0,0,41.3,308622,1641904943.7084,0
786.58,0.36,0,0,41.3,308635,1641904943.72097,0
786.58,0.36,0,0,41.3,308647,1641904943.73224,0
786.58,0.36,0,0,41.3,308660,1641904943.74472,0
786.58,0.36,0,0,41.3,308672,1641904943.75707,0
786.58,0.36,0,0,41.3,308685,1641904943.76982,0
786.58,0.36,0,0,41.3,308698,1641904943.78247,0
786.58,0.36,0,0,41.3,308711,1641904943.79887,0
786.58,0.36,0,0,41.3,308722,1641904943.80585,0
786.58,0.36,0,0,41.3,308736,1641904943.82287,0
786.58,0.36,0,0,41.3,308749,1641904943.8354,0
786.58,0.36,0,0,41.3,308761,1641904943.84777,0
786.58,0.36,0,0,41.3,308774,1641904943.86028,0
786.58,0.36,0,0,41.3,308787,1641904943.87177,0
786.58,0.36,0,0,41.3,308800,1641904943.88404,0
786.58,0.36,0,0,41.3,308812,1641904943.89674,0
786.58,0.36,0,0,41.3,308826,1641904943.91248,0
786.58,0.36,0,0,41.3,308837,1641904943.92106,0
786.58,0.36,0,0,41.3,308849,1641904943.93354,0
786.58,0.36,0,0,41.3,308860,1641904943.9459,0
786.58,0.36,0,0,41.3,308874,1641904943.95821,0
786.58,0.36,0,0,41.3,308887,1641904943.97914,0
786.58,0.36,0,0,41.3,308899,1641904943.98736,0
786.58,0.36,0,0,41.3,308913,1641904943.99949,0
786.58,0.36,0,0,41.3,308924,1641904944.01232,0
786.58,0.36,0,0,41.3,308937,1641904944.02372,0
786.58,0.36,0,0,41.3,308950,1641904944.03604,0
786.58,0.36,0,0,41.3,308963,1641904944.04862,0
786.58,0.36,0,0,41.3,308975,1641904944.0598,0
786.58,0.36,0,0,41.3,308988,1641904944.08123,0
786.58,0.36,0,0,41.3,309001,1641904944.08776,0
786.58,0.36,0,0,41.3,309014,1641904944.10119,0
786.58,0.36,0,0,41.3,309027,1641904944.11345,0
786.58,0.36,0,0,41.3,309040,1641904944.12603,0
786.58,0.36,0,0,41.3,309053,1641904944.14672,0
786.58,0.36,0,0,41.3,309066,1641904944.15725,0
786.58,0.36,0,0,41.3,309079,1641904944.16497,0
786.58,0.36,0,0,41.3,309092,1641904944.17967,0
786.58,0.36,0,0,41.3,309104,1641904944.20033,0
786.58,0.36,0,0,41.3,309116,1641904944.20685,0
786.58,0.36,0,0,41.3,309128,1641904944.21638,0
786.58,0.36,0,0,41.3,309141,1641904944.22853,0
786.58,0.36,0,0,41.3,309153,1641904944.24036,0
786.58,0.36,0,0,41.3,309166,1641904944.25287,0
786.58,0.36,0,0,41.3,309179,1641904944.26486,0
786.58,0.36,0,0,41.3,309192,1641904944.2772,0
786.58,0.36,0,0,41.3,309206,1641904944.28961,0
786.58,0.36,0,0,41.3,309218,1641904944.30582,0
786.58,0.36,0,0,41.3,309231,1641904944.32713,0
786.58,0.36,0,0,41.3,309243,1641904944.33802,0
786.58,0.36,0,0,41.3,309257,1641904944.344,0
786.58,0.36,0,0,41.3,309269,1641904944.35561,0
786.58,0.36,0,0,41.3,309282,1641904944.36769,0
786.58,0.36,0,0,41.3,309295,1641904944.38018,0
786.58,0.36,0,0,41.3,309308,1641904944.39591,0
786.58,0.36,0,0,41.3,309320,1641904944.40902,0
786.58,0.1,0,0,41.3,309335,1641904944.4216,0
786.58,0.1,0,0,41.3,309347,1641904944.43309,0
786.58,0.1,0,0,41.3,309360,1641904944.44544,0
786.58,0.1,0,0,41.3,309372,1641904944.46304,0
786.58,0.1,0,0,41.3,309386,1641904944.47606,0
786.58,0.1,0,0,41.3,309398,1641904944.48846,0
786.58,0.1,0,0,41.3,309411,1641904944.49828,0
786.58,0.1,0,0,41.3,309424,1641904944.51015,0
786.58,0.1,0,0,41.3,309437,1641904944.52439,0
786.58,0.1,0,0,41.3,309448,1641904944.53608,0
786.58,0.1,0,0,41.3,309462,1641904944.5472,0
786.58,0.1,0,0,41.3,309473,1641904944.56046,0
786.58,0.1,0,0,41.3,309485,1641904944.57261,0
786.58,0.1,0,0,41.3,309497,1641904944.58516,0
786.58,0.1,0,0,41.3,309511,1641904944.59637,0
786.58,0.1,0,0,41.3,309523,1641904944.61439,0
786.58,0.1,0,0,41.3,309536,1641904944.62507,0
786.58,0.1,0,0,41.3,309549,1641904944.63426,0
786.58,0.1,0,0,41.3,309561,1641904944.64964,0
786.58,0.1,0,0,41.3,309574,1641904944.66247,0
786.58,0,0,0,41.3,309587,1641904944.6747,0
786.58,0,0,0,41.3,309600,1641904944.6871,0
786.58,0,0,0,41.3,309613,1641904944.69955,0
786.58,0,0,0,41.3,309625,1641904944.71096,0
786.58,0,0,0,41.3,309639,1641904944.72347,0
786.58,0,0,0,41.3,309650,1641904944.73609,0
786.58,0,0,0,41.3,309662,1641904944.74842,0
786.58,0,0,0,41.3,309675,1641904944.76058,0
786.58,0,0,0,41.3,309688,1641904944.77317,0
786.58,0,0,0,41.3,309700,1641904944.78568,0
786.58,0,0,0,41.3,309712,1641904944.79789,0
786.58,0,0,0,41.3,309725,1641904944.81389,0
786.58,0,0,0,41.3,309738,1641904944.82673,0
786.58,0,0,0,41.3,309751,1641904944.83901,0
786.58,0,0,0,41.3,309764,1641904944.8515,0
786.58,0,0,0,41.3,309776,1641904944.86385,0
786.58,0,0,0,41.3,309788,1641904944.87619,0
786.58,0,0,0,41.3,309799,1641904944.88724,0
786.58,0,0,0,41.3,309812,1641904944.90026,0
786.58,0,0,0,41.3,309825,1641904944.91273,0
786.58,0,0,0,41.3,309837,1641904944.92484,0
786.58,0,0,0,41.3,309851,1641904944.93691,0
786.58,0,0,0,41.3,309863,1641904944.94904,0
786.58,0,0,0,41.3,309876,1641904944.96098,0
786.58,0,0,0,41.3,309890,1641904944.97828,0
786.58,0,0,0,41.3,309902,1641904944.9905,0
786.58,0,0,0,41.3,309914,1641904945.00215,0
786.58,0,0,0,41.3,309926,1641904945.01475,0
786.58,0,0,0,41.3,309939,1641904945.02772,0
786.58,0,0,0,41.3,309951,1641904945.03952,0
786.58,0,0,0,41.3,309964,1641904945.05184,0
786.58,0,0,0,41.3,309977,1641904945.07186,0
786.58,0,0,0,41.3,309990,1641904945.07803,0
786.58,0,0,0,41.3,310002,1641904945.08967,0
786.58,0,0,0,41.3,310016,1641904945.10088,0
786.58,0,0,0,41.3,310028,1641904945.11765,0
786.58,0,0,0,41.3,310041,1641904945.12884,0
786.58,0,0,0,41.3,310053,1641904945.14152,0
786.58,0,0,0,41.3,310067,1641904945.15385,0
786.58,0,0,0,41.3,310079,1641904945.16606,0
786.58,0,0,0,41.3,310091,1641904945.17865,0
786.58,0,0,0,41.3,310105,1641904945.19028,0
786.58,0,0,0,41.3,310117,1641904945.20293,0
786.58,0,0,0,41.3,310129,1641904945.21586,0
786.58,0,0,0,41.3,310142,1641904945.23213,0
786.58,0,0,0,41.3,310155,1641904945.24391,0
786.58,0,0,0,41.3,310168,1641904945.25629,0
786.58,0,0,0,41.3,310180,1641904945.2689,0
786.58,0,0,0,41.3,310194,1641904945.28124,0
786.58,0,0,0,41.3,310206,1641904945.29368,0
786.58,0,0,0,41.3,310218,1641904945.30493,0
786.58,0,0,0,41.3,310232,1641904945.3175,0
786.58,0,0,0,41.3,310244,1641904945.32978,0
786.58,0,0,0,41.3,310257,1641904945.3462,0
786.58,0,0,0,41.3,310269,1641904945.35819,0
786.58,0,0,0,41.3,310281,1641904945.36726,0
786.58,0,0,0,41.3,310294,1641904945.38352,0
786.58,0,0,0,41.3,310306,1641904945.39592,0
786.58,0,0,0,41.3,310319,1641904945.40817,0
786.58,0,0,0,41.3,310332,1641904945.42032,0
786.58,0,0,0,41.3,310344,1641904945.43184,0
786.58,0,0,0,41.3,310358,1641904945.44473,0
786.58,0,0,0,41.3,310370,1641904945.457,0
786.58,0,0,0,41.3,310381,1641904945.46912,0
786.58,0,0,0,41.3,310393,1641904945.48692,0
786.58,0,0,0,41.3,310407,1641904945.49861,0
786.58,0,0,0,41.3,310419,1641904945.5096,0
786.58,0,0,0,41.3,310431,1641904945.52168,0
786.58,0,0,0,41.3,310445,1641904945.53175,0
786.58,0,0,0,41.3,310457,1641904945.5435,0
786.58,0,0,0,41.3,310469,1641904945.56427,0
786.58,0,0,0,41.3,310482,1641904945.57259,0
786.58,0,0,0,41.3,310495,1641904945.5835,0
786.58,0,0,0,41.3,310507,1641904945.59599,0
786.58,0,0,0,41.3,310519,1641904945.60826,0
786.58,0,0,0,41.3,310531,1641904945.62744,0
786.58,0,0,0,41.3,310544,1641904945.63424,0
786.58,0,0,0,41.3,310556,1641904945.64591,0
786.58,0,0,0,41.3,310567,1641904945.65827,0
786.58,0,0,0,41.3,310580,1641904945.666,0
786.58,0,0,0,41.3,310592,1641904945.68278,0
786.58,0,0,0,41.3,310604,1641904945.69492,0
786.58,0,0,0,41.3,310618,1641904945.70729,0
786.58,0,0,0,41.3,310629,1641904945.71851,0
786.58,0,0,0,41.3,310641,1641904945.7309,0
786.58,0,0,0,41.3,310654,1641904945.74373,0
786.58,0,0,0,41.3,310668,1641904945.7556,0
786.58,0,0,0,41.3,310680,1641904945.76829,0
786.58,0,0,0,41.3,310692,1641904945.78085,0
786.58,0,0,0,41.3,310706,1641904945.79342,0
786.58,0,0,0,41.3,310719,1641904945.80551,0
786.58,0,0,0,41.3,310731,1641904945.8213,0
786.58,0,0,0,41.3,310744,1641904945.83356,0
786.58,0,0,0,41.3,310757,1641904945.85081,0
786.58,0,0,0,41.3,310769,1641904945.86318,0
786.58,0,0,0,41.3,310781,1641904945.8727,0
786.58,0,0,0,41.3,310793,1641904945.88392,0
786.58,0,0,0,41.3,310806,1641904945.8949,0
786.58,0,0,0,41.3,310819,1641904945.90735,0
786.57,-0.14,0,0,41.3,310833,1641904945.9198,0
786.57,-0.14,0,0,41.3,310845,1641904945.93746,0
786.57,-0.3,0,0,41.3,310857,1641904945.94654,0
786.57,-0.3,0,0,41.3,310871,1641904945.961,0
786.57,-0.3,0,0,41.3,310884,1641904945.9737,0
786.56,-0.08,0,0,41.3,310896,1641904945.9849,0
786.56,-0.08,0,0,41.3,310908,1641904945.99728,0
786.56,-0.08,0,0,41.3,310921,1641904946.01042,0
786.56,-0.08,0,0,41.3,310934,1641904946.02241,0
786.56,-0.08,0,0,41.3,310946,1641904946.03654,0
786.56,-0.08,0,0,41.3,310960,1641904946.05009,0
786.56,-0.08,0,0,41.3,310972,1641904946.06193,0
786.56,-0.09,0,0,41.3,310984,1641904946.07547,0
786.56,-0.09,0,0,41.3,310998,1641904946.08856,0
786.56,-0.09,0,0,41.3,311010,1641904946.10006,0
786.56,-0.09,0,0,41.3,311022,1641904946.11274,0
786.56,-0.09,0,0,41.3,311035,1641904946.12504,0
786.56,-0.09,0,0,41.3,311048,1641904946.13712,0
786.56,-0.09,0,0,41.3,311060,1641904946.14925,0
786.56,-0.09,0,0,41.3,311073,1641904946.16749,0
786.56,-0.09,0,0,41.3,311086,1641904946.17495,0
786.56,-0.09,0,0,41.3,311098,1641904946.18908,0
786.56,-0.09,0,0,41.3,311111,1641904946.19936,0
786.56,-0.09,0,0,41.3,311123,1641904946.21135,0
786.56,-0.09,0,0,41.3,311136,1641904946.22258,0
786.56,-0.09,0,0,41.3,311149,1641904946.24057,0
786.56,-0.09,0,0,41.3,311161,1641904946.25129,0
786.56,-0.09,0,0,41.3,311174,1641904946.26381,0
786.56,-0.09,0,0,41.3,311186,1641904946.27619,0
786.56,-0.09,0,0,41.3,311198,1641904946.2884,0
786.56,-0.09,0,0,41.3,311211,1641904946.30067,0
786.56,-0.09,0,0,41.3,311223,1641904946.31302,0
786.56,-0.09,0,0,41.3,311236,1641904946.32744,0
786.56,-0.09,0,0,41.3,311248,1641904946.34083,0
786.56,-0.09,0,0,41.3,311262,1641904946.35037,0
786.56,-0.09,0,0,41.3,311274,1641904946.36232,0
786.56,-0.09,0,0,41.3,311286,1641904946.3744,0
786.56,-0.09,0,0,41.3,311300,1641904946.38697,0
786.56,-0.09,0,0,41.3,311312,1641904946.40343,0
786.56,-0.09,0,0,41.3,311324,1641904946.41566,0
786.56,-0.09,0,0,41.3,311336,1641904946.42363,0
786.56,-0.09,0,0,41.3,311349,1641904946.43631,0
786.56,-0.09,0,0,41.3,311361,1641904946.4523,0
786.56,-0.09,0,0,41.3,311373,1641904946.46476,0
786.56,-0.09,0,0,41.3,311387,1641904946.4771,0
786.56,-0.09,0,0,41.3,311399,1641904946.48944,0
786.56,-0.09,0,0,41.3,311412,1641904946.5016,0
786.56,-0.09,0,0,41.3,311425,1641904946.51324,0
786.56,-0.09,0,0,41.3,311437,1641904946.52582,0
786.56,-0.09,0,0,41.3,311450,1641904946.53827,0
786.56,-0.09,0,0,41.3,311461,1641904946.55082,0
786.56,-0.09,0,0,41.3,311474,1641904946.56351,0
786.56,-0.09,0,0,41.3,311487,1641904946.57484,0
786.56,-0.09,0,0,41.3,311499,1641904946.58746,0
786.56,-0.09,0,0,41.3,311512,1641904946.61145,0
786.56,-0.09,0,0,41.3,311525,1641904946.61755,0
786.56,-0.09,0,0,41.3,311537,1641904946.63006,0
786.56,-0.09,0,0,41.3,311549,1641904946.64115,0
786.56,-0.09,0,0,41.3,311563,1641904946.65343,0
786.56,-0.09,0,0,41.3,311575,1641904946.6658,0
786.56,-0.09,0,0,41.3,311587,1641904946.67715,0
786.56,-0.09,0,0,41.3,311600,1641904946.6896,0
786.56,-0.09,0,0,41.3,311613,1641904946.70247,0
786.56,-0.09,0,0,41.3,311625,1641904946.71409,0
786.56,-0.09,0,0,41.3,311638,1641904946.72671,0
786.56,-0.09,0,0,41.3,311651,1641904946.73858,0
786.56,-0.09,0,0,41.3,311663,1641904946.76087,0
786.56,-0.09,0,0,41.3,311675,1641904946.7664,0
786.56,-0.09,0,0,41.3,311689,1641904946.7803,0
786.56,-0.09,0,0,41.3,311701,1641904946.79218,0
786.56,-0.09,0,0,41.3,311713,1641904946.80426,0
786.56,-0.09,0,0,41.3,311726,1641904946.81662,0
786.56,-0.09,0,0,41.3,311738,1641904946.82919,0
786.56,-0.09,0,0,41.3,311751,1641904946.8418,0
786.56,-0.09,0,0,41.3,311763,1641904946.8594,0
786.56,-0.09,0,0,41.3,311776,1641904946.87311,0
786.56,-0.09,0,0,41.3,311789,1641904946.88106,0
786.56,-0.09,0,0,41.3,311801,1641904946.89069,0
786.56,-0.09,0,0,41.3,311813,1641904946.90296,0
786.56,-0.09,0,0,41.3,311825,1641904946.91499,0
786.56,-0.09,0,0,41.3,311838,1641904946.92778,0
786.56,-0.09,0,0,41.3,311852,1641904946.93997,0
786.56,-0.09,0,0,41.3,311864,1641904946.95583,0
786.56,-0.09,0,0,41.3,311877,1641904946.9682,0
786.56,-0.09,0,0,41.3,311888,1641904946.976,0
786.56,-0.09,0,0,41.3,311901,1641904946.99332,0
786.56,-0.09,0,0,41.3,311914,1641904947.00468,0
786.56,-0.09,0,0,41.3,311926,1641904947.01779,0
786.56,-0.09,0,0,41.3,311939,1641904947.03002,0
786.56,-0.09,0,0,41.3,311952,1641904947.04264,0
786.56,-0.09,0,0,41.3,311964,1641904947.05456,0
786.56,-0.09,0,0,41.3,311976,1641904947.06664,0
786.56,-0.09,0,0,41.3,311989,1641904947.07923,0
786.56,-0.09,0,0,41.3,312002,1641904947.09147,0
786.56,-0.09,0,0,41.3,312014,1641904947.10377,0
786.56,-0.09,0,0,41.3,312027,1641904947.11628,0
786.56,-0.09,0,0,41.3,312039,1641904947.12796,0
786.56,-0.09,0,0,41.3,312051,1641904947.13998,0
786.56,-0.09,0,0,41.3,312064,1641904947.1524,0
786.56,-0.09,0,0,41.3,312077,1641904947.16446,0
786.56,-0.09,0,0,41.3,312089,1641904947.181,0
786.56,-0.09,0,0,41.3,312101,1641904947.19338,0
786.56,-0.09,0,0,41.3,312115,1641904947.20574,0
786.56,-0.09,0,0,41.3,312127,1641904947.21812,0
786.56,-0.09,0,0,41.3,312140,1641904947.23664,0
786.56,-0.09,0,0,41.3,312153,1641904947.24465,0
786.56,-0.09,0,0,41.3,312165,1641904947.25562,0
786.56,-0.09,0,0,41.3,312177,1641904947.26686,0
786.56,-0.09,0,0,41.3,312189,1641904947.27952,0
786.56,-0.09,0,0,41.3,312202,1641904947.29224,0
786.56,-0.09,0,0,41.3,312214,1641904947.30467,0
786.56,-0.09,0,0,41.3,312227,1641904947.323,0
786.56,-0.09,0,0,41.3,312240,1641904947.3311,0
786.56,-0.09,0,0,41.3,312252,1641904947.3417,0
786.56,-0.09,0,0,41.3,312265,1641904947.35771,0
786.56,-0.09,0,0,41.3,312278,1641904947.37006,0
786.56,-0.09,0,0,41.3,312289,1641904947.37916,0
786.56,-0.09,0,0,41.3,312302,1641904947.39549,0
786.56,-0.09,0,0,41.3,312314,1641904947.40739,0
786.56,-0.09,0,0,41.3,312327,1641904947.41907,0
786.56,-0.09,0,0,41.3,312339,1641904947.43147,0
786.56,-0.09,0,0,41.3,312351,1641904947.4442,0
786.56,-0.09,0,0,41.3,312364,1641904947.45658,0
786.56,-0.09,0,0,41.3,312376,1641904947.46842,0
786.56,-0.09,0,0,41.3,312389,1641904947.47978,0
786.56,-0.09,0,0,41.3,312401,1641904947.49308,0
786.56,-0.09,0,0,41.3,312414,1641904947.50758,0
786.56,-0.09,0,0,41.3,312427,1641904947.52055,0
786.56,-0.09,0,0,41.3,312439,1641904947.53014,0
786.56,-0.09,0,0,41.3,312452,1641904947.54174,0
786.56,-0.09,0,0,41.3,312465,1641904947.55429,0
786.56,-0.09,0,0,41.3,312477,1641904947.56632,0
786.56,-0.09,0,0,41.3,312489,1641904947.57855,0
786.56,-0.09,0,0,41.3,312503,1641904947.59543,0
786.56,-0.09,0,0,41.3,312515,1641904947.60747,0
786.56,-0.09,0,0,41.3,312527,1641904947.61984,0
786.56,-0.09,0,0,41.3,312540,1641904947.63252,0
786.56,-0.09,0,0,41.3,312553,1641904947.64405,0
786.56,-0.09,0,0,41.3,312565,1641904947.65949,0
786.56,-0.09,0,0,41.3,312577,1641904947.66925,0
786.56,-0.09,0,0,41.3,312589,1641904947.68135,0
786.56,-0.09,0,0,41.3,312601,1641904947.69459,0
786.56,-0.09,0,0,41.3,312613,1641904947.70564,0
786.56,-0.09,0,0,41.3,312627,1641904947.71754,0
786.56,-0.09,0,0,41.3,312639,1641904947.72974,0
786.56,-0.09,0,0,41.3,312651,1641904947.74231,0
786.56,-0.09,0,0,41.3,312664,1641904947.75494,0
786.56,-0.09,0,0,41.3,312676,1641904947.767,0
786.56,-0.09,0,0,41.3,312688,1641904947.77902,0
786.56,-0.09,0,0,41.3,312700,1641904947.79175,0
786.56,-0.09,0,0,41.3,312714,1641904947.81334,0
786.56,-0.09,0,0,41.3,312726,1641904947.81771,0
786.56,-0.09,0,0,41.3,312738,1641904947.83154,0
786.56,-0.09,0,0,41.3,312752,1641904947.84158,0
786.56,-0.09,0,0,41.3,312764,1641904947.85786,0
786.56,-0.09,0,0,41.3,312776,1641904947.87507,0
786.56,-0.09,0,0,41.3,312790,1641904947.8851,0
786.56,-0.09,0,0,41.3,312801,1641904947.89519,0
786.56,-0.09,0,0,41.3,312814,1641904947.90738,0
786.56,-0.09,0,0,41.3,312826,1641904947.91936,0
786.56,-0.09,0,0,41.3,312840,1641904947.93113,0
786.56,-0.09,0,0,41.3,312852,1641904947.94428,0
786.56,-0.09,0,0,41.3,312865,1641904947.95502,0
786.56,-0.09,0,0,41.3,312878,1641904947.96724,0
786.56,-0.09,0,0,41.3,312890,1641904947.97956,0
786.56,-0.09,0,0,41.3,312903,1641904947.99844,0
786.56,-0.09,0,0,41.3,312915,1641904948.01186,0
786.56,-0.09,0,0,41.3,312928,1641904948.02091,0
786.56,-0.09,0,0,41.3,312940,1641904948.02991,0
786.56,-0.09,0,0,41.3,312952,1641904948.04936,0
786.56,-0.09,0,0,41.3,312965,1641904948.05812,0
786.56,-0.09,0,0,41.3,312977,1641904948.07,0
786.56,-0.09,0,0,41.3,312990,1641904948.08221,0
786.56,-0.09,0,0,41.3,313003,1641904948.09477,0
786.56,-0.09,0,0,41.3,313015,1641904948.10697,0
786.56,-0.09,0,0,41.3,313028,1641904948.12284,0
786.56,-0.09,0,0,41.3,313039,1641904948.13845,0
786.56,-0.09,0,0,41.3,313052,1641904948.14532,0
786.56,-0.09,0,0,41.3,313065,1641904948.15602,0
786.56,-0.09,0,0,41.3,313077,1641904948.16795,0
786.56,-0.09,0,0,41.3,313090,1641904948.18028,0
786.56,-0.09,0,0,41.3,313103,1641904948.19374,0
786.56,-0.09,0,0,41.3,313115,1641904948.20988,0
786.56,-0.09,0,0,41.3,313127,1641904948.2213,0
786.56,-0.09,0,0,41.3,313141,1641904948.23465,0
786.56,-0.09,0,0,41.3,313152,1641904948.24248,0
786.56,-0.09,0,0,41.3,313164,1641904948.25745,0
786.56,-0.09,0,0,41.3,313177,1641904948.27485,0
786.56,0.49,0,0,41.3,313191,1641904948.28368,0
786.56,0.49,0,0,41.3,313203,1641904948.29509,0
786.56,0.49,0,0,41.3,313216,1641904948.3071,0
786.56,0,0,0,41.3,313228,1641904948.3204,0
786.56,0,0,0,41.3,313240,1641904948.33286,0
786.56,0,0,0,41.3,313252,1641904948.34701,0
786.56,0,0,0,41.3,313266,1641904948.36098,0
786.56,0,0,0,41.3,313278,1641904948.36978,0
786.56,0,0,0,41.3,313290,1641904948.38174,0
786.56,0,0,0,41.3,313303,1641904948.39403,0
786.56,0,0,0,41.3,313316,1641904948.40573,0
786.56,0,0,0,41.3,313328,1641904948.43049,0
786.56,0,0,0,41.3,313340,1641904948.4357,0
786.56,0,0,0,41.3,313353,1641904948.44737,0
786.56,0,0,0,41.3,313365,1641904948.45932,0
786.56,0,0,0,41.3,313377,1641904948.47319,0
786.56,0,0,0,41.3,313391,1641904948.48429,0
786.56,0,0,0,41.3,313403,1641904948.49628,0
786.56,0,0,0,41.3,313415,1641904948.51135,0
786.56,0,0,0,41.3,313427,1641904948.52149,0
786.56,0,0,0,41.3,313440,1641904948.53361,0
786.56,0,0,0,41.3,313453,1641904948.54513,0
786.56,0,0,0,41.3,313465,1641904948.55739,0
786.56,0,0,0,41.3,313478,1641904948.56981,0
786.56,0,0,0,41.3,313489,1641904948.58272,0
786.56,0,0,0,41.3,313502,1641904948.5939,0
786.56,0,0,0,41.3,313515,1641904948.6073,0
786.56,0,0,0,41.3,313528,1641904948.62413,0
786.56,0,0,0,41.3,313540,1641904948.63572,0
786.56,0,0,0,41.3,313552,1641904948.64456,0
786.56,0,0,0,41.3,313565,1641904948.65612,0
786.56,0,0,0,41.3,313577,1641904948.66847,0
786.56,0,0,0,41.3,313590,1641904948.68003,0
786.56,0,0,0,41.3,313603,1641904948.69718,0
786.56,0,0,0,41.3,313615,1641904948.70967,0
786.56,0,0,0,41.3,313627,1641904948.72145,0
786.56,0,0,0,41.3,313639,1641904948.73449,0
786.56,0,0,0,41.3,313652,1641904948.74652,0
786.56,0,0,0,41.3,313665,1641904948.7585,0
786.56,0,0,0,41.3,313676,1641904948.7708,0
786.56,0,0,0,41.3,313689,1641904948.78267,0
786.56,0,0,0,41.3,313701,1641904948.79469,0
786.56,0,0,0,41.3,313713,1641904948.80723,0
786.56,0,0,0,41.3,313726,1641904948.81983,0
786.56,0,0,0,41.3,313739,1641904948.83199,0
786.56,0,0,0,41.3,313751,1641904948.84466,0
786.56,0,0,0,41.3,313764,1641904948.85598,0
786.56,0,0,0,41.3,313777,1641904948.8692,0
786.56,0,0,0,41.3,313789,1641904948.88174,0
786.56,0,0,0,41.3,313801,1641904948.89315,0
786.56,0,0,0,41.3,313814,1641904948.90583,0
786.56,0,0,0,41.3,313826,1641904948.91808,0
786.56,0,0,0,41.3,313838,1641904948.93064,0
786.56,0,0,0,41.3,313850,1641904948.94371,0
786.56,0,0,0,41.3,313863,1641904948.95542,0
786.56,0,0,0,41.3,313876,1641904948.96765,0
786.56,0,0,0,41.3,313888,1641904948.9789,0
786.56,0,0,0,41.3,313901,1641904948.99127,0
786.56,0,0,0,41.3,313913,1641904949.00365,0
786.56,0,0,0,41.3,313925,1641904949.02028,0
786.56,0,0,0,41.3,313938,1641904949.03281,0
786.56,0,0,0,41.3,313951,1641904949.04496,0
786.56,0,0,0,41.3,313963,1641904949.05681,0
786.56,0,0,0,41.3,313975,1641904949.06946,0
786.56,0,0,0,41.3,313988,1641904949.08198,0
786.56,0,0,0,41.3,314000,1641904949.09435,0
786.56,0,0,0,41.3,314013,1641904949.10676,0
786.56,0,0,0,41.3,314025,1641904949.12847,0
786.56,0,0,0,41.3,314038,1641904949.13465,0
786.56,0,0,0,41.3,314050,1641904949.14445,0
786.56,0,0,0,41.3,314061,1641904949.15521,0
786.56,0,0,0,41.3,314075,1641904949.16752,0
786.56,0,0,0,41.3,314087,1641904949.17977,0
786.56,0,0,0,41.3,314099,1641904949.19182,0
786.56,0,0,0,41.3,314112,1641904949.2045,0
786.56,0,0,0,41.3,314124,1641904949.21694,0
786.56,0,0,0,41.3,314136,1641904949.2355,0
786.56,0,0,0,41.3,314149,1641904949.24381,0
786.56,0,0,0,41.3,314162,1641904949.25476,0
786.56,0,0,0,41.3,314174,1641904949.26586,0
786.56,0,0,0,41.3,314186,1641904949.27807,0
786.56,0,0,0,41.3,314199,1641904949.29075,0
786.56,0,0,0,41.3,314212,1641904949.30316,0
786.56,0,0,0,41.3,314224,1641904949.31544,0
786.56,0,0,0,41.3,314236,1641904949.33216,0
786.56,0,0,0,41.3,314249,1641904949.34436,0
786.56,0,0,0,41.3,314261,1641904949.35686,0
786.56,0,0,0,41.3,314273,1641904949.36949,0
786.56,0,0,0,41.3,314287,1641904949.38682,0
786.56,0,0,0,41.3,314299,1641904949.39414,0
786.56,0,0,-0.01,41.3,314310,1641904949.40686,0
786.56,0,0,-0.01,41.3,314323,1641904949.41791,0
786.56,0,0,0,41.3,314336,1641904949.43326,0
786.56,0,0,0,41.3,314349,1641904949.44291,0
786.56,0,0,-0.01,41.3,314362,1641904949.45413,0
786.56,0,0,-0.01,41.3,314375,1641904949.4665,0
786.56,0,0,0,41.3,314387,1641904949.47861,0
786.56,0,0,0,41.3,314400,1641904949.49543,0
786.56,0,0,0,41.3,314413,1641904949.50773,0
786.56,0,0,0,41.3,314425,1641904949.51991,0
786.56,0,0,0,41.3,314437,1641904949.53254,0
786.56,0,0,0,41.3,314449,1641904949.54457,0
786.56,0,0,0,41.3,314461,1641904949.55268,0
786.56,0,0,0,41.3,314473,1641904949.5646,0
786.56,0,0,0,41.3,314485,1641904949.57705,0
786.56,0,0,0,41.3,314499,1641904949.59328,0
786.56,0,0,0,41.3,314511,1641904949.60557,0
786.56,0,0,0,41.3,314523,1641904949.61874,0
786.56,0,0,0,41.3,314536,1641904949.6308,0
786.56,0,0,0,41.3,314549,1641904949.65096,0
786.56,0,0,0,41.3,314561,1641904949.65993,0
786.56,0,0,0,41.3,314573,1641904949.66821,0
786.56,0,0,0,41.3,314587,1641904949.68005,0
786.56,0,0,0,41.3,314599,1641904949.69302,0
786.56,0,0,0,41.3,314611,1641904949.70489,0
786.56,0,0,0,41.3,314624,1641904949.71631,0
786.56,0,0,0,41.3,314636,1641904949.72888,0
786.56,0,0,0,41.3,314649,1641904949.74141,0
786.56,0,0,0,41.3,314661,1641904949.75391,0
786.56,0,0,0,41.3,314674,1641904949.76617,0
786.56,0,0,0,41.3,314686,1641904949.78197,0
786.56,0,0,0,41.3,314698,1641904949.79467,0
786.56,0,0,0,41.3,314711,1641904949.80691,0
786.56,0,0,0,41.3,314724,1641904949.81919,0
786.56,0,0,0,41.3,314736,1641904949.83151,0
786.56,0,0,0,41.3,314748,1641904949.84398,0
786.56,0,0,0,41.3,314761,1641904949.85632,0
786.56,0,0,0,41.3,314773,1641904949.8689,0
786.56,0,0,0,41.3,314786,1641904949.88113,0
786.56,0,0,0,41.3,314799,1641904949.8923,0
786.56,0,0,0,41.3,314811,1641904949.90471,0
786.56,0,0,0,41.3,314823,1641904949.91702,0
786.56,0,0,0,41.3,314834,1641904949.92962,0
786.56,0,0,0,41.3,314848,1641904949.94218,0
786.56,0,0,0,41.3,314860,1641904949.96257,0
786.56,0,0,0,41.3,314872,1641904949.96878,0
786.56,0,0,0,41.3,314886,1641904949.97882,0
786.56,0,0,0,41.3,314898,1641904949.991,0
786.56,0,0,0,41.3,314910,1641904950.00335,0
786.56,0,0,0,41.3,314923,1641904950.0156,0
786.56,0,0,0,41.3,314935,1641904950.02809,0
786.56,0,0,0,41.3,314947,1641904950.04046,0
786.56,0,0,0,41.3,314960,1641904950.05294,0
786.56,0,0,0,41.3,314972,1641904950.06543,0
786.56,0,0,0,41.3,314984,1641904950.07785,0
786.56,0,0,0,41.3,314996,1641904950.08928,0
786.56,0,0,0,41.3,315009,1641904950.10156,0
786.56,0,0,0,41.3,315022,1641904950.11919,0
786.56,0,0,0,41.3,315034,1641904950.13367,0
786.56,0,0,0,41.3,315046,1641904950.14321,0
786.56,0,0,0,41.3,315059,1641904950.15529,0
786.56,0,0,0,41.3,315071,1641904950.16753,0
786.56,0,0,0,41.3,315083,1641904950.18499,0
786.56,0,0,0,41.3,315097,1641904950.19237,0
786.56,0,0,0,41.3,315109,1641904950.20667,0
786.56,0,0,0,41.3,315121,1641904950.21705,0
786.56,0,0,0,41.3,315134,1641904950.22926,0
786.56,0,0,0,41.3,315147,1641904950.24136,0
786.56,0,0,0,41.3,315159,1641904950.25366,0
786.56,0,0,0,41.3,315172,1641904950.26497,0
786.56,0,0,0,41.3,315185,1641904950.27738,0
786.56,0,0,0,41.3,315197,1641904950.28964,0
786.56,0,0,0,41.3,315209,1641904950.30191,0
786.56,0,0,0,41.3,315222,1641904950.32695,0
786.56,0,0,0,41.3,315235,1641904950.34028,0
786.56,0,0,0,41.3,315247,1641904950.34393,0
786.56,0,0,0,41.3,315259,1641904950.3559,0
786.56,0,0,0,41.3,315272,1641904950.36767,0
786.56,0,0,0,41.3,315284,1641904950.3802,0
786.56,0,0,0,41.3,315297,1641904950.39307,0
786.56,0,0,0,41.3,315311,1641904950.40509,0
786.56,0,0,0,41.3,315323,1641904950.4175,0
786.56,0,0,0,41.3,315335,1641904950.42979,0
786.56,0,0,0,41.3,315347,1641904950.44232,0
786.56,0,0,0,41.3,315360,1641904950.45454,0
786.56,0,0,0,41.3,315373,1641904950.47623,0
786.56,0,0,0,41.3,315385,1641904950.48077,0
786.56,0,0,0,41.3,315398,1641904950.49553,0
786.56,0,0,0,41.3,315411,1641904950.5068,0
786.56,-0.07,0,0,41.3,315423,1641904950.51911,0
786.56,-0.09,0,0,41.3,315435,1641904950.5318,0
786.56,-0.09,0,0,41.3,315447,1641904950.54436,0
786.56,-0.09,0,0,41.3,315460,1641904950.55682,0
786.56,-0.09,0,0,41.3,315472,1641904950.57872,0
786.56,-0.09,0,0,41.3,315486,1641904950.58412,0
786.56,-0.09,0,0,41.3,315498,1641904950.59688,0
786.56,-0.09,0,0,41.3,315509,1641904950.60566,0
786.56,-0.09,0,0,41.3,315523,1641904950.61769,0
786.56,-0.09,0,0,41.3,315535,1641904950.63035,0
786.56,-0.09,0,0,41.3,315547,1641904950.64291,0
786.56,-0.09,0,0,41.3,315560,1641904950.65525,0
786.56,-0.09,0,0,41.3,315573,1641904950.66739,0
786.56,-0.09,0,0,41.3,315585,1641904950.67985,0
786.56,-0.09,0,0,41.3,315598,1641904950.69111,0
786.56,-0.09,0,0,41.3,315611,1641904950.70798,0
786.56,-0.09,0,0,41.3,315623,1641904950.72,0
786.56,-0.09,0,0,41.3,315635,1641904950.7325,0
786.56,-0.09,0,0,41.3,315649,1641904950.75405,0
786.56,-0.09,0,0,41.3,315661,1641904950.76504,0
786.56,-0.09,0,0,41.3,315673,1641904950.77064,0
786.56,-0.09,0,0,41.3,315686,1641904950.78181,0
786.56,-0.09,0,0,41.3,315699,1641904950.79711,0
786.56,-0.09,0,0,41.3,315711,1641904950.80688,0
786.56,-0.09,0,0,41.3,315724,1641904950.82032,0
786.56,-0.09,0,0,41.3,315737,1641904950.83277,0
786.56,-0.09,0,0,41.3,315749,1641904950.84459,0
786.56,-0.09,0,0,41.3,315761,1641904950.85675,0
786.56,-0.09,0,0,41.3,315773,1641904950.86903,0
786.56,-0.09,0,0,41.3,315786,1641904950.88063,0
786.56,-0.09,0,0,41.3,315798,1641904950.89381,0
786.56,-0.09,0,0,41.3,315810,1641904950.90532,0
786.56,-0.09,0,0,41.3,315823,1641904950.91769,0
786.56,-0.09,0,0,41.3,315835,1641904950.92882,0
786.56,-0.09,0,0,41.3,315848,1641904950.9458,0
786.56,-0.09,0,0,41.3,315862,1641904950.95829,0
786.56,-0.09,0,0,41.3,315874,1641904950.97844,0
786.56,-0.09,0,0,41.3,315886,1641904950.99229,0
786.56,-0.09,0,0,41.3,315898,1641904950.99879,0
786.56,-0.09,0,0,41.3,315912,1641904951.00829,0
786.56,-0.09,0,0,41.3,315924,1641904951.01982,0
786.56,-0.09,0,0,41.3,315936,1641904951.03096,0
786.56,-0.09,0,0,41.3,315950,1641904951.04343,0
786.56,-0.09,0,0,41.3,315961,1641904951.05597,0
786.56,-0.09,0,0,41.3,315972,1641904951.0682,0
786.56,-0.09,0,0,41.3,315984,1641904951.08051,0
786.56,-0.09,0,0,41.3,315997,1641904951.09322,0
786.56,-0.09,0,0,41.3,316010,1641904951.1055,0
786.56,-0.09,0,0,41.3,316022,1641904951.11805,0
786.56,-0.09,0,0,41.3,316035,1641904951.12944,0
786.56,-0.09,0,0,41.3,316048,1641904951.14159,0
786.56,-0.09,0,0,41.3,316060,1641904951.15464,0
786.56,-0.09,0,0,41.3,316072,1641904951.18065,0
786.56,-0.09,0,0,41.3,316085,1641904951.18567,0
786.56,-0.09,0,0,41.3,316098,1641904951.19561,0
786.56,-0.09,0,0,41.3,316110,1641904951.20728,0
786.56,-0.09,0,0,41.3,316123,1641904951.21937,0
786.56,-0.09,0,0,41.3,316136,1641904951.23189,0
786.56,-0.09,0,0,41.3,316148,1641904951.24676,0
786.56,-0.09,0,0,41.3,316161,1641904951.25945,0
786.56,-0.09,0,0,41.3,316173,1641904951.27097,0
786.56,-0.09,0,0,41.3,316185,1641904951.28124,0
786.56,-0.09,0,0,41.3,316198,1641904951.29498,0
786.56,-0.09,0,0,41.3,316211,1641904951.31442,0
786.56,-0.09,0,0,41.3,316224,1641904951.32196,0
786.56,-0.09,0,0,41.3,316236,1641904951.33463,0
786.56,-0.09,0,0,41.3,316249,1641904951.34662,0
786.56,-0.09,0,0,41.3,316262,1641904951.36231,0
786.56,-0.09,0,0,41.3,316274,1641904951.37159,0
786.56,-0.09,0,0,41.3,316286,1641904951.38419,0
786.56,-0.09,0,0,41.3,316299,1641904951.39653,0
786.56,-0.09,0,0,41.3,316311,1641904951.40801,0
786.56,-0.09,0,0,41.3,316323,1641904951.42124,0
786.56,-0.09,0,0,41.3,316337,1641904951.43271,0
786.56,-0.09,0,0,41.3,316349,1641904951.44528,0
786.56,-0.09,0,0,41.3,316361,1641904951.45744,0
786.56,-0.09,0,0,41.3,316375,1641904951.4698,0
786.56,-0.09,0,0,41.3,316387,1641904951.48269,0
786.56,-0.09,0,0,41.3,316399,1641904951.49383,0
786.56,-0.09,0,0,41.3,316411,1641904951.51745,0
786.56,-0.09,0,0,41.3,316425,1641904951.52557,0
786.56,-0.09,0,0,41.3,316437,1641904951.53602,0
786.56,-0.09,0,0,41.3,316449,1641904951.5471,0
786.56,-0.09,0,0,41.3,316463,1641904951.56048,0
786.56,-0.09,0,0,41.3,316475,1641904951.57294,0
786.56,-0.09,0,0,41.3,316487,1641904951.58397,0
786.56,-0.09,0,0,41.3,316500,1641904951.59724,0
786.56,-0.09,0,0,41.3,316513,1641904951.60923,0
786.56,-0.09,0,0,41.3,316525,1641904951.62152,0
786.56,-0.09,0,0,41.3,316538,1641904951.63376,0
786.56,-0.09,0,0,41.3,316550,1641904951.64587,0
786.56,-0.09,0,0,41.3,316562,1641904951.65819,0
786.56,-0.09,0,0,41.3,316575,1641904951.67054,0
786.56,-0.09,0,0,41.3,316588,1641904951.6831,0
786.56,-0.09,0,0,41.3,316601,1641904951.69961,0
786.56,-0.09,0,0,41.3,316613,1641904951.71407,0
786.56,-0.09,0,0,41.3,316625,1641904951.73499,0
786.56,-0.09,0,0,41.3,316639,1641904951.73613,0
786.56,-0.09,0,0,41.3,316651,1641904951.74798,0
786.56,-0.09,0,0,41.3,316663,1641904951.76065,0
786.56,-0.09,0,0,41.3,316676,1641904951.7727,0
786.56,-0.09,0,0,41.3,316689,1641904951.78505,0
786.56,-0.09,0,0,41.3,316700,1641904951.79763,0
786.56,-0.09,0,0,41.3,316712,1641904951.80995,0
786.56,-0.09,0,0,41.3,316726,1641904951.82236,0
786.56,-0.09,0,0,41.3,316738,1641904951.83473,0
786.56,-0.09,0,0,41.3,316750,1641904951.84763,0
786.56,-0.09,0,0,41.3,316764,1641904951.85862,0
786.56,-0.09,0,0,41.3,316776,1641904951.87404,0
786.56,-0.09,0,0,41.3,316787,1641904951.88702,0
786.56,-0.09,0,0,41.3,316800,1641904951.89629,0
786.56,-0.09,0,0,41.3,316813,1641904951.90949,0
786.56,-0.09,0,0,41.3,316825,1641904951.92489,0
786.56,-0.09,0,0,41.3,316837,1641904951.93687,0
786.56,-0.09,0,0,41.3,316851,1641904951.9495,0
786.56,-0.09,0,0,41.3,316863,1641904951.96147,0
786.56,-0.09,0,0,41.3,316875,1641904951.97399,0
786.56,-0.09,0,0,41.3,316889,1641904951.98594,0
786.56,-0.09,0,0,41.3,316901,1641904951.99844,0
786.56,-0.09,0,0,41.3,316913,1641904952.01056,0
786.56,-0.09,0,0,41.3,316926,1641904952.02328,0
786.56,-0.09,0,0,41.3,316939,1641904952.04082,0
786.56,-0.09,0,0,41.3,316951,1641904952.0529,0
786.56,-0.09,0,0,41.3,316964,1641904952.06073,0
786.56,-0.09,0,0,41.3,316977,1641904952.07573,0
786.56,-0.09,0,0,41.3,316989,1641904952.08817,0
786.56,-0.09,0,0,41.3,317001,1641904952.10001,0
786.56,-0.09,0,0,41.3,317015,1641904952.11373,0
786.56,-0.09,0,0,41.3,317028,1641904952.12597,0
786.56,-0.09,0,0,41.3,317040,1641904952.14761,0
786.56,-0.09,0,0,41.3,317053,1641904952.15239,0
786.56,-0.09,0,0,41.3,317066,1641904952.16344,0
786.56,-0.09,0,0,41.3,317078,1641904952.17479,0
786.56,-0.09,0,0,41.3,317091,1641904952.18703,0
786.56,-0.09,0,0,41.3,317104,1641904952.20813,0
786.56,-0.09,0,0,41.3,317117,1641904952.217,0
786.56,-0.09,0,0,41.3,317129,1641904952.2282,0
786.56,-0.09,0,0,41.3,317143,1641904952.23987,0
786.56,-0.09,0,0,41.3,317155,1641904952.25375,0
786.56,-0.09,0,0,41.3,317167,1641904952.26422,0
786.56,-0.09,0,0,41.3,317180,1641904952.27649,0
786.56,-0.09,0,0,41.3,317193,1641904952.28904,0
786.56,-0.09,0,0,41.3,317206,1641904952.30484,0
786.56,-0.09,0,0,41.3,317219,1641904952.31803,0
786.56,-0.09,0,0,41.3,317232,1641904952.3295,0
786.56,-0.09,0,0,41.3,317244,1641904952.34984,0
786.56,-0.09,0,0,41.3,317257,1641904952.35967,0
786.56,-0.09,0,0,41.3,317270,1641904952.36752,0
786.56,-0.09,0,0,41.3,317282,1641904952.37944,0
786.56,-0.09,0,0,41.3,317293,1641904952.3947,0
786.56,-0.09,0,0,41.3,317305,1641904952.40862,0
786.56,-0.09,0,0,41.3,317318,1641904952.41626,0
786.56,-0.09,0,0,41.3,317331,1641904952.42881,0
786.56,-0.09,0,0,41.3,317343,1641904952.44086,0
786.56,-0.09,0,0,41.3,317357,1641904952.45298,0
786.56,-0.09,0,0,41.3,317369,1641904952.46636,0
786.56,-0.09,0,0,41.3,317381,1641904952.48161,0
786.56,-0.09,0,0,41.3,317393,1641904952.48934,0
786.56,-0.09,0,0,41.3,317406,1641904952.50323,0
786.56,-0.09,0,0,41.3,317418,1641904952.51763,0
786.56,-0.09,0,0,41.3,317431,1641904952.53861,0
786.56,-0.09,0,0,41.3,317444,1641904952.54601,0
786.56,-0.09,0,0,41.3,317456,1641904952.55583,0
786.56,-0.09,0,0,41.3,317469,1641904952.56818,0
786.56,-0.09,0,0,41.3,317481,1641904952.58036,0
786.56,-0.09,0,0,41.3,317494,1641904952.59195,0
786.56,-0.09,0,0,41.3,317507,1641904952.60385,0
786.56,-0.09,0,0,41.3,317519,1641904952.61617,0
786.56,-0.09,0,0,41.3,317531,1641904952.62865,0
786.56,-0.09,0,0,41.3,317543,1641904952.6407,0
786.56,-0.09,0,0,41.3,317556,1641904952.6531,0
786.56,1.01,0,0,41.3,317570,1641904952.66628,0
786.56,1.01,0,0,41.3,317582,1641904952.68162,0
786.56,1.01,0,0,41.3,317594,1641904952.69389,0
786.56,1.01,0,0,41.3,317607,1641904952.70696,0
786.56,1.01,0,0,41.3,317620,1641904952.7189,0
786.56,1.01,0,0,41.3,317632,1641904952.7309,0
786.56,1.01,0,0,41.3,317645,1641904952.74336,0
786.56,1.01,0,0,41.3,317658,1641904952.75655,0
786.56,1.01,0,0,41.3,317670,1641904952.76771,0
786.56,1.01,0,0,41.3,317682,1641904952.78007,0
786.56,1.01,0,0,41.3,317694,1641904952.79293,0
786.56,1.01,0,0,41.3,317707,1641904952.80856,0
786.56,1.01,0,0,41.3,317720,1641904952.81779,0
786.56,1.01,0,0,41.3,317732,1641904952.8296,0
786.56,1.01,0,0,41.3,317745,1641904952.84226,0
786.56,1.01,0,0,41.3,317757,1641904952.85423,0
786.56,1.01,0,0,41.3,317770,1641904952.87556,0
786.56,1.01,0,0,41.3,317782,1641904952.88043,0
786.56,1.01,0,0,41.3,317794,1641904952.8919,0
786.56,1.01,0,0,41.3,317807,1641904952.90732,0
786.56,0,0,0,41.3,317819,1641904952.91975,0
786.56,0,0,0,41.3,317832,1641904952.93231,0
786.56,0,0,0,41.3,317845,1641904952.94479,0
786.56,0,0,0,41.3,317857,1641904952.95628,0
786.56,0,0,0,41.3,317870,1641904952.96884,0
786.56,0,0,0,41.3,317882,1641904952.9814,0
786.56,0,0,0,41.3,317894,1641904952.99415,0
786.56,0,0,0,41.3,317907,1641904953.00608,0
786.56,0,0,0,41.3,317920,1641904953.02792,0
786.56,0,0,0,41.3,317932,1641904953.03447,0
786.56,0,0,0,41.3,317944,1641904953.04349,0
786.56,0,0,0,41.3,317957,1641904953.05556,0
786.56,0,0,0,41.3,317970,1641904953.06679,0
786.56,0,0,0,41.3,317981,1641904953.07931,0
786.56,0,0,0,41.3,317993,1641904953.09176,0
786.56,0,0,0,41.3,318006,1641904953.10451,0
786.56,0,0,0,41.3,318018,1641904953.11591,0
786.56,0,0,0,41.3,318030,1641904953.12845,0
786.56,0,0,0,41.3,318044,1641904953.15263,0
786.56,0,0,0,41.3,318056,1641904953.15743,0
786.56,0,0,0,41.3,318068,1641904953.16776,0
786.56,0,0,0,41.3,318081,1641904953.17746,0
786.56,0,0,0,41.3,318092,1641904953.19532,0
786.56,0,0,0,41.3,318105,1641904953.20312,0
786.56,0,0,0,41.3,318117,1641904953.21505,0
786.56,0,0,0,41.3,318130,1641904953.22631,0
786.56,0,0,0,41.3,318142,1641904953.2441,0
786.56,0,0,0,41.3,318153,1641904953.25076,0
786.56,0,0,0,41.3,318167,1641904953.26532,0
786.56,0,0,0,41.3,318179,1641904953.27637,0
786.56,0,0,0,41.3,318191,1641904953.28788,0
786.56,0,0,0,41.3,318202,1641904953.3133,0
786.56,0,0,0,41.3,318215,1641904953.3168,0
786.56,0,0,0,41.3,318228,1641904953.32574,0
786.56,0,0,0,41.3,318240,1641904953.34271,0
786.56,0,0,0,41.3,318254,1641904953.35501,0
786.56,0,0,0,41.3,318266,1641904953.36694,0
786.56,0,0,0,41.3,318278,1641904953.37875,0
786.56,0,0,0,41.3,318290,1641904953.39225,0
786.56,0,0,0,41.3,318303,1641904953.40386,0
786.56,0,0,0,41.3,318315,1641904953.41575,0
786.56,0,0,0,41.3,318327,1641904953.42775,0
786.56,0,0,0,41.3,318341,1641904953.43989,0
786.56,0,0,0,41.3,318353,1641904953.45244,0
786.56,0,0,0,41.3,318364,1641904953.46442,0
786.56,0,0,0,41.3,318376,1641904953.47746,0
786.56,0,0,0,41.3,318390,1641904953.48903,0
786.56,0,0,0,41.3,318402,1641904953.50195,0
786.56,0,0,0,41.3,318414,1641904953.51363,0
786.56,0,0,0,41.3,318427,1641904953.52608,0
786.56,0,0,0,41.3,318440,1641904953.54447,0
786.56,0,0,0,41.3,318452,1641904953.55153,0
786.56,0,0,0,41.3,318465,1641904953.5625,0
786.56,0,0,0,41.3,318476,1641904953.57465,0
786.56,0,0,0,41.3,318488,1641904953.58751,0
786.56,0,0,0,41.3,318500,1641904953.59973,0
786.56,0,0,0,41.3,318514,1641904953.61274,0
786.56,0,0,0,41.3,318526,1641904953.62393,0
786.56,0,0,0,41.3,318538,1641904953.63616,0
786.56,0,0,0,41.3,318552,1641904953.65241,0
786.56,0,0,0,41.3,318564,1641904953.66671,0
786.56,0,0,0,41.3,318577,1641904953.68185,0
786.56,0,0,0,41.3,318589,1641904953.69382,0
786.56,0,0,0,41.3,318602,1641904953.70166,0
786.56,0,0,0,41.3,318614,1641904953.7144,0
786.56,0,0,0,41.3,318626,1641904953.72667,0
786.56,0,0,0,41.3,318639,1641904953.73889,0
786.56,0,0,0,41.3,318652,1641904953.75155,0
786.56,0,0,0,41.3,318664,1641904953.76379,0
786.56,0,0,0,41.3,318676,1641904953.77524,0
