420.42,4.29,0,0,101.4,42073,1640097803.25723,0
420.42,4.29,0,0,101.4,42093,1640097803.25801,0
420.42,4.29,0,0,101.4,42113,1640097803.25879,0
420.42,4.29,0,0,101.4,42133,1640097803.25965,0
420.42,4.29,0,0,101.4,42152,1640097803.2604,0
420.42,4.29,0,0,101.4,42173,1640097803.2611,0
420.42,4.29,0,0,101.4,42192,1640097803.28911,0
420.42,4.29,0,0,101.4,42213,1640097803.29123,0
420.42,4.29,0,0,101.4,42232,1640097803.34478,0
420.42,4.29,0,0,101.4,42253,1640097803.34639,0
420.42,4.29,0,0,101.4,42272,1640097803.37086,0
420.42,4.29,0,0,101.4,42293,1640097803.37178,0
420.42,4.29,0,0,101.4,42312,1640097803.38814,0
420.42,4.29,0,0,101.4,42333,1640097803.40914,0
420.42,4.29,0,0,101.4,42352,1640097803.44123,0
420.42,4.29,0,0,101.4,42373,1640097803.44923,0
420.42,4.29,0,0,101.4,42393,1640097803.46932,0
420.42,4.29,0,0,101.4,42413,1640097803.49235,0
420.42,4.29,0,0,101.4,42433,1640097803.51065,0
420.42,4.29,0,0,101.4,42452,1640097803.53089,0
420.42,4.29,0,0,101.4,42473,1640097803.54759,0
420.42,4.29,0,0,101.4,42492,1640097803.56828,0
420.42,4.29,0,0,101.4,42513,1640097803.59012,0
420.42,4.29,0,0,101.4,42532,1640097803.61152,0
420.42,4.29,0,0,101.4,42553,1640097803.63183,0
420.42,4.29,0,0,101.4,42572,1640097803.65214,0
420.42,4.29,0,0,101.4,42593,1640097803.6724,0
420.42,4.29,0,0,101.4,42612,1640097803.69251,0
420.42,4.29,0,0,101.4,42633,1640097803.71304,0
420.42,4.29,0,0,101.4,42652,1640097803.72984,0
420.42,4.29,0,0,101.4,42673,1640097803.75058,0
420.42,4.29,0,0,101.4,42692,1640097803.7716,0
420.42,4.29,0,0,101.4,42713,1640097803.79187,0
420.42,4.29,0,0,101.4,42733,1640097803.81172,0
420.42,4.29,0,0,101.4,42753,1640097803.83146,0
420.42,4.29,0,0,101.4,42773,1640097803.85174,0
420.42,4.29,0,0,101.4,42792,1640097803.87243,0
420.42,4.29,0,0,101.4,42813,1640097803.89208,0
420.42,4.29,0,0,101.4,42832,1640097803.90863,0
420.42,4.29,0,0,101.4,42853,1640097803.92901,0
420.42,4.29,0,0,101.4,42872,1640097803.94938,0
420.42,4.29,0,0,101.4,42893,1640097803.97183,0
420.42,4.29,0,0,101.4,42912,1640097803.9915,0
420.42,4.29,0,0,101.4,42933,1640097804.0127,0
420.42,4.29,0,0,101.4,42952,1640097804.03103,0
420.42,4.29,0,0,101.4,42973,1640097804.05124,0
420.42,4.29,0,0,101.4,42992,1640097804.07164,0
420.42,4.29,0,0,101.4,43013,1640097804.08834,0
420.42,4.29,0,0,101.4,43033,1640097804.10839,0
420.42,4.29,0,0,101.4,43053,1640097804.12901,0
420.42,4.29,0,0,101.4,43073,1640097804.14936,0
420.42,4.29,0,0,101.4,43092,1640097804.17208,0
420.42,4.29,0,0,101.4,43113,1640097804.19077,0
420.42,4.29,0,0,101.4,43132,1640097804.2116,0
420.42,4.29,0,0,101.4,43153,1640097804.23177,0
420.42,4.29,0,0,101.4,43172,1640097804.25317,0
420.42,4.29,0,0,101.4,43193,1640097804.26986,0
420.42,4.29,0,0,101.4,43212,1640097804.29037,0
420.42,4.29,0,0,101.4,43233,1640097804.31038,0
420.42,4.29,0,0,101.4,43252,1640097804.33058,0
420.42,4.29,0,0,101.4,43273,1640097804.35099,0
420.42,4.29,0,0,101.4,43292,1640097804.37245,0
420.42,4.29,0,0,101.4,43313,1640097804.39216,0
420.42,4.29,0,0,101.4,43332,1640097804.41247,0
420.42,4.29,0,0,101.4,43353,1640097804.43298,0
420.42,4.29,0,0,101.4,43373,1640097804.449,0
420.42,4.29,0,0,101.4,43393,1640097804.47085,0
420.42,4.29,0,0,101.4,43413,1640097804.48998,0
420.42,4.29,0,0,101.4,43432,1640097804.51116,0
420.42,4.29,0,0,101.4,43453,1640097804.53179,0
420.42,4.29,0,0,101.4,43472,1640097804.55227,0
420.42,4.29,0,0,101.4,43493,1640097804.57253,0
420.42,4.29,0,0,101.4,43512,1640097804.59274,0
420.42,4.29,0,0,101.4,43533,1640097804.61307,0
420.42,4.29,0,0,101.4,43552,1640097804.62931,0
420.42,4.29,0,0,101.4,43573,1640097804.64942,0
420.42,4.29,0,0,101.4,43592,1640097804.67005,0
420.42,4.29,0,0,101.4,43613,1640097804.69162,0
420.42,4.29,0,0,101.4,43633,1640097804.7133,0
420.42,4.29,0,0,101.4,43653,1640097804.73188,0
420.42,4.29,0,0,101.4,43673,1640097804.75209,0
420.42,4.29,0,0,101.4,43693,1640097804.77244,0
420.42,4.29,0,0,101.4,43713,1640097804.7941,0
420.42,4.29,0,0,101.4,43732,1640097804.80995,0
420.42,4.29,0,0,101.4,43753,1640097804.83003,0
420.42,4.29,0,0,101.4,43772,1640097804.85087,0
420.42,4.29,0,0,101.4,43793,1640097804.87075,0
420.42,4.29,0,0,101.4,43812,1640097804.89054,0
420.42,4.29,0,0,101.4,43833,1640097804.91172,0
420.42,4.29,0,0,101.4,43852,1640097804.93166,0
420.42,4.29,0,0,101.4,43873,1640097804.95171,0
420.42,4.29,0,0,101.4,43892,1640097804.97229,0
420.42,4.29,0,0,101.4,43913,1640097804.99257,0
420.42,4.29,0,0,101.4,43932,1640097805.01048,0
420.42,4.29,0,0,101.4,43953,1640097805.03108,0
420.42,4.29,0,0,101.4,43972,1640097805.05045,0
420.42,4.29,0,0,101.4,43993,1640097805.07093,0
420.42,4.29,0,0,101.4,44013,1640097805.09145,0
420.42,4.29,0,0,101.4,44033,1640097805.11349,0
420.42,4.29,0,0,101.4,44053,1640097805.1328,0
420.42,4.29,0,0,101.4,44072,1640097805.15297,0
420.42,4.29,0,0,101.4,44093,1640097805.16972,0
420.42,4.29,0,0,101.4,44112,1640097805.20083,0
420.42,4.29,0,0,101.4,44133,1640097805.21055,0
420.42,4.29,0,0,101.4,44152,1640097805.23135,0
420.42,4.29,0,0,101.4,44173,1640097805.25201,0
420.42,4.29,0,0,101.4,44192,1640097805.27241,0
420.42,4.29,0,0,101.4,44213,1640097805.29403,0
420.42,4.29,0,0,101.4,44232,1640097805.31796,0
420.42,4.29,0,0,101.4,44253,1640097805.33373,0
420.42,4.29,0,0,101.4,44273,1640097805.35351,0
420.42,4.29,0,0,101.4,44293,1640097805.37021,0
420.42,4.29,0,0,101.4,44313,1640097805.39131,0
420.42,4.29,0,0,101.4,44333,1640097805.41054,0
420.42,4.29,0,0,101.4,44353,1640097805.43215,0
420.42,4.29,0,0,101.4,44372,1640097805.45278,0
420.42,4.29,0,0,101.4,44393,1640097805.47341,0
420.42,4.29,0,0,101.4,44412,1640097805.49389,0
420.42,4.29,0,0,101.4,44433,1640097805.51394,0
420.42,4.29,0,0,101.4,44452,1640097805.53481,0
420.42,4.29,0,0,101.4,44473,1640097805.55112,0
420.42,4.29,0,0,101.4,44492,1640097805.57144,0
420.42,4.29,0,0,101.4,44513,1640097805.59238,0
420.42,4.29,0,0,101.4,44532,1640097805.61248,0
420.42,4.29,0,0,101.4,44553,1640097805.63263,0
420.42,4.29,0,0,101.4,44572,1640097805.6581,0
420.42,4.29,0,0,101.4,44593,1640097805.67398,0
420.42,4.29,0,0,101.4,44613,1640097805.69396,0
420.42,4.29,0,0,101.4,44633,1640097805.71399,0
420.42,4.29,0,0,101.4,44653,1640097805.73002,0
420.42,4.29,0,0,101.4,44673,1640097805.75138,0
420.42,4.29,0,0,101.4,44693,1640097805.77687,0
420.42,4.29,0,0,101.4,44712,1640097805.79736,0
420.42,4.29,0,0,101.4,44733,1640097805.81346,0
420.42,4.29,0,0,101.4,44752,1640097805.83309,0
420.42,4.29,0,0,101.4,44773,1640097805.85324,0
420.42,4.29,0,0,101.4,44792,1640097805.87336,0
420.42,4.29,0,0,101.4,44813,1640097805.89438,0
420.42,4.29,0,0,101.4,44832,1640097805.91131,0
420.42,4.29,0,0,101.4,44853,1640097805.93164,0
420.42,4.29,0,0,101.4,44872,1640097805.95378,0
420.42,4.29,0,0,101.4,44893,1640097805.97435,0
420.42,4.29,0,0,101.4,44913,1640097805.99448,0
420.42,4.29,0,0,101.4,44933,1640097806.01505,0
420.42,4.29,0,0,101.4,44953,1640097806.03483,0
420.42,4.29,0,0,101.4,44973,1640097806.05417,0
420.42,4.29,0,0,101.4,44993,1640097806.07468,0
420.42,4.29,0,0,101.4,45012,1640097806.09106,0
420.42,4.29,0,0,101.4,45033,1640097806.11246,0
420.42,4.29,0,0,101.4,45052,1640097806.13184,0
420.42,4.29,0,0,101.4,45073,1640097806.15242,0
420.42,4.29,0,0,101.4,45092,1640097806.17328,0
420.42,4.29,0,0,101.4,45113,1640097806.19434,0
420.42,4.29,0,0,101.4,45132,1640097806.21428,0
420.42,4.29,0,0,101.4,45153,1640097806.23453,0
420.42,4.29,0,0,101.4,45172,1640097806.26498,0
420.42,4.29,0,0,101.4,45193,1640097806.27381,0
420.42,4.29,0,0,101.4,45212,1640097806.29226,0
420.42,4.29,0,0,101.4,45233,1640097806.31262,0
420.42,4.29,0,0,101.4,45253,1640097806.33261,0
420.42,4.29,0,0,101.4,45273,1640097806.35318,0
420.42,4.29,0,0,101.4,45293,1640097806.37361,0
420.42,4.29,0,0,101.4,45313,1640097806.39475,0
420.42,4.29,0,0,101.4,45333,1640097806.41419,0
420.42,4.29,0,0,101.4,45352,1640097806.43506,0
420.42,4.29,0,0,101.4,45373,1640097806.45212,0
420.42,4.29,0,0,101.4,45392,1640097806.47234,0
420.42,4.29,0,0,101.4,45413,1640097806.49266,0
420.42,4.29,0,0,101.4,45432,1640097806.51876,0
420.42,4.29,0,0,101.4,45453,1640097806.53323,0
420.42,4.29,0,0,101.4,45472,1640097806.55451,0
420.42,4.29,0,0,101.4,45493,1640097806.57473,0
420.42,4.29,0,0,101.4,45512,1640097806.59545,0
420.42,4.29,0,0,101.4,45533,1640097806.61504,0
420.42,4.29,0,0,101.4,45553,1640097806.63214,0
420.42,4.29,0,0,101.4,45573,1640097806.6529,0
420.42,4.29,0,0,101.4,45593,1640097806.67372,0
420.42,4.29,0,0,101.4,45613,1640097806.69442,0
420.42,4.29,0,0,101.4,45633,1640097806.71663,0
420.42,4.29,0,0,101.4,45652,1640097806.73669,0
420.42,4.29,0,0,101.4,45673,1640097806.75485,0
420.42,4.29,0,0,101.4,45692,1640097806.77516,0
420.42,4.29,0,0,101.4,45713,1640097806.79601,0
420.42,4.29,0,0,101.4,45732,1640097806.81259,0
420.42,4.29,0,0,101.4,45753,1640097806.83254,0
420.42,4.29,0,0,101.4,45772,1640097806.86215,0
420.42,4.29,0,0,101.4,45793,1640097806.87429,0
420.42,4.29,0,0,101.4,45812,1640097806.89542,0
420.42,4.29,0,0,101.4,45833,1640097806.91513,0
420.42,4.29,0,0,101.4,45852,1640097806.93538,0
420.42,4.29,0,0,101.4,45873,1640097806.9562,0
420.42,4.29,0,0,101.4,45893,1640097806.97826,0
420.42,4.29,0,0,101.4,45913,1640097806.9933,0
420.42,4.29,0,0,101.4,45933,1640097807.01327,0
420.42,4.29,0,0,101.4,45953,1640097807.03362,0
420.42,4.29,0,0,101.4,45973,1640097807.05894,0
420.42,4.29,0,0,101.4,45992,1640097807.07774,0
420.42,4.29,0,0,101.4,46013,1640097807.09517,0
420.42,4.29,0,0,101.4,46032,1640097807.11486,0
420.42,4.29,0,0,101.4,46053,1640097807.14603,0
420.42,4.29,0,0,101.4,46072,1640097807.15858,0
420.42,4.29,0,0,101.4,46093,1640097807.17395,0
420.42,4.29,0,0,101.4,46112,1640097807.19421,0
420.42,4.29,0,0,101.4,46133,1640097807.21399,0
420.42,4.29,0,0,101.4,46152,1640097807.23379,0
420.42,4.29,0,0,101.4,46173,1640097807.25426,0
420.42,4.29,0,0,101.4,46193,1640097807.27501,0
420.42,4.29,0,0,101.4,46213,1640097807.29562,0
420.42,4.29,0,0,101.4,46233,1640097807.31562,0
420.42,4.29,0,0,101.4,46253,1640097807.33687,0
420.42,4.29,0,0,101.4,46273,1640097807.35698,0
420.42,4.29,0,0,101.4,46292,1640097807.37318,0
420.42,4.29,0,0,101.4,46313,1640097807.39316,0
420.42,4.29,0,0,101.4,46332,1640097807.41467,0
420.42,4.29,0,0,101.4,46353,1640097807.43477,0
420.42,4.29,0,0,101.4,46372,1640097807.45519,0
420.42,4.29,0,0,101.4,46393,1640097807.47536,0
420.42,4.29,0,0,101.4,46412,1640097807.49612,0
420.42,4.29,0,0,101.4,46433,1640097807.51612,0
420.42,4.29,0,0,101.41,46452,1640097807.54262,0
420.42,4.29,0,0,101.41,46473,1640097807.55566,0
420.42,4.29,0,0,101.41,46493,1640097807.57337,0
420.42,4.29,0,0,101.43,46513,1640097807.59436,0
420.42,4.29,0,0,101.48,46533,1640097807.61471,0
420.42,4.29,0,0,101.61,46553,1640097807.6354,0
420.42,4.29,0,0,101.73,46573,1640097807.65624,0
420.42,4.29,0,0,101.8,46593,1640097807.67613,0
420.42,4.29,0,0,101.86,46613,1640097807.69771,0
420.42,4.29,0,0,101.96,46632,1640097807.71799,0
420.42,4.29,0,0,102.08,46653,1640097807.73379,0
420.42,4.29,0,0,102.21,46672,1640097807.75605,0
420.42,4.29,0,0,102.38,46693,1640097807.77611,0
420.42,4.29,0,0,102.56,46712,1640097807.79493,0
420.42,4.29,0,0,102.76,46733,1640097807.81524,0
420.42,4.29,0,0,103.05,46753,1640097807.8354,0
420.42,4.29,0,0,103.41,46773,1640097807.85584,0
420.42,4.29,0,0,103.91,46793,1640097807.87744,0
420.42,4.29,0,0,104.5,46813,1640097807.90442,0
420.42,4.29,0,0,105.31,46833,1640097807.91653,0
420.42,4.29,0,0,106.05,46853,1640097807.93708,0
420.42,4.29,0,0,106.78,46873,1640097807.95528,0
420.42,4.29,0,0,107.45,46893,1640097807.97566,0
420.42,4.29,0,0,108.01,46913,1640097807.99593,0
420.42,4.29,0,0,108.48,46932,1640097808.01641,0
420.42,4.29,0,0,108.85,46953,1640097808.03746,0
420.42,4.29,0,0,109.16,46972,1640097808.05858,0
420.42,4.29,0,0,109.43,46993,1640097808.07774,0
420.42,4.29,0,0,109.6,47012,1640097808.09445,0
420.42,4.29,0,0,109.7,47033,1640097808.11683,0
420.42,4.29,0,0,109.8,47052,1640097808.13504,0
420.42,4.29,0,0,109.83,47073,1640097808.15793,0
420.42,4.29,0,0,109.83,47092,1640097808.17619,0
420.42,4.29,0,0,109.83,47113,1640097808.19662,0
420.42,4.29,0,0,109.83,47132,1640097808.21695,0
420.42,4.29,0,0,109.83,47153,1640097808.24225,0
420.42,4.29,0,0,109.81,47173,1640097808.26143,0
420.42,4.29,0,0,109.8,47193,1640097808.27473,0
420.42,4.29,0,0,109.78,47213,1640097808.29453,0
420.42,4.29,0,0,109.76,47233,1640097808.31474,0
420.42,4.29,0,0,109.73,47253,1640097808.33611,0
420.42,4.29,0,0,109.68,47272,1640097808.35544,0
420.42,4.29,0,0,109.63,47293,1640097808.38162,0
420.42,4.29,0,0,109.56,47312,1640097808.39948,0
420.42,4.29,0,0,109.5,47333,1640097808.41713,0
420.42,4.29,0,0,109.41,47352,1640097808.44166,0
420.42,4.29,0,0,109.33,47373,1640097808.45553,0
420.42,4.29,0,0,109.21,47392,1640097808.47501,0
420.42,4.29,0,0,109.01,47413,1640097808.49653,0
420.42,4.29,0,0,108.71,47433,1640097808.51587,0
420.42,4.29,0,0,108.3,47453,1640097808.53623,0
420.42,4.29,0,0,107.78,47473,1640097808.55678,0
420.42,4.29,0,0,107.21,47493,1640097808.57739,0
420.42,4.29,0,0,106.6,47513,1640097808.5979,0
420.42,4.29,0,0,105.93,47533,1640097808.61827,0
420.42,4.29,0,0,105.23,47553,1640097808.63848,0
420.42,4.29,0,0,104.48,47572,1640097808.6551,0
420.42,4.29,0,0,103.65,47593,1640097808.67538,0
420.42,4.29,0,0,102.76,47612,1640097808.6964,0
420.42,4.29,0,0,101.85,47633,1640097808.71641,0
420.42,4.29,0,0,100.9,47652,1640097808.73679,0
420.42,4.29,0,0,99.81,47673,1640097808.75743,0
420.42,4.29,0,0,98.68,47692,1640097808.7781,0
420.42,4.29,0,0,97.46,47713,1640097808.79837,0
420.42,4.29,0,0,96.26,47732,1640097808.81542,0
420.42,4.29,0,0,94.98,47753,1640097808.8357,0
420.42,4.29,0,0,93.68,47773,1640097808.85659,0
420.42,4.29,0,0,92.33,47793,1640097808.8774,0
420.42,4.29,0,0,90.95,47813,1640097808.89833,0
420.42,4.29,0,0,89.53,47833,1640097808.91769,0
420.42,4.29,0,0,88.03,47853,1640097808.93804,0
420.42,4.29,0,0,86.48,47873,1640097808.96498,0
420.42,4.29,0,0,84.93,47893,1640097808.98052,0
420.42,4.29,0,0,83.36,47912,1640097808.99587,0
420.42,4.29,0,0,81.76,47933,1640097809.01581,0
420.42,4.29,0,0,80.21,47952,1640097809.03621,0
420.42,4.29,0,0,78.73,47973,1640097809.06098,0
420.42,4.29,0,0,77.23,47992,1640097809.07738,0
420.42,4.29,0,0,75.61,48013,1640097809.09748,0
420.42,4.29,0,0,73.95,48032,1640097809.11703,0
420.42,4.29,0,0,72.4,48053,1640097809.13871,0
420.42,4.29,0,0,71.05,48073,1640097809.15836,0
420.42,4.29,0,0,69.88,48093,1640097809.18465,0
420.42,4.29,0,0,68.91,48113,1640097809.19726,0
420.42,4.29,0,0,68.1,48133,1640097809.21683,0
420.42,4.29,0,0,67.36,48153,1640097809.23731,0
420.42,4.29,0,0,66.68,48173,1640097809.25801,0
420.42,4.29,0,0,66.01,48193,1640097809.27817,0
420.42,4.29,0,0,65.35,48212,1640097809.2984,0
420.42,4.29,0,0,64.7,48233,1640097809.31874,0
420.42,4.29,0,0,63.98,48252,1640097809.33892,0
420.42,4.29,0,0,63.23,48273,1640097809.35576,0
420.42,4.29,0,0,62.5,48292,1640097809.37628,0
420.42,4.29,0,0,61.78,48313,1640097809.39664,0
420.42,4.29,0,0,61.06,48332,1640097809.4175,0
420.42,4.29,0,0,60.4,48353,1640097809.43802,0
420.42,4.29,0,0,59.71,48372,1640097809.45841,0
420.42,4.29,0,0,59.01,48393,1640097809.47865,0
420.42,4.29,0,0,58.3,48412,1640097809.49897,0
420.42,4.29,0,0,57.55,48433,1640097809.51923,0
420.42,4.29,0,0,56.85,48453,1640097809.53955,0
420.42,4.29,0,0,56.18,48473,1640097809.55627,0
420.42,4.29,0,0,55.51,48493,1640097809.57758,0
420.42,4.29,0,0,54.85,48513,1640097809.59892,0
420.42,4.29,0,0,54.2,48533,1640097809.61864,0
420.42,4.29,0,0,53.62,48552,1640097809.63973,0
420.42,4.29,0,0,53.03,48573,1640097809.65888,0
420.42,4.29,0,0,52.48,48592,1640097809.68112,0
420.42,4.29,0,0,51.95,48613,1640097809.70044,0
420.42,4.29,0,0,51.43,48632,1640097809.72071,0
420.42,4.29,0,0,50.92,48653,1640097809.7374,0
420.42,4.29,0,0,50.47,48672,1640097809.75787,0
420.42,4.29,0,0,50.05,48693,1640097809.77842,0
420.42,4.29,0,0,49.67,48712,1640097809.79916,0
420.42,4.29,0,0,49.28,48733,1640097809.81889,0
420.42,4.29,0,0,48.88,48753,1640097809.8392,0
420.42,4.29,0,0,48.48,48773,1640097809.86028,0
420.42,4.29,0,0,48.07,48793,1640097809.88217,0
420.42,4.29,0,0,47.65,48813,1640097809.90157,0
420.42,4.29,0,0,47.18,48833,1640097809.91765,0
420.42,4.29,0,0,46.63,48852,1640097809.93925,0
420.42,4.29,0,0,46.07,48873,1640097809.95806,0
420.42,4.29,0,0,45.45,48892,1640097809.97904,0
420.42,4.29,0,0,44.83,48913,1640097809.99804,0
420.42,4.29,0,0,44.18,48932,1640097810.01837,0
420.42,4.29,0,0,43.55,48953,1640097810.0397,0
420.42,4.29,0,0,42.9,48972,1640097810.06,0
420.42,4.29,0,0,42.25,48993,1640097810.08062,0
420.42,4.29,0,0,41.63,49012,1640097810.09728,0
420.42,4.29,0,0,41.03,49033,1640097810.11766,0
420.42,4.29,0,0,40.5,49052,1640097810.13835,0
420.42,4.29,0,0,40,49073,1640097810.15847,0
420.42,4.29,0,0,39.53,49093,1640097810.18053,0
420.42,4.29,0,0,39.12,49113,1640097810.19929,0
420.42,4.29,0,0,38.75,49133,1640097810.22023,0
420.42,4.29,0,0,38.43,49153,1640097810.24015,0
420.42,4.29,0,0,38.13,49173,1640097810.2618,0
420.42,4.29,0,0,37.85,49192,1640097810.27787,0
420.42,4.29,0,0,37.55,49213,1640097810.29865,0
420.42,4.29,0,0,37.25,49232,1640097810.31888,0
420.42,4.29,0,0,36.9,49253,1640097810.33846,0
420.42,4.29,0,0,36.57,49272,1640097810.36009,0
420.42,4.29,0,0,36.22,49293,1640097810.38025,0
420.42,4.29,0,0,35.88,49312,1640097810.40098,0
420.42,4.29,0,0,35.53,49333,1640097810.42143,0
420.42,4.29,0,0,35.17,49352,1640097810.44163,0
420.42,4.29,0,0,34.78,49373,1640097810.45746,0
420.42,4.29,0,0,34.37,49393,1640097810.47825,0
420.42,4.29,0,0,33.95,49413,1640097810.49861,0
420.42,4.29,0,0,33.52,49433,1640097810.51882,0
420.42,4.29,0,0,33.03,49453,1640097810.53958,0
420.42,4.29,0,0,32.5,49473,1640097810.56017,0
420.42,4.29,0,0,31.98,49492,1640097810.58111,0
420.42,4.29,0,0,31.47,49513,1640097810.60075,0
420.42,4.29,0,0,30.97,49532,1640097810.6221,0
420.42,4.29,0,0,30.48,49553,1640097810.6383,0
420.42,4.29,0,0,30.05,49572,1640097810.65824,0
420.42,4.29,0,0,29.58,49593,1640097810.67946,0
420.42,4.29,0,0,29.15,49612,1640097810.69986,0
420.42,4.29,0,0,28.72,49633,1640097810.72051,0
420.42,4.29,0,0,28.32,49652,1640097810.7411,0
420.42,4.29,0,0,27.93,49673,1640097810.7615,0
420.42,4.29,0,0,27.58,49692,1640097810.78141,0
420.42,4.29,0,0,27.25,49713,1640097810.80211,0
420.42,4.29,0,0,26.93,49733,1640097810.81771,0
420.42,4.29,0,0,26.63,49753,1640097810.83953,0
420.42,4.29,0,0,26.32,49773,1640097810.8601,0
420.42,4.29,0,0,26,49793,1640097810.87884,0
420.42,4.29,0,0,25.68,49813,1640097810.89949,0
420.42,4.29,0,0,25.4,49832,1640097810.925,0
420.42,4.29,0,0,25.1,49853,1640097810.94175,0
420.42,4.29,0,0,24.82,49872,1640097810.96054,0
420.42,4.29,0,0,24.55,49893,1640097810.98121,0
420.42,4.29,0,0,24.28,49912,1640097810.99813,0
420.42,4.29,0,0,24.02,49933,1640097811.02667,0
420.42,4.29,0,0,23.78,49952,1640097811.04273,0
420.42,4.29,0,0,23.57,49973,1640097811.05902,0
420.42,4.29,0,0,23.38,49992,1640097811.08067,0
420.42,4.29,0,0,23.22,50013,1640097811.10091,0
420.42,4.29,0,0,23.07,50032,1640097811.12151,0
420.42,4.29,0,0,22.92,50053,1640097811.1417,0
420.42,4.29,0,0,22.78,50073,1640097811.1612,0
420.42,4.29,0,0,22.63,50093,1640097811.17833,0
420.42,4.29,0,0,22.47,50113,1640097811.19856,0
420.42,4.29,0,0,22.28,50132,1640097811.21926,0
420.42,4.29,0,0,22.08,50153,1640097811.23995,0
420.42,4.29,0,0,21.88,50172,1640097811.26131,0
420.42,4.29,0,0,21.68,50193,1640097811.28122,0
420.42,4.29,0,0,21.45,50212,1640097811.30217,0
420.42,4.29,0,0,21.22,50233,1640097811.32196,0
420.42,4.29,0,0,20.97,50252,1640097811.34228,0
420.42,4.29,0,0,20.75,50273,1640097811.35921,0
420.42,4.29,0,0,20.52,50292,1640097811.37954,0
420.42,4.29,0,0,20.3,50313,1640097811.40041,0
420.42,4.29,0,0,20.07,50332,1640097811.42077,0
420.42,4.29,0,0,19.83,50353,1640097811.44118,0
420.42,4.29,0,0,19.62,50373,1640097811.46164,0
420.42,4.29,0,0,19.42,50393,1640097811.48224,0
420.42,4.29,0,0,19.22,50413,1640097811.50266,0
420.42,4.29,0,0,19,50433,1640097811.52319,0
420.42,4.29,0,0,18.77,50453,1640097811.5389,0
420.42,4.29,0,0,18.5,50472,1640097811.566,0
420.42,4.29,0,0,18.22,50493,1640097811.58022,0
420.42,4.29,0,0,17.87,50512,1640097811.60006,0
420.42,4.29,0,0,17.47,50533,1640097811.62523,0
420.42,4.29,0,0,17.07,50552,1640097811.64542,0
420.42,4.29,0,0,16.63,50573,1640097811.66192,0
420.42,4.29,0,0,16.17,50592,1640097811.68179,0
420.42,4.29,0,0,15.67,50613,1640097811.70172,0
420.42,4.29,0,0,15.2,50632,1640097811.72236,0
420.42,4.29,0,0,14.8,50653,1640097811.73926,0
420.42,4.29,0,0,14.48,50672,1640097811.75983,0
420.42,4.29,0,0,14.25,50693,1640097811.78036,0
420.42,4.29,0,0,14.08,50713,1640097811.80073,0
420.42,4.29,0,0,13.97,50733,1640097811.82133,0
420.42,4.29,0,0,13.88,50753,1640097811.84167,0
420.42,4.29,0,0,13.8,50772,1640097811.8618,0
420.42,4.29,0,0,13.72,50793,1640097811.88296,0
420.42,4.29,0,0,13.63,50812,1640097811.90281,0
420.42,4.29,0,0,13.55,50833,1640097811.92043,0
420.42,4.29,0,0,13.47,50852,1640097811.93976,0
420.42,4.29,0,0,13.4,50873,1640097811.96014,0
420.42,4.29,0,0,13.32,50892,1640097811.98164,0
420.42,4.29,0,0,13.23,50913,1640097812.00195,0
420.42,4.29,0,0,13.18,50932,1640097812.02233,0
420.42,4.29,0,0,13.15,50953,1640097812.04291,0
420.42,4.29,0,0,13.13,50972,1640097812.06319,0
420.42,4.29,0,0,13.12,50993,1640097812.07998,0
420.42,4.29,0,0,13.12,51012,1640097812.09949,0
420.42,4.29,0,0,13.12,51033,1640097812.12122,0
420.42,4.29,0,0,13.12,51052,1640097812.14103,0
420.42,4.29,0,0,13.12,51073,1640097812.16145,0
420.42,4.29,0,0,13.12,51092,1640097812.18253,0
420.42,4.29,0,0,13.12,51112,1640097812.20309,0
420.42,4.29,0,0,13.12,51133,1640097812.22827,0
420.42,4.29,0,0,13.1,51152,1640097812.24368,0
420.42,4.29,0,0,13.1,51173,1640097812.26473,0
420.42,4.29,0,0,13.1,51192,1640097812.28023,0
420.42,4.29,0,0,13.1,51213,1640097812.30004,0
420.42,4.29,0,0,13.1,51232,1640097812.32156,0
420.42,4.29,0,0,13.1,51253,1640097812.34175,0
420.42,4.29,0,0,13.1,51272,1640097812.36187,0
420.42,4.29,0,0,13.1,51293,1640097812.38244,0
420.42,4.29,0,0,13.1,51312,1640097812.40251,0
420.42,4.29,0,0,13.1,51333,1640097812.42355,0
420.42,4.29,0,0,13.1,51352,1640097812.44835,0
420.42,4.29,0,0,13.1,51373,1640097812.46095,0
420.42,4.29,0,0,13.1,51393,1640097812.48651,0
420.42,4.29,0,0,13.1,51412,1640097812.50166,0
420.42,4.29,0,0,13.1,51433,1640097812.52203,0
420.42,4.29,0,0,13.1,51452,1640097812.54232,0
420.42,4.29,0,0,13.1,51473,1640097812.5628,0
420.42,4.29,0,0,13.1,51492,1640097812.58333,0
420.42,4.29,0,0,13.1,51513,1640097812.60358,0
420.42,4.29,0,0,13.1,51532,1640097812.62419,0
420.42,4.29,0,0,13.1,51553,1640097812.64206,0
420.42,4.29,0,0,13.1,51572,1640097812.66717,0
420.42,4.29,0,0,13.1,51593,1640097812.68173,0
420.42,4.29,0,0,13.1,51612,1640097812.70714,0
420.42,4.29,0,0,13.1,51633,1640097812.72207,0
420.42,4.29,0,0,13.1,51652,1640097812.74215,0
420.42,4.29,0,0,13.08,51673,1640097812.76257,0
420.42,4.29,0,0,13.08,51693,1640097812.79255,0
420.42,4.29,0,0,13.07,51713,1640097812.80663,0
420.42,4.29,0,0,13.03,51733,1640097812.82131,0
420.42,4.29,0,0,12.93,51752,1640097812.84137,0
420.42,4.29,0,0,12.78,51773,1640097812.86198,0
420.42,4.29,0,0,12.6,51792,1640097812.88813,0
420.42,4.29,0,0,12.4,51813,1640097812.904,0
420.42,4.29,0,0,12.18,51832,1640097812.92346,0
420.42,4.29,0,0,11.95,51853,1640097812.94376,0
420.42,4.29,0,0,11.77,51872,1640097812.96396,0
420.42,4.29,0,0,11.6,51893,1640097812.98559,0
420.42,4.29,0,0,11.48,51912,1640097813.00081,0
420.42,4.29,0,0,11.38,51933,1640097813.02418,0
420.42,4.29,0,0,11.28,51952,1640097813.04279,0
420.42,4.29,0,0,11.17,51973,1640097813.06234,0
420.42,4.29,0,0,11.05,51993,1640097813.08294,0
420.42,4.29,0,0,10.93,52013,1640097813.10318,0
420.42,4.29,0,0,10.8,52033,1640097813.12381,0
420.42,4.29,0,0,10.65,52052,1640097813.14416,0
420.42,4.29,0,0,10.5,52073,1640097813.16464,0
420.42,4.29,0,0,10.35,52092,1640097813.18109,0
420.42,4.29,0,0,10.22,52113,1640097813.20197,0
420.42,4.29,0,0,10.08,52132,1640097813.22265,0
420.42,4.29,0,0,9.95,52153,1640097813.24296,0
420.42,4.29,0,0,9.83,52172,1640097813.26325,0
420.42,4.29,0,0,9.72,52193,1640097813.28364,0
420.42,4.29,0,0,9.6,52212,1640097813.30404,0
420.42,4.29,0,0,9.47,52233,1640097813.32448,0
420.42,4.29,0,0,9.33,52252,1640097813.34551,0
420.42,4.29,0,0,9.22,52273,1640097813.3618,0
420.42,4.29,0,0,9.1,52292,1640097813.38229,0
420.42,4.29,0,0,9,52313,1640097813.40258,0
420.42,4.29,0,0,8.88,52332,1640097813.42856,0
420.42,4.29,0,0,8.78,52353,1640097813.44526,0
420.42,4.29,0,0,8.7,52372,1640097813.4643,0
420.42,4.29,0,0,8.62,52392,1640097813.48404,0
420.42,4.29,0,0,8.57,52412,1640097813.50408,0
420.42,4.29,0,0,8.52,52432,1640097813.52547,0
420.42,4.29,0,0,8.45,52453,1640097813.5413,0
420.42,4.29,0,0,8.4,52472,1640097813.56368,0
420.42,4.29,0,0,8.32,52493,1640097813.58457,0
420.42,4.29,0,0,8.23,52512,1640097813.60447,0
420.42,4.29,0,0,8.13,52533,1640097813.62485,0
420.42,4.29,0,0,8,52552,1640097813.64537,0
420.42,4.29,0,0,7.88,52573,1640097813.66598,0
420.42,4.29,0,0,7.77,52592,1640097813.68586,0
420.42,4.29,0,0,7.62,52613,1640097813.70635,0
420.42,4.29,0,0,7.48,52632,1640097813.7227,0
420.42,4.29,0,0,7.35,52653,1640097813.74293,0
420.42,4.29,0,0,7.22,52672,1640097813.76348,0
420.42,4.29,0,0,7.1,52692,1640097813.78309,0
420.42,4.29,0,0,7,52713,1640097813.80436,0
420.42,4.29,0,0,6.9,52732,1640097813.82466,0
420.42,4.29,0,0,6.8,52753,1640097813.8471,0
420.42,4.29,0,0,6.7,52772,1640097813.86457,0
420.42,4.29,0,0,6.6,52793,1640097813.88523,0
420.42,4.29,0,0,6.5,52812,1640097813.9012,0
420.42,4.29,0,0,6.37,52833,1640097813.9229,0
420.42,4.29,0,0,6.23,52852,1640097813.9437,0
420.42,4.29,0,0,6.1,52873,1640097813.96393,0
420.42,4.29,0,0,5.95,52892,1640097813.98407,0
420.42,4.29,0,0,5.78,52913,1640097814.00439,0
420.42,4.29,0,0,5.62,52932,1640097814.02972,0
420.42,4.29,0,0,5.45,52953,1640097814.04535,0
420.42,4.29,0,0,5.28,52972,1640097814.06615,0
420.42,4.29,0,0,5.12,52993,1640097814.08258,0
420.42,4.29,0,0,4.95,53012,1640097814.10272,0
420.42,4.29,0,0,4.78,53032,1640097814.123,0
420.42,4.29,0,0,4.6,53053,1640097814.14399,0
420.42,4.29,0,0,4.43,53072,1640097814.16464,0
420.42,4.29,0,0,4.3,53093,1640097814.18474,0
420.42,4.29,0,0,4.18,53112,1640097814.20982,0
420.42,4.29,0,0,4.08,53133,1640097814.22549,0
420.42,4.29,0,0,4,53152,1640097814.24619,0
420.42,4.29,0,0,3.9,53173,1640097814.26217,0
420.42,4.29,0,0,3.8,53192,1640097814.28319,0
420.42,4.29,0,0,3.7,53213,1640097814.30366,0
420.42,4.29,0,0,3.6,53232,1640097814.32429,0
420.42,4.29,0,0,3.52,53253,1640097814.34802,0
420.42,4.29,0,0,3.43,53272,1640097814.36479,0
420.42,4.29,0,0,3.35,53293,1640097814.38455,0
420.42,4.29,0,0,3.23,53312,1640097814.40569,0
420.42,4.29,0,0,3.13,53332,1640097814.43158,0
420.42,4.29,0,0,3.03,53352,1640097814.44543,0
420.42,4.29,0,0,2.92,53372,1640097814.46338,0
420.42,4.29,0,0,2.82,53393,1640097814.4834,0
420.42,4.29,0,0,2.72,53412,1640097814.50368,0
420.42,4.29,0,0,2.62,53433,1640097814.5251,0
420.42,4.29,0,0,2.52,53452,1640097814.54515,0
420.42,4.29,0,0,2.42,53473,1640097814.56562,0
420.42,4.29,0,0,2.33,53492,1640097814.58647,0
420.42,4.29,0,0,2.23,53513,1640097814.60682,0
420.42,4.29,0,0,2.15,53532,1640097814.63243,0
420.42,4.29,0,0,2.08,53553,1640097814.64916,0
420.42,4.29,0,0,2.03,53572,1640097814.66485,0
420.42,4.29,0,0,1.98,53593,1640097814.68405,0
420.42,4.29,0,0,1.92,53612,1640097814.70402,0
420.42,4.29,0,0,1.85,53633,1640097814.72497,0
420.42,4.29,0,0,1.77,53652,1640097814.74591,0
420.42,4.29,0,0,1.68,53672,1640097814.76659,0
420.42,4.29,0,0,1.6,53693,1640097814.78627,0
420.42,4.29,0,0,1.52,53712,1640097814.803,0
420.42,4.29,0,0,1.43,53732,1640097814.82385,0
420.42,4.29,0,0,1.37,53752,1640097814.84402,0
420.42,4.29,0,0,1.28,53773,1640097814.86434,0
420.42,4.29,0,0,1.22,53792,1640097814.88557,0
420.42,4.29,0,0,1.15,53813,1640097814.906,0
420.42,4.29,0,0,1.08,53832,1640097814.92587,0
420.42,4.29,0,0,1,53853,1640097814.94617,0
420.42,4.29,0,0,0.93,53872,1640097814.9675,0
420.42,4.29,0,0,0.88,53893,1640097814.99378,0
420.42,4.29,0,0,0.83,53912,1640097815.00611,0
420.42,4.29,0,0,0.8,53933,1640097815.02507,0
420.42,4.29,0,0,0.77,53952,1640097815.04532,0
420.42,4.29,0,0,0.73,53972,1640097815.0663,0
420.42,4.29,0,0,0.72,53992,1640097815.08687,0
420.42,4.29,0,0,0.67,54012,1640097815.10706,0
420.42,4.29,0,0,0.63,54033,1640097815.12716,0
420.42,4.29,0,0,0.6,54052,1640097815.14742,0
420.42,4.29,0,0,0.55,54073,1640097815.16774,0
420.42,4.29,0,0,0.52,54092,1640097815.18465,0
420.42,4.29,0,0,0.47,54113,1640097815.20488,0
420.42,4.29,0,0,0.43,54132,1640097815.23397,0
420.42,4.29,0,0,0.4,54153,1640097815.24673,0
420.42,4.29,0,0,0.37,54172,1640097815.26587,0
420.42,4.29,0,0,0.33,54193,1640097815.28602,0
420.42,4.29,0,0,0.28,54212,1640097815.30722,0
420.42,4.29,0,0,0.25,54233,1640097815.32861,0
420.42,4.29,0,0,0.2,54252,1640097815.34787,0
420.42,4.29,0,0,0.15,54273,1640097815.36953,0
420.42,4.29,0,0,0.08,54293,1640097815.39264,0
420.42,4.29,0,0,0.03,54312,1640097815.40601,0
420.42,4.29,0,0,-0.02,54332,1640097815.42528,0
420.42,4.29,0,0,-0.07,54352,1640097815.44567,0
420.42,4.29,0,0,-0.12,54373,1640097815.46636,0
420.42,4.29,0,0,-0.17,54392,1640097815.4871,0
420.42,4.29,0,0,-0.2,54413,1640097815.50733,0
420.42,4.29,0,0,-0.25,54432,1640097815.52859,0
420.42,4.29,0,0,-0.3,54453,1640097815.54444,0
420.42,4.29,0,0,-0.33,54472,1640097815.56509,0
420.42,4.29,0,0,-0.38,54493,1640097815.58572,0
420.42,4.29,0,0,-0.43,54512,1640097815.60613,0
420.42,4.29,0,0,-0.48,54533,1640097815.62631,0
420.42,4.29,0,0,-0.55,54552,1640097815.64737,0
420.42,4.29,0,0,-0.6,54573,1640097815.66757,0
420.42,4.29,0,0,-0.65,54593,1640097815.68868,0
420.42,4.29,0,0,-0.7,54612,1640097815.70822,0
420.42,4.29,0,0,-0.75,54632,1640097815.72516,0
420.42,4.29,0,0,-0.8,54652,1640097815.74535,0
420.42,4.29,0,0,-0.85,54673,1640097815.76868,0
420.42,4.29,0,0,-0.9,54692,1640097815.78887,0
420.42,4.29,0,0,-0.97,54713,1640097815.80674,0
420.42,4.29,0,0,-1.03,54732,1640097815.82726,0
420.42,4.29,0,0,-1.08,54753,1640097815.84665,0
420.42,4.29,0,0,-1.13,54772,1640097815.8673,0
420.42,4.29,0,0,-1.18,54793,1640097815.88818,0
420.42,4.29,0,0,-1.25,54812,1640097815.90457,0
420.42,4.29,0,0,-1.32,54833,1640097815.92458,0
420.42,4.29,0,0,-1.38,54852,1640097815.94609,0
420.42,4.29,0,0,-1.43,54873,1640097815.96637,0
420.42,4.29,0,0,-1.5,54892,1640097815.98652,0
420.42,4.29,0,0,-1.55,54913,1640097816.00747,0
420.42,4.29,0,0,-1.6,54932,1640097816.02766,0
420.42,4.29,0,0,-1.67,54952,1640097816.04812,0
420.42,4.29,0,0,-1.72,54973,1640097816.06855,0
420.42,4.29,0,0,-1.77,54992,1640097816.08533,0
420.42,4.29,0,0,-1.83,55013,1640097816.11531,0
420.42,4.29,0,0,-1.9,55032,1640097816.12901,0
420.42,4.29,0,0,-1.97,55053,1640097816.14669,0
420.42,4.29,0,0,-2.03,55072,1640097816.16733,0
420.42,4.29,0,0,-2.1,55093,1640097816.18759,0
420.42,4.29,0,0,-2.15,55112,1640097816.20767,0
420.42,4.29,0,0,-2.22,55133,1640097816.22777,0
420.42,4.29,0,0,-2.28,55152,1640097816.25504,0
420.42,4.29,0,0,-2.33,55173,1640097816.26664,0
420.42,4.29,0,0,-2.4,55193,1640097816.28611,0
420.42,4.29,0,0,-2.45,55213,1640097816.30611,0
420.42,4.29,0,0,-2.5,55232,1640097816.33159,0
420.42,4.29,0,0,-2.55,55252,1640097816.35175,0
420.42,4.29,0,0,-2.58,55273,1640097816.3684,0
420.42,4.29,0,0,-2.63,55292,1640097816.38755,0
420.42,4.29,0,0,-2.67,55313,1640097816.40918,0
420.42,4.29,0,0,-2.7,55332,1640097816.4292,0
420.42,4.29,0,0,-2.73,55353,1640097816.4495,0
420.42,4.29,0,0,-2.75,55372,1640097816.47422,0
420.42,4.29,0,0,-2.78,55393,1640097816.49078,0
420.42,4.29,0,0,-2.82,55412,1640097816.50679,0
420.42,4.29,0,0,-2.85,55433,1640097816.52731,0
420.42,4.29,0,0,-2.88,55452,1640097816.54771,0
420.42,4.29,0,0,-2.92,55473,1640097816.56777,0
420.42,4.29,0,0,-2.95,55492,1640097816.58827,0
420.42,4.29,0,0,-2.97,55513,1640097816.60949,0
420.42,4.29,0,0,-2.98,55533,1640097816.62982,0
420.42,4.29,0,0,-3,55553,1640097816.64658,0
420.42,4.29,0,0,-3.02,55572,1640097816.66702,0
420.42,4.29,0,0,-3.05,55592,1640097816.68711,0
420.42,4.29,0,0,-3.05,55613,1640097816.70847,0
420.42,4.29,0,0,-3.07,55632,1640097816.72786,0
420.42,4.29,0,0,-3.08,55652,1640097816.74855,0
420.42,4.29,0,0,-3.08,55672,1640097816.76884,0
420.42,4.29,0,0,-3.08,55693,1640097816.79041,0
420.42,4.29,0,0,-3.1,55712,1640097816.80676,0
420.42,4.29,0,0,-3.1,55733,1640097816.82618,0
420.42,4.29,0,0,-3.1,55752,1640097816.84695,0
420.42,4.29,0,0,-3.1,55773,1640097816.86759,0
420.42,4.29,0,0,-3.1,55792,1640097816.88874,0
420.42,4.29,0,0,-3.1,55813,1640097816.90846,0
420.42,4.29,0,0,-3.12,55833,1640097816.93377,0
420.42,4.29,0,0,-3.12,55853,1640097816.95302,0
420.42,4.29,0,0,-3.12,55873,1640097816.9738,0
420.42,4.29,0,0,-3.12,55892,1640097816.99025,0
420.42,4.29,0,0,-3.12,55913,1640097817.00689,0
420.42,4.29,0,0,-3.12,55932,1640097817.02686,0
420.42,4.29,0,0,-3.13,55953,1640097817.04723,0
420.42,4.29,0,0,-3.13,55972,1640097817.06829,0
420.42,4.29,0,0,-3.13,55993,1640097817.0885,0
420.42,4.29,0,0,-3.13,56012,1640097817.10984,0
420.42,4.29,0,0,-3.13,56033,1640097817.13051,0
420.42,4.29,0,0,-3.13,56052,1640097817.15062,0
420.42,4.29,0,0,-3.13,56073,1640097817.1712,0
420.42,4.29,0,0,-3.13,56092,1640097817.18707,0
420.42,4.29,0,0,-3.13,56113,1640097817.20725,0
420.42,4.29,0,0,-3.13,56132,1640097817.22781,0
420.42,4.29,0,0,-3.13,56153,1640097817.24876,0
420.42,4.29,0,0,-3.13,56172,1640097817.2704,0
420.42,4.29,0,0,-3.13,56193,1640097817.29005,0
420.42,4.29,0,0,-3.13,56212,1640097817.31037,0
420.42,4.29,0,0,-3.13,56232,1640097817.33111,0
420.42,4.29,0,0,-3.13,56253,1640097817.35149,0
420.42,4.29,0,0,-3.13,56272,1640097817.36776,0
420.42,4.29,0,0,-3.13,56293,1640097817.3905,0
420.42,4.29,0,0,-3.13,56312,1640097817.40746,0
420.42,4.29,0,0,-3.13,56333,1640097817.42783,0
420.42,4.29,0,0,-3.13,56352,1640097817.44842,0
420.42,4.29,0,0,-3.13,56373,1640097817.47007,0
420.42,4.29,0,0,-3.13,56392,1640097817.48974,0
420.42,4.29,0,0,-3.13,56413,1640097817.51012,0
420.42,4.29,0,0,-3.13,56432,1640097817.53058,0
420.42,4.29,0,0,-3.13,56453,1640097817.54739,0
420.42,4.29,0,0,-3.13,56472,1640097817.56905,0
420.42,4.29,0,0,-3.13,56493,1640097817.58823,0
420.42,4.29,0,0,-3.13,56512,1640097817.6091,0
420.42,4.29,0,0,-3.13,56532,1640097817.62986,0
420.42,4.29,0,0,-3.13,56552,1640097817.65008,0
420.42,4.29,0,0,-3.13,56572,1640097817.67084,0
420.42,4.29,0,0,-3.15,56592,1640097817.69108,0
420.42,4.29,0,0,-3.15,56612,1640097817.70761,0
420.42,4.29,0,0,-3.15,56633,1640097817.72823,0
420.42,4.29,0,0,-3.15,56652,1640097817.74812,0
420.42,4.29,0,0,-3.15,56673,1640097817.77082,0
420.42,4.29,0,0,-3.15,56692,1640097817.78928,0
420.42,4.29,0,0,-3.15,56713,1640097817.81012,0
420.42,4.29,0,0,-3.15,56732,1640097817.83077,0
420.42,4.29,0,0,-3.15,56753,1640097817.85111,0
420.42,4.29,0,0,-3.15,56772,1640097817.87172,0
420.42,4.29,0,0,-3.15,56793,1640097817.89213,0
420.42,4.29,0,0,-3.15,56812,1640097817.90874,0
420.42,4.29,0,0,-3.15,56833,1640097817.92983,0
420.42,4.29,0,0,-3.15,56852,1640097817.94896,0
420.42,4.29,0,0,-3.15,56872,1640097817.96939,0
420.42,4.29,0,0,-3.15,56892,1640097817.99095,0
420.42,4.29,0,0,-3.17,56912,1640097818.01176,0
420.42,4.29,0,0,-3.17,56933,1640097818.03125,0
420.42,4.29,0,0,-3.17,56952,1640097818.05141,0
420.42,4.29,0,0,-3.17,56973,1640097818.07177,0
420.42,4.29,0,0,-3.17,56992,1640097818.08875,0
420.42,4.29,0,0,-3.18,57013,1640097818.10854,0
420.42,4.29,0,0,-3.18,57032,1640097818.12939,0
420.42,4.29,0,0,-3.2,57053,1640097818.14989,0
420.42,4.29,0,0,-3.22,57072,1640097818.17767,0
420.42,4.29,0,0,-3.23,57093,1640097818.19197,0
420.42,4.29,0,0,-3.23,57112,1640097818.21017,0
420.42,4.29,0,0,-3.25,57133,1640097818.23065,0
420.42,4.29,0,0,-3.27,57152,1640097818.25104,0
420.42,4.29,0,0,-3.27,57172,1640097818.26828,0
420.42,4.29,0,0,-3.28,57192,1640097818.28877,0
420.42,4.29,0,0,-3.28,57212,1640097818.30997,0
420.42,4.29,0,0,-3.3,57232,1640097818.33598,0
420.42,4.29,0,0,-3.32,57252,1640097818.35121,0
420.42,4.29,0,0,-3.33,57273,1640097818.37023,0
420.42,4.29,0,0,-3.35,57292,1640097818.39388,0
420.42,4.29,0,0,-3.37,57313,1640097818.41162,0
420.42,4.29,0,0,-3.38,57332,1640097818.43175,0
420.42,4.29,0,0,-3.4,57353,1640097818.44882,0
420.42,4.29,0,0,-3.42,57372,1640097818.46898,0
420.42,4.29,0,0,-3.43,57393,1640097818.5012,0
420.42,4.29,0,0,-3.45,57413,1640097818.5131,0
420.42,4.29,0,0,-3.47,57433,1640097818.53012,0
420.42,4.29,0,0,-3.48,57452,1640097818.54982,0
420.42,4.29,0,0,-3.5,57473,1640097818.58005,0
420.42,4.29,0,0,-3.52,57493,1640097818.59254,0
420.42,4.29,0,0,-3.53,57512,1640097818.61251,0
420.42,4.29,0,0,-3.55,57532,1640097818.62823,0
420.42,4.29,0,0,-3.57,57552,1640097818.65645,0
420.42,4.29,0,0,-3.58,57573,1640097818.67064,0
420.42,4.29,0,0,-3.58,57592,1640097818.69021,0
420.42,4.29,0,0,-3.6,57613,1640097818.71132,0
420.42,4.29,0,0,-3.62,57632,1640097818.73138,0
420.42,4.29,0,0,-3.65,57653,1640097818.75123,0
420.42,4.29,0,0,-3.67,57672,1640097818.77138,0
420.42,4.29,0,0,-3.7,57693,1640097818.79178,0
420.42,4.29,0,0,-3.73,57712,1640097818.80849,0
420.42,4.29,0,0,-3.78,57733,1640097818.83875,0
420.42,4.29,0,0,-3.83,57752,1640097818.85239,0
420.42,4.29,0,0,-3.88,57773,1640097818.87,0
420.42,4.29,0,0,-3.95,57792,1640097818.8909,0
420.42,4.29,0,0,-4.03,57812,1640097818.91122,0
420.42,4.29,0,0,-4.12,57833,1640097818.93173,0
420.42,4.29,0,0,-4.22,57852,1640097818.95151,0
420.42,4.29,0,0,-4.32,57873,1640097818.97295,0
420.42,4.29,0,0,-4.42,57892,1640097818.98929,0
420.42,4.29,0,0,-4.48,57913,1640097819.00949,0
420.42,4.29,0,0,-4.55,57932,1640097819.02991,0
420.42,4.29,0,0,-4.62,57953,1640097819.05166,0
420.42,4.29,0,0,-4.67,57972,1640097819.07212,0
420.42,4.29,0,0,-4.72,57993,1640097819.09319,0
420.42,4.29,0,0,-4.77,58012,1640097819.11327,0
420.42,4.29,0,0,-4.8,58033,1640097819.13371,0
420.42,4.29,0,0,-4.85,58053,1640097819.15446,0
420.42,4.29,0,0,-4.92,58073,1640097819.17937,0
420.42,4.29,0,0,-4.98,58092,1640097819.19007,0
420.42,4.29,0,0,-5.05,58113,1640097819.21065,0
420.42,4.29,0,0,-5.15,58133,1640097819.2303,0
420.42,4.29,0,0,-5.25,58152,1640097819.25684,0
420.42,4.29,0,0,-5.33,58173,1640097819.27429,0
420.42,4.29,0,0,-5.42,58192,1640097819.29176,0
420.42,4.29,0,0,-5.48,58213,1640097819.31275,0
420.42,4.29,0,0,-5.55,58232,1640097819.33274,0
420.42,4.29,0,0,-5.62,58253,1640097819.35419,0
420.42,4.29,0,0,-5.67,58272,1640097819.37023,0
420.42,4.29,0,0,-5.7,58293,1640097819.39119,0
420.42,4.29,0,0,-5.75,58312,1640097819.42154,0
420.42,4.29,0,0,-5.78,58333,1640097819.43127,0
420.42,4.29,0,0,-5.8,58352,1640097819.45176,0
420.42,4.29,0,0,-5.82,58373,1640097819.47171,0
420.42,4.29,0,0,-5.83,58392,1640097819.49298,0
420.42,4.29,0,0,-5.85,58413,1640097819.51317,0
420.42,4.29,0,0,-5.87,58432,1640097819.53331,0
420.42,4.29,0,0,-5.9,58452,1640097819.55035,0
420.42,4.29,0,0,-5.92,58473,1640097819.57054,0
420.42,4.29,0,0,-5.93,58492,1640097819.59083,0
420.42,4.29,0,0,-5.97,58512,1640097819.62217,0
420.42,4.29,0,0,-5.98,58532,1640097819.63239,0
420.42,4.29,0,0,-5.98,58553,1640097819.65269,0
420.42,4.29,0,0,-6,58572,1640097819.6724,0
420.42,4.29,0,0,-6.02,58593,1640097819.69392,0
420.42,4.29,0,0,-6.02,58612,1640097819.71069,0
420.42,4.29,0,0,-6.03,58633,1640097819.73368,0
420.42,4.29,0,0,-6.05,58652,1640097819.75244,0
420.42,4.29,0,0,-6.05,58673,1640097819.7718,0
420.42,4.29,0,0,-6.07,58692,1640097819.79206,0
420.42,4.29,0,0,-6.07,58713,1640097819.81245,0
420.42,4.29,0,0,-6.07,58732,1640097819.83261,0
420.42,4.29,0,0,-6.08,58753,1640097819.85487,0
420.42,4.29,0,0,-6.08,58772,1640097819.87283,0
420.42,4.29,0,0,-6.1,58792,1640097819.89442,0
420.42,4.29,0,0,-6.12,58813,1640097819.9111,0
420.42,4.29,0,0,-6.12,58832,1640097819.93097,0
420.42,4.29,0,0,-6.13,58853,1640097819.95178,0
420.42,4.29,0,0,-6.13,58872,1640097819.97505,0
420.42,4.29,0,0,-6.15,58893,1640097819.99434,0
420.42,4.29,0,0,-6.17,58912,1640097820.01366,0
420.42,4.29,0,0,-6.17,58933,1640097820.03369,0
420.42,4.29,0,0,-6.18,58952,1640097820.05405,0
420.42,4.29,0,0,-6.2,58973,1640097820.07522,0
420.42,4.29,0,0,-6.22,58992,1640097820.10054,0
420.42,4.29,0,0,-6.22,59013,1640097820.11184,0
420.42,4.29,0,0,-6.23,59032,1640097820.13203,0
420.42,4.29,0,0,-6.23,59053,1640097820.15262,0
420.42,4.29,0,0,-6.23,59072,1640097820.17297,0
420.42,4.29,0,0,-6.23,59092,1640097820.19323,0
420.42,4.29,0,0,-6.23,59112,1640097820.21435,0
420.42,4.29,0,0,-6.25,59132,1640097820.23448,0
420.42,4.29,0,0,-6.25,59153,1640097820.25498,0
420.42,4.29,0,0,-6.25,59172,1640097820.27616,0
420.42,4.29,0,0,-6.25,59193,1640097820.29196,0
420.42,4.29,0,0,-6.25,59212,1640097820.31228,0
420.42,4.29,0,0,-6.25,59233,1640097820.3328,0
420.42,4.29,0,0,-6.27,59252,1640097820.35297,0
420.42,4.29,0,0,-6.27,59273,1640097820.37476,0
420.42,4.29,0,0,-6.28,59292,1640097820.39413,0
420.42,4.29,0,0,-6.3,59313,1640097820.41436,0
420.42,4.29,0,0,-6.33,59333,1640097820.43472,0
420.42,4.29,0,0,-6.35,59353,1640097820.45198,0
420.42,4.29,0,0,-6.37,59372,1640097820.47337,0
420.42,4.29,0,0,-6.38,59393,1640097820.49237,0
420.42,4.29,0,0,-6.4,59412,1640097820.51295,0
420.42,4.29,0,0,-6.43,59432,1640097820.5332,0
420.42,4.29,0,0,-6.45,59453,1640097820.55838,0
420.42,4.29,0,0,-6.48,59472,1640097820.57666,0
420.42,4.29,0,0,-6.52,59493,1640097820.59956,0
420.42,4.29,0,0,-6.57,59512,1640097820.61531,0
420.42,4.29,0,0,-6.6,59533,1640097820.63119,0
420.42,4.29,0,0,-6.67,59552,1640097820.65157,0
420.42,4.29,0,0,-6.72,59573,1640097820.67311,0
420.42,4.29,0,0,-6.8,59592,1640097820.69326,0
420.42,4.29,0,0,-6.93,59613,1640097820.71315,0
420.42,4.29,0,0,-7.1,59632,1640097820.73482,0
420.42,4.29,0,0,-7.23,59653,1640097820.75402,0
420.42,4.29,0,0,-7.35,59672,1640097820.77446,0
420.42,4.29,0,0,-7.45,59693,1640097820.79625,0
420.42,4.29,0,0,-7.53,59712,1640097820.81198,0
420.42,4.29,0,0,-7.63,59732,1640097820.83269,0
420.42,4.29,0,0,-7.73,59753,1640097820.85387,0
420.42,4.29,0,0,-7.85,59772,1640097820.8747,0
420.42,4.29,0,0,-7.97,59792,1640097820.89505,0
420.42,4.29,0,0,-8.07,59812,1640097820.91791,0
420.42,4.29,0,0,-8.17,59833,1640097820.93756,0
420.42,4.29,0,0,-8.27,59852,1640097820.95534,0
420.42,4.29,0,0,-8.38,59873,1640097820.97569,0
420.42,4.29,0,0,-8.5,59892,1640097820.99246,0
420.42,4.29,0,0,-8.63,59913,1640097821.01309,0
420.42,4.29,0,0,-8.77,59932,1640097821.03303,0
420.42,4.29,0,0,-8.88,59953,1640097821.05577,0
420.42,4.29,0,0,-9,59972,1640097821.07664,0
420.42,4.29,0,0,-9.12,59993,1640097821.09509,0
420.42,4.29,0,0,-9.22,60012,1640097821.121,0
420.42,4.29,0,0,-9.3,60033,1640097821.13504,0
420.42,4.29,0,0,-9.37,60052,1640097821.15569,0
420.42,4.29,0,0,-9.42,60072,1640097821.17261,0
420.42,4.29,0,0,-9.48,60092,1640097821.19295,0
420.42,4.29,0,0,-9.55,60112,1640097821.21714,0
420.42,4.29,0,0,-9.62,60133,1640097821.23516,0
420.42,4.29,0,0,-9.7,60152,1640097821.25423,0
420.42,4.29,0,0,-9.78,60173,1640097821.27468,0
420.42,4.29,0,0,-9.85,60192,1640097821.29469,0
420.42,4.29,0,0,-9.95,60213,1640097821.31618,0
420.42,4.29,0,0,-10.05,60232,1640097821.33633,0
420.42,4.29,0,0,-10.17,60253,1640097821.36356,0
420.42,4.29,0,0,-10.27,60273,1640097821.37313,0
420.42,4.29,0,0,-10.37,60293,1640097821.39449,0
420.42,4.29,0,0,-10.47,60313,1640097821.41477,0
420.42,4.29,0,0,-10.55,60333,1640097821.43471,0
420.42,4.29,0,0,-10.65,60353,1640097821.45534,0
420.42,4.29,0,0,-10.73,60372,1640097821.47558,0
420.42,4.29,0,0,-10.82,60393,1640097821.49743,0
420.42,4.29,0,0,-10.9,60412,1640097821.517,0
420.42,4.29,0,0,-10.98,60433,1640097821.53689,0
420.42,4.29,0,0,-11.05,60452,1640097821.55396,0
420.42,4.29,0,0,-11.13,60473,1640097821.58228,0
420.42,4.29,0,0,-11.2,60492,1640097821.59566,0
420.42,4.29,0,0,-11.25,60513,1640097821.61438,0
420.42,4.29,0,0,-11.32,60532,1640097821.63434,0
420.42,4.29,0,0,-11.37,60553,1640097821.6558,0
420.42,4.29,0,0,-11.43,60572,1640097821.67583,0
420.42,4.29,0,0,-11.48,60593,1640097821.70317,0
420.42,4.29,0,0,-11.55,60612,1640097821.71845,0
420.42,4.29,0,0,-11.6,60633,1640097821.73381,0
420.42,4.29,0,0,-11.67,60653,1640097821.75409,0
420.42,4.29,0,0,-11.75,60673,1640097821.77461,0
420.42,4.29,0,0,-11.83,60693,1640097821.8042,0
420.42,4.29,0,0,-11.93,60712,1640097821.81783,0
420.42,4.29,0,0,-12.02,60733,1640097821.83597,0
420.42,4.29,0,0,-12.12,60752,1640097821.8564,0
420.42,4.29,0,0,-12.22,60773,1640097821.87678,0
420.42,4.29,0,0,-12.3,60792,1640097821.90366,0
420.42,4.29,0,0,-12.38,60813,1640097821.91603,0
420.42,4.29,0,0,-12.45,60832,1640097821.93471,0
420.42,4.29,0,0,-12.52,60853,1640097821.95523,0
420.42,4.29,0,0,-12.58,60872,1640097821.97535,0
420.42,4.29,0,0,-12.65,60893,1640097821.99534,0
420.42,4.29,0,0,-12.72,60912,1640097822.02162,0
420.42,4.29,0,0,-12.77,60933,1640097822.03587,0
420.42,4.29,0,0,-12.82,60952,1640097822.05677,0
420.42,4.29,0,0,-12.87,60973,1640097822.07696,0
420.42,4.29,0,0,-12.9,60993,1640097822.09352,0
420.42,4.29,0,0,-12.95,61012,1640097822.1137,0
420.42,4.29,0,0,-13,61033,1640097822.13584,0
420.42,4.29,0,0,-13.03,61052,1640097822.15563,0
420.42,4.29,0,0,-13.08,61073,1640097822.17684,0
420.42,4.29,0,0,-13.12,61093,1640097822.19811,0
420.42,4.29,0,0,-13.15,61113,1640097822.21759,0
420.42,4.29,0,0,-13.17,61132,1640097822.2379,0
420.42,4.29,0,0,-13.2,61153,1640097822.26119,0
420.42,4.29,0,0,-13.23,61172,1640097822.27441,0
420.42,4.29,0,0,-13.27,61193,1640097822.29581,0
420.42,4.29,0,0,-13.28,61212,1640097822.31548,0
420.42,4.29,0,0,-13.32,61233,1640097822.33538,0
420.42,4.29,0,0.01,-13.35,61253,1640097822.35586,0
420.42,4.29,0,0,-13.38,61273,1640097822.37662,0
420.42,4.29,0,0,-13.42,61293,1640097822.39729,0
420.42,4.29,0,0,-13.47,61313,1640097822.4173,0
420.42,4.29,0,0,-13.52,61333,1640097822.43773,0
420.42,4.29,0,0.01,-13.57,61352,1640097822.45814,0
420.42,4.29,0,0,-13.63,61373,1640097822.47521,0
420.42,4.29,0,0,-13.7,61392,1640097822.49624,0
420.42,4.29,0,0,-13.78,61413,1640097822.51539,0
420.42,4.29,0,0,-13.85,61432,1640097822.53677,0
420.42,4.29,0,0.01,-13.93,61453,1640097822.55691,0
420.42,4.29,0,0,-14,61472,1640097822.57688,0
420.42,4.29,0,0,-14.08,61493,1640097822.60409,0
420.42,4.29,0,0,-14.15,61512,1640097822.61861,0
420.42,4.29,0,0,-14.22,61533,1640097822.63593,0
420.42,4.29,0,0.01,-14.28,61553,1640097822.65435,0
420.42,4.29,0,0,-14.33,61573,1640097822.67751,0
420.42,4.29,0,0,-14.38,61593,1640097822.69616,0
420.42,4.29,0,0,-14.43,61613,1640097822.71572,0
420.42,4.29,0,0,-14.48,61632,1640097822.73715,0
420.42,4.29,0,0.01,-14.53,61652,1640097822.75649,0
420.42,4.29,0,0,-14.57,61673,1640097822.77738,0
420.42,4.29,0,0,-14.62,61692,1640097822.79755,0
420.42,4.29,0,0,-14.67,61713,1640097822.81721,0
420.42,4.29,0,0,-14.73,61732,1640097822.83583,0
420.42,4.29,0,0.01,-14.77,61753,1640097822.85482,0
420.42,4.29,0,0,-14.82,61772,1640097822.87591,0
420.42,4.29,0,0,-14.87,61793,1640097822.89648,0
420.42,4.29,0,0,-14.9,61812,1640097822.92428,0
420.42,4.29,0,0,-14.95,61833,1640097822.93819,0
420.42,4.29,0,0.01,-15,61853,1640097822.95765,0
420.42,4.29,0,0,-15.05,61873,1640097822.97835,0
420.42,4.29,0,0,-15.12,61893,1640097822.99813,0
420.42,4.29,0,0,-15.17,61913,1640097823.01495,0
420.42,4.29,0,0,-15.23,61933,1640097823.03521,0
420.42,4.29,0,0.01,-15.3,61953,1640097823.05552,0
420.42,4.29,0,0,-15.37,61973,1640097823.07681,0
420.42,4.29,0,0,-15.42,61992,1640097823.09706,0
420.42,4.29,0,0,-15.47,62013,1640097823.12231,0
420.42,4.29,0,0,-15.52,62032,1640097823.14165,0
420.42,4.29,0,0,-15.55,62053,1640097823.15812,0
420.42,4.29,0,0,-15.6,62072,1640097823.1795,0
420.42,4.29,0,0,-15.65,62093,1640097823.19818,0
420.42,4.29,0,0,-15.7,62112,1640097823.21642,0
420.42,4.29,0,0,-15.75,62133,1640097823.23601,0
420.42,4.29,0,0,-15.8,62152,1640097823.25729,0
420.42,4.29,0,0,-15.83,62173,1640097823.27878,0
420.42,4.29,0,0,-15.85,62193,1640097823.30073,0
420.42,4.29,0,0,-15.87,62213,1640097823.32185,0
420.42,4.29,0,0,-15.88,62232,1640097823.33895,0
420.42,4.29,0,0,-15.88,62253,1640097823.35535,0
420.42,4.29,0,0,-15.9,62273,1640097823.37542,0
420.42,4.29,0,0,-15.9,62292,1640097823.39605,0
420.42,4.29,0,0,-15.92,62313,1640097823.41703,0
420.42,4.29,0,0,-15.92,62332,1640097823.43762,0
420.42,4.29,0,0,-15.92,62353,1640097823.45794,0
420.42,4.29,0,0,-15.92,62372,1640097823.47918,0
420.42,4.29,0,0,-15.92,62393,1640097823.49855,0
420.42,4.29,0,0,-15.92,62412,1640097823.51917,0
420.42,4.29,0,0,-15.92,62433,1640097823.5405,0
420.42,4.29,0,0,-15.92,62453,1640097823.55593,0
420.42,4.29,0,0,-15.92,62473,1640097823.57885,0
420.42,4.29,0,0,-15.92,62493,1640097823.59794,0
420.42,4.29,0,0,-15.92,62513,1640097823.61783,0
420.42,4.29,0,0,-15.92,62533,1640097823.63859,0
420.42,4.29,0,0,-15.92,62553,1640097823.66307,0
420.42,4.29,0,0,-15.92,62573,1640097823.68117,0
420.42,4.29,0,0,-15.92,62593,1640097823.6996,0
420.42,4.29,0,0,-15.93,62613,1640097823.71987,0
420.42,4.29,0,0,-15.93,62632,1640097823.73554,0
420.42,4.29,0,0,-15.93,62653,1640097823.75601,0
420.42,4.29,0,0,-15.93,62672,1640097823.77709,0
420.42,4.29,0,0,-15.93,62693,1640097823.79724,0
420.42,4.29,0,0,-15.93,62712,1640097823.81742,0
420.42,4.29,0,0,-15.93,62733,1640097823.83794,0
420.42,4.29,0,0,-15.93,62752,1640097823.86513,0
420.42,4.29,0,0,-15.93,62773,1640097823.88467,0
420.42,4.29,0,0,-15.93,62792,1640097823.9024,0
420.42,4.29,0,0,-15.93,62813,1640097823.91718,0
420.42,4.29,0,0,-15.93,62832,1640097823.93764,0
420.42,4.29,0,0,-15.93,62853,1640097823.95877,0
420.42,4.29,0,0,-15.93,62872,1640097823.98014,0
420.42,4.29,0,0,-15.93,62893,1640097823.99836,0
420.42,4.29,0,0,-15.93,62913,1640097824.01825,0
420.42,4.29,0,0,-15.93,62932,1640097824.04365,0
420.42,4.29,0,0,-15.93,62952,1640097824.05971,0
420.42,4.29,0,0,-15.93,62972,1640097824.08036,0
420.42,4.29,0,0,-15.93,62993,1640097824.10733,0
420.42,4.29,0,0,-15.93,63012,1640097824.11788,0
420.42,4.29,0,0.01,-15.93,63033,1640097824.13735,0
420.42,4.29,0,0,-15.93,63052,1640097824.15787,0
420.42,4.29,0,0,-15.93,63073,1640097824.1784,0
420.42,4.29,0,0,-15.95,63092,1640097824.19912,0
420.42,4.29,0,0,-15.95,63113,1640097824.21977,0
420.42,4.29,0,0.01,-15.95,63132,1640097824.24014,0
420.42,4.29,0,0,-15.95,63153,1640097824.26259,0
420.42,4.29,0,0,-15.95,63172,1640097824.27741,0
420.42,4.29,0,0,-15.95,63193,1640097824.29788,0
420.42,4.29,0,0,-15.97,63212,1640097824.31773,0
420.42,4.29,0,0.01,-16,63233,1640097824.33848,0
420.42,4.29,0,0,-16.05,63252,1640097824.35851,0
420.42,4.29,0,0,-16.08,63272,1640097824.38012,0
420.42,4.29,0,0.01,-16.13,63293,1640097824.4052,0
420.42,4.29,0,0.01,-16.18,63312,1640097824.42048,0
420.42,4.29,0,0.01,-16.25,63333,1640097824.44113,0
420.42,4.29,0,0.01,-16.4,63352,1640097824.45742,0
420.42,4.29,0,0.01,-16.57,63373,1640097824.48768,0
420.42,4.29,0,0.01,-16.7,63392,1640097824.50798,0
420.42,4.29,0,0.01,-16.8,63413,1640097824.51895,0
420.42,4.29,0,0.01,-16.88,63432,1640097824.53828,0
420.42,4.29,0,0.01,-16.97,63453,1640097824.55976,0
420.42,4.29,0,0.01,-17.03,63472,1640097824.57995,0
420.42,4.29,0,0.01,-17.1,63493,1640097824.6008,0
420.42,4.29,0,0.01,-17.15,63512,1640097824.62099,0
420.42,4.29,0,0.01,-17.22,63533,1640097824.63706,0
420.42,4.29,0,0.01,-17.3,63553,1640097824.65758,0
420.42,4.29,0,0.01,-17.45,63572,1640097824.67853,0
420.42,4.29,0,0.01,-17.6,63593,1640097824.69882,0
420.42,4.29,0,0.01,-17.72,63612,1640097824.71881,0
420.42,4.29,0,0.01,-17.82,63633,1640097824.73922,0
420.42,4.29,0,0.01,-17.92,63652,1640097824.76087,0
420.42,4.29,0,0,-18.03,63673,1640097824.78102,0
420.42,4.29,0,0.01,-18.13,63692,1640097824.8068,0
420.42,4.29,0,0.01,-18.23,63713,1640097824.81796,0
420.42,4.29,0,0.01,-18.33,63732,1640097824.83864,0
420.42,4.29,0,0.01,-18.43,63753,1640097824.86785,0
420.42,4.29,0,0,-18.55,63772,1640097824.87933,0
420.42,4.29,0,0.01,-18.67,63793,1640097824.90035,0
420.42,4.29,0,0.01,-18.77,63812,1640097824.91905,0
420.42,4.29,0,0.01,-18.85,63833,1640097824.9407,0
420.42,4.29,0,0.01,-18.93,63853,1640097824.9611,0
420.42,4.29,0,0,-19.02,63873,1640097824.98862,0
420.42,4.29,0,0.01,-19.1,63893,1640097824.99808,0
420.42,4.29,0,0.01,-19.17,63912,1640097825.01874,0
420.42,4.29,0,0.01,-19.23,63933,1640097825.03794,0
420.42,4.29,0,0.01,-19.28,63952,1640097825.05976,0
420.42,4.29,0,0.01,-19.33,63973,1640097825.07969,0
420.42,4.29,0,0.01,-19.37,63992,1640097825.10054,0
420.42,4.29,0,0.01,-19.42,64013,1640097825.12087,0
420.42,4.29,0,0.01,-19.47,64033,1640097825.1414,0
420.42,4.29,0,0.01,-19.5,64053,1640097825.16166,0
420.42,4.29,0,0,-19.57,64072,1640097825.17779,0
420.42,4.29,0,0.01,-19.63,64093,1640097825.19887,0
420.42,4.29,0,0.01,-19.7,64112,1640097825.22162,0
420.42,4.29,0,0.01,-19.77,64133,1640097825.24036,0
420.42,4.29,0,0.01,-19.83,64153,1640097825.26068,0
420.42,4.29,0,0,-19.9,64173,1640097825.28056,0
420.42,4.29,0,0.01,-19.95,64193,1640097825.30281,0
420.42,4.29,0,0.01,-20,64212,1640097825.32089,0
420.42,4.29,0,0.01,-20.05,64233,1640097825.34189,0
420.42,4.29,0,0.01,-20.08,64252,1640097825.35792,0
420.42,4.29,0,0.01,-20.12,64273,1640097825.37854,0
420.42,4.29,0,0.01,-20.17,64292,1640097825.39882,0
420.42,4.29,0,0.01,-20.2,64313,1640097825.42218,0
420.42,4.29,0,0.01,-20.23,64332,1640097825.44671,0
420.42,4.29,0,0.01,-20.27,64353,1640097825.4612,0
420.42,4.29,0,0,-20.3,64372,1640097825.48105,0
420.42,4.29,0,0.01,-20.33,64393,1640097825.50494,0
420.42,4.29,0,0.01,-20.37,64412,1640097825.52256,0
420.42,4.29,0,0.01,-20.4,64433,1640097825.53999,0
420.42,4.29,0,0.01,-20.45,64453,1640097825.55895,0
420.42,4.29,0,0,-20.5,64473,1640097825.58169,0
420.42,4.29,0,0.01,-20.55,64492,1640097825.60125,0
420.42,4.29,0,0.01,-20.6,64513,1640097825.62203,0
420.42,4.29,0,0.01,-20.63,64533,1640097825.64229,0
420.42,4.29,0,0.01,-20.68,64552,1640097825.66184,0
420.42,4.29,0,0.01,-20.73,64573,1640097825.68287,0
420.42,4.29,0,0.01,-20.78,64592,1640097825.70328,0
420.42,4.29,0,0.01,-20.83,64613,1640097825.7185,0
420.42,4.29,0,0.01,-20.9,64632,1640097825.73957,0
420.42,4.29,0,0.01,-20.97,64653,1640097825.7598,0
420.42,4.29,0,0.01,-21.02,64672,1640097825.77997,0
420.42,4.29,0,0.01,-21.05,64693,1640097825.80134,0
420.42,4.29,0,0.01,-21.12,64712,1640097825.82166,0
420.42,4.29,0,0.01,-21.17,64733,1640097825.84256,0
420.42,4.29,0,0.01,-21.22,64752,1640097825.86212,0
420.42,4.29,0,0.01,-21.25,64773,1640097825.88246,0
420.42,4.29,0,0.01,-21.3,64792,1640097825.89893,0
420.42,4.29,0,0.01,-21.37,64813,1640097825.92046,0
420.42,4.29,0,0.01,-21.42,64833,1640097825.94101,0
420.42,4.29,0,0.01,-21.47,64852,1640097825.96153,0
420.42,4.29,0,0.01,-21.53,64873,1640097825.98082,0
420.42,4.29,0,0.01,-21.58,64892,1640097826.00213,0
420.42,4.29,0,0.01,-21.63,64913,1640097826.02241,0
420.42,4.29,0,0.01,-21.68,64932,1640097826.0427,0
420.42,4.29,0,0.01,-21.72,64953,1640097826.06316,0
420.42,4.29,0,0.01,-21.75,64972,1640097826.08073,0
420.42,4.29,0,0.01,-21.78,64993,1640097826.1008,0
420.42,4.29,0,0.01,-21.82,65012,1640097826.12088,0
420.42,4.29,0,0.01,-21.83,65033,1640097826.14117,0
420.42,4.29,0,0.01,-21.87,65052,1640097826.16182,0
420.42,4.29,0,0.01,-21.9,65073,1640097826.18364,0
420.42,4.29,0,0.01,-21.93,65092,1640097826.20276,0
420.42,4.29,0,0.01,-21.95,65113,1640097826.22316,0
420.42,4.29,0,0.01,-21.97,65133,1640097826.2436,0
420.42,4.29,0,0.01,-22,65153,1640097826.26476,0
420.42,4.29,0,0.01,-22.02,65173,1640097826.28174,0
420.42,4.29,0,0,-22.02,65192,1640097826.3014,0
420.42,4.29,0,0.01,-22.03,65213,1640097826.32137,0
420.42,4.29,0,0.01,-22.05,65233,1640097826.34177,0
420.42,4.29,0,0.01,-22.07,65253,1640097826.36201,0
420.42,4.29,0,0.01,-22.08,65272,1640097826.38295,0
420.42,4.29,0,0.01,-22.12,65293,1640097826.40259,0
420.42,4.29,0,0.01,-22.13,65312,1640097826.42322,0
420.42,4.29,0,0.01,-22.17,65333,1640097826.44366,0
420.42,4.29,0,0.01,-22.2,65353,1640097826.46423,0
420.42,4.29,0,0.01,-22.22,65373,1640097826.48132,0
420.42,4.29,0,0.01,-22.23,65392,1640097826.50138,0
420.42,4.29,0,0.01,-22.27,65413,1640097826.52205,0
420.42,4.29,0,0.01,-22.28,65432,1640097826.54241,0
420.42,4.29,0,0.01,-22.3,65453,1640097826.56698,0
420.42,4.29,0,0.01,-22.33,65473,1640097826.58313,0
420.42,4.29,0,0,-22.35,65492,1640097826.60334,0
420.42,4.29,0,0.01,-22.37,65512,1640097826.62369,0
420.42,4.29,0,0.01,-22.4,65532,1640097826.64067,0
420.42,4.29,0,0.01,-22.42,65553,1640097826.66692,0
420.42,4.29,0,0.01,-22.43,65572,1640097826.68982,0
420.42,4.29,0,0.01,-22.45,65593,1640097826.70184,0
420.42,4.29,0,0.01,-22.47,65612,1640097826.72188,0
420.42,4.29,0,0.01,-22.48,65633,1640097826.74239,0
420.42,4.29,0,0.01,-22.5,65652,1640097826.7628,0
420.42,4.29,0,0.01,-22.53,65673,1640097826.78355,0
420.42,4.29,0,0.01,-22.55,65692,1640097826.80378,0
420.42,4.29,0,0.01,-22.57,65713,1640097826.82073,0
420.42,4.29,0,0.01,-22.58,65733,1640097826.84035,0
420.42,4.29,0,0.01,-22.6,65753,1640097826.86114,0
420.42,4.29,0,0.01,-22.62,65773,1640097826.88522,0
420.42,4.29,0,0.01,-22.63,65793,1640097826.90449,0
420.42,4.29,0,0.01,-22.65,65813,1640097826.92458,0
420.42,4.29,0,0.01,-22.67,65832,1640097826.94795,0
420.42,4.29,0,0.01,-22.68,65853,1640097826.96703,0
420.42,4.29,0,0.01,-22.7,65872,1640097826.98408,0
420.42,4.29,0,0.01,-22.72,65893,1640097827.00449,0
420.42,4.29,0,0.01,-22.73,65912,1640097827.02153,0
420.42,4.29,0,0.01,-22.75,65933,1640097827.04192,0
420.42,4.29,0,0.01,-22.77,65952,1640097827.06336,0
420.42,4.29,0,0.01,-22.77,65973,1640097827.08355,0
420.42,4.29,0,0.01,-22.78,65993,1640097827.10418,0
420.42,4.29,0,0.01,-22.8,66013,1640097827.12891,0
420.42,4.29,0,0.01,-22.82,66032,1640097827.14637,0
420.42,4.29,0,0.01,-22.83,66053,1640097827.16457,0
420.42,4.29,0,0.01,-22.85,66073,1640097827.18493,0
420.42,4.29,0,0.01,-22.87,66093,1640097827.20072,0
420.42,4.29,0,0.01,-22.88,66112,1640097827.22178,0
420.42,4.29,0,0.01,-22.9,66132,1640097827.2429,0
420.42,4.29,0,0.01,-22.92,66153,1640097827.26687,0
420.42,4.29,0,0.01,-22.93,66172,1640097827.28404,0
420.42,4.29,0,0.01,-22.95,66193,1640097827.30356,0
420.42,4.29,0,0.01,-22.97,66212,1640097827.32411,0
420.42,4.29,0,0,-22.98,66233,1640097827.34463,0
420.42,4.29,0,0.01,-23,66252,1640097827.36111,0
420.42,4.29,0,0.01,-23.02,66273,1640097827.38122,0
420.42,4.29,0,0.01,-23.03,66292,1640097827.40459,0
420.42,4.29,0,0.01,-23.05,66313,1640097827.42488,0
420.42,4.29,0,0.01,-23.07,66332,1640097827.44499,0
420.42,4.29,0,0.01,-23.08,66353,1640097827.46379,0
420.42,4.29,0,0.01,-23.1,66373,1640097827.48392,0
420.42,4.29,0,0.01,-23.13,66393,1640097827.50426,0
420.42,4.29,0,0.01,-23.15,66412,1640097827.52463,0
420.42,4.29,0,0.01,-23.18,66433,1640097827.54488,0
420.42,4.29,0,0.01,-23.2,66453,1640097827.56158,0
420.42,4.29,0,0.01,-23.23,66472,1640097827.58169,0
420.42,4.29,0,0.01,-23.27,66493,1640097827.60314,0
420.42,4.29,0,0.01,-23.3,66512,1640097827.62337,0
420.42,4.29,0,0.01,-23.35,66533,1640097827.64383,0
420.42,4.29,0,0.01,-23.38,66553,1640097827.67059,0
420.42,4.29,0,0.01,-23.43,66573,1640097827.68759,0
420.42,4.29,0,0.01,-23.47,66592,1640097827.70487,0
420.42,4.29,0,0.01,-23.52,66613,1640097827.72474,0
420.42,4.29,0,0.01,-23.55,66632,1640097827.74172,0
420.42,4.29,0,0.01,-23.58,66653,1640097827.76254,0
420.42,4.29,0,0.01,-23.63,66672,1640097827.78512,0
420.42,4.29,0,0.01,-23.67,66693,1640097827.80768,0
420.42,4.29,0,0.01,-23.68,66712,1640097827.82356,0
420.42,4.29,0,0.01,-23.7,66733,1640097827.84931,0
420.42,4.29,0,0.01,-23.72,66753,1640097827.86529,0
420.42,4.29,0,0.01,-23.75,66772,1640097827.88498,0
420.42,4.29,0,0.01,-23.77,66793,1640097827.90119,0
420.42,4.29,0,0.01,-23.77,66812,1640097827.92143,0
420.42,4.29,0,0,-23.78,66833,1640097827.95126,0
420.42,4.29,0,0.01,-23.8,66852,1640097827.96944,0
420.42,4.29,0,0.01,-23.8,66873,1640097827.98395,0
420.42,4.29,0,0.01,-23.82,66892,1640097828.00749,0
420.42,4.29,0,0.01,-23.83,66913,1640097828.02383,0
420.42,4.29,0,0,-23.83,66932,1640097828.04526,0
420.42,4.29,0,0.01,-23.85,66953,1640097828.06544,0
420.42,4.29,0,0.01,-23.85,66973,1640097828.08546,0
420.42,4.29,0,0.01,-23.87,66993,1640097828.10247,0
420.42,4.29,0,0.01,-23.87,67012,1640097828.12256,0
420.42,4.29,0,0,-23.88,67033,1640097828.14283,0
420.42,4.29,0,0.01,-23.88,67053,1640097828.1722,0
420.42,4.29,0,0.01,-23.88,67073,1640097828.18861,0
420.42,4.29,0,0.01,-23.9,67093,1640097828.20464,0
420.42,4.29,0,0.01,-23.9,67112,1640097828.22489,0
420.42,4.29,0,0,-23.9,67132,1640097828.24493,0
420.42,4.29,0,0,-23.92,67152,1640097828.266,0
420.42,4.29,0,0.01,-23.92,67173,1640097828.28272,0
420.42,4.29,0,0.01,-23.92,67193,1640097828.30262,0
420.42,4.29,0,0.01,-23.93,67213,1640097828.32897,0
420.42,4.29,0,0,-23.93,67232,1640097828.34891,0
420.42,4.29,0,0.01,-23.95,67253,1640097828.36695,0
420.42,4.29,0,0.01,-23.95,67272,1640097828.38514,0
420.42,4.29,0,0.01,-23.97,67293,1640097828.40534,0
420.42,4.29,0,0.01,-23.97,67313,1640097828.42591,0
420.42,4.29,0,0,-23.97,67333,1640097828.44171,0
420.42,4.29,0,0,-23.98,67353,1640097828.46234,0
420.42,4.29,0,0.01,-23.98,67373,1640097828.49464,0
420.42,4.29,0,0.01,-24,67393,1640097828.50334,0
420.42,4.29,0,0.01,-24.02,67412,1640097828.52439,0
420.42,4.29,0,0,-24.02,67432,1640097828.54446,0
420.42,4.29,0,0.01,-24.03,67452,1640097828.56459,0
420.42,4.29,0,0.01,-24.03,67473,1640097828.58487,0
420.42,4.29,0,0.01,-24.05,67493,1640097828.60582,0
420.42,4.29,0,0.01,-24.07,67513,1640097828.62577,0
420.42,4.29,0,0,-24.08,67532,1640097828.64256,0
420.42,4.29,0,0.01,-24.1,67553,1640097828.6628,0
420.42,4.29,0,0.01,-24.12,67573,1640097828.68466,0
420.42,4.29,0,0.01,-24.13,67593,1640097828.70462,0
420.42,4.29,0,0.01,-24.15,67612,1640097828.72496,0
420.42,4.29,0,0,-24.15,67633,1640097828.74532,0
420.42,4.29,0,0.01,-24.15,67652,1640097828.76546,0
420.42,4.29,0,0.01,-24.15,67673,1640097828.79391,0
420.42,4.29,0,0.01,-24.17,67693,1640097828.80751,0
420.42,4.29,0,0.01,-24.17,67713,1640097828.82335,0
420.42,4.29,0,0.01,-24.17,67733,1640097828.84416,0
420.42,4.29,0,0.01,-24.17,67752,1640097828.86385,0
420.42,4.29,0,0.01,-24.17,67773,1640097828.884,0
420.42,4.29,0,0.01,-24.17,67792,1640097828.90531,0
420.42,4.29,0,0.01,-24.17,67813,1640097828.92533,0
420.42,4.29,0,0,-24.15,67832,1640097828.95152,0
420.42,4.29,0,0.01,-24.15,67853,1640097828.96895,0
420.42,4.29,0,0.01,-24.15,67872,1640097828.98769,0
420.42,4.29,0,0.01,-24.15,67893,1640097829.00371,0
420.42,4.29,0,0.01,-24.15,67912,1640097829.02405,0
420.42,4.29,0,0.01,-24.13,67933,1640097829.05377,0
420.42,4.29,0,0,-24.12,67952,1640097829.07325,0
420.42,4.29,0,0.01,-24.1,67973,1640097829.08559,0
420.42,4.29,0,0.01,-24.05,67993,1640097829.10576,0
420.42,4.29,0,0.01,-24.02,68013,1640097829.12577,0
420.42,4.29,0,0.01,-23.98,68033,1640097829.14602,0
420.42,4.29,0,0.01,-23.97,68052,1640097829.16763,0
420.42,4.29,0,0.01,-23.95,68073,1640097829.1845,0
420.42,4.29,0,0.01,-23.95,68092,1640097829.20559,0
420.42,4.29,0,0.01,-23.95,68113,1640097829.22687,0
420.42,4.29,0,0.01,-23.95,68132,1640097829.24506,0
420.42,4.29,0,0,-23.93,68152,1640097829.26511,0
420.42,4.29,0,0.01,-23.93,68172,1640097829.28524,0
420.42,4.29,0,0.01,-23.93,68193,1640097829.30646,0
420.42,4.29,0,0,-23.93,68212,1640097829.32685,0
420.42,4.29,0,0,-23.93,68233,1640097829.34721,0
420.42,4.29,0,0,-23.93,68252,1640097829.36421,0
420.42,4.29,0,0.01,-23.93,68273,1640097829.38446,0
420.42,4.29,0,0.01,-23.93,68292,1640097829.40469,0
420.42,4.29,0,0,-23.93,68313,1640097829.42522,0
420.42,4.29,0,0,-23.93,68333,1640097829.44561,0
420.42,4.29,0,0,-23.93,68353,1640097829.46661,0
420.42,4.29,0,0.01,-23.93,68373,1640097829.48709,0
420.42,4.29,0,0.01,-23.93,68392,1640097829.50754,0
420.42,4.29,0,0,-23.93,68413,1640097829.528,0
420.42,4.29,0,0,-23.93,68432,1640097829.54852,0
420.42,4.29,0,0,-23.93,68453,1640097829.56443,0
420.42,4.29,0,0.01,-23.93,68472,1640097829.58548,0
420.42,4.29,0,0.01,-23.93,68493,1640097829.6057,0
420.42,4.29,0,0,-23.93,68512,1640097829.6257,0
420.42,4.29,0,0,-23.93,68533,1640097829.64625,0
420.42,4.29,0,0,-23.93,68552,1640097829.66683,0
420.42,4.29,0,0,-23.93,68573,1640097829.68774,0
420.42,4.29,0,0,-23.93,68592,1640097829.70834,0
420.42,4.29,0,0,-23.93,68613,1640097829.72521,0
420.42,4.29,0,0,-23.93,68632,1640097829.74456,0
420.42,4.29,0,0,-23.93,68653,1640097829.76598,0
420.42,4.29,0,0,-23.93,68673,1640097829.78663,0
420.42,4.29,0,0,-23.93,68692,1640097829.8075,0
420.42,4.29,0,0,-23.93,68713,1640097829.82678,0
420.42,4.29,0,0,-23.93,68732,1640097829.84708,0
420.42,4.29,0,0,-23.93,68753,1640097829.86798,0
420.42,4.29,0,0,-23.93,68772,1640097829.88837,0
420.42,4.29,0,0,-23.93,68793,1640097829.90472,0
420.42,4.29,0,0,-23.93,68812,1640097829.92507,0
420.42,4.29,0,0,-23.93,68833,1640097829.94571,0
420.42,4.29,0,0,-23.93,68852,1640097829.96706,0
420.42,4.29,0,0,-23.92,68873,1640097829.98621,0
420.42,4.29,0,0,-23.92,68893,1640097830.0082,0
420.42,4.29,0,0,-23.92,68913,1640097830.02828,0
420.42,4.29,0,0,-23.92,68933,1640097830.0485,0
420.42,4.29,0,0,-23.92,68953,1640097830.06845,0
420.42,4.29,0,0,-23.9,68972,1640097830.08562,0
420.42,4.29,0,0,-23.9,68993,1640097830.10638,0
420.42,4.29,0,0,-23.9,69013,1640097830.12592,0
420.42,4.29,0,0,-23.88,69032,1640097830.14663,0
420.42,4.29,0,0,-23.88,69053,1640097830.17171,0
420.42,4.29,0,0,-23.88,69072,1640097830.19239,0
420.42,4.29,0,0,-23.88,69093,1640097830.20793,0
420.42,4.29,0,0,-23.88,69112,1640097830.22819,0
420.42,4.29,0,0,-23.88,69133,1640097830.24893,0
420.42,4.29,0,0,-23.88,69152,1640097830.26593,0
420.42,4.29,0,0,-23.88,69173,1640097830.2862,0
420.42,4.29,0,0,-23.88,69192,1640097830.30673,0
420.42,4.29,0,0,-23.88,69213,1640097830.32722,0
420.42,4.29,0,0,-23.88,69232,1640097830.34698,0
420.42,4.29,0,0,-23.88,69253,1640097830.3675,0
420.42,4.29,0,0,-23.88,69272,1640097830.38839,0
420.42,4.29,0,0,-23.88,69293,1640097830.40885,0
420.42,4.29,0,0,-23.88,69313,1640097830.42929,0
420.42,4.29,0,0,-23.88,69332,1640097830.45001,0
420.42,4.29,0,0,-23.88,69353,1640097830.47771,0
420.42,4.29,0,0,-23.88,69372,1640097830.4857,0
420.42,4.29,0,0,-23.88,69392,1640097830.50678,0
420.42,4.29,0,0,-23.88,69412,1640097830.52701,0
420.42,4.29,0,0,-23.88,69433,1640097830.54703,0
420.42,4.29,0,0,-23.88,69452,1640097830.56735,0
420.42,4.29,0,0,-23.88,69473,1640097830.58863,0
420.42,4.29,0,0,-23.88,69492,1640097830.60931,0
420.42,4.29,0,0,-23.88,69513,1640097830.62955,0
420.42,4.29,0,0,-23.88,69532,1640097830.64649,0
420.42,4.29,0,0,-23.88,69553,1640097830.6658,0
420.42,4.29,0,0,-23.88,69572,1640097830.68717,0
420.42,4.29,0,0,-23.88,69593,1640097830.7073,0
420.42,4.29,0,0,-23.88,69613,1640097830.72765,0
420.42,4.29,0,0,-23.88,69633,1640097830.74815,0
420.42,4.29,0,0,-23.88,69652,1640097830.7695,0
420.42,4.29,0,0,-23.88,69672,1640097830.78891,0
420.42,4.29,0,0,-23.88,69692,1640097830.81467,0
420.42,4.29,0,0,-23.88,69712,1640097830.82726,0
420.42,4.29,0,0,-23.88,69733,1640097830.8464,0
420.42,4.29,0,0,-23.88,69752,1640097830.86781,0
420.42,4.29,0,0,-23.88,69773,1640097830.8881,0
420.42,4.29,0,0,-23.88,69792,1640097830.90844,0
420.42,4.29,0,0,-23.88,69813,1640097830.92858,0
420.42,4.29,0,0,-23.88,69832,1640097830.94904,0
420.42,4.29,0,0,-23.88,69853,1640097830.9696,0
420.42,4.29,0,0.01,-23.88,69872,1640097830.99,0
420.42,4.29,0,0,-23.88,69893,1640097831.01564,0
420.42,4.29,0,0,-23.88,69913,1640097831.02881,0
420.42,4.29,0,0,-23.88,69933,1640097831.04955,0
420.42,4.29,0,0,-23.88,69952,1640097831.07059,0
420.42,4.29,0,0,-23.88,69972,1640097831.09123,0
420.42,4.29,0,0,-23.88,69993,1640097831.10884,0
420.42,4.29,0,0,-23.88,70012,1640097831.1295,0
420.42,4.29,0,0,-23.88,70033,1640097831.15017,0
420.42,4.29,0,0,-23.88,70052,1640097831.17046,0
420.42,4.29,0,0,-23.88,70073,1640097831.18719,0
420.42,4.29,0,0,-23.88,70092,1640097831.20722,0
420.42,4.29,0,0,-23.88,70113,1640097831.22818,0
420.42,4.29,0,0,-23.88,70132,1640097831.25296,0
420.42,4.29,0,0,-23.88,70153,1640097831.27135,0
420.42,4.29,0,0,-23.88,70172,1640097831.28929,0
420.42,4.29,0,0,-23.88,70193,1640097831.30928,0
420.42,4.29,0,0,-23.88,70212,1640097831.32991,0
420.42,4.29,0,0,-23.88,70233,1640097831.35025,0
420.42,4.29,0,0,-23.88,70252,1640097831.36604,0
420.42,4.29,0,0,-23.88,70273,1640097831.38744,0
420.42,4.29,0,0,-23.88,70292,1640097831.40769,0
420.42,4.29,0,0,-23.88,70312,1640097831.42925,0
420.42,4.29,0,0,-23.88,70333,1640097831.44922,0
420.42,4.29,0,0,-23.88,70352,1640097831.46953,0
420.42,4.29,0,0,-23.88,70373,1640097831.48963,0
420.42,4.29,0,0,-23.88,70392,1640097831.50994,0
420.42,4.29,0,0,-23.88,70413,1640097831.53123,0
420.42,4.29,0,0,-23.88,70432,1640097831.54713,0
420.42,4.29,0,0.01,-23.88,70453,1640097831.5677,0
420.42,4.29,0,0,-23.88,70472,1640097831.58811,0
420.42,4.29,0,0,-23.88,70493,1640097831.60866,0
420.42,4.29,0,0,-23.88,70512,1640097831.62893,0
420.42,4.29,0,0,-23.88,70533,1640097831.64927,0
420.42,4.29,0,0.01,-23.88,70553,1640097831.67104,0
420.42,4.29,0,0,-23.88,70573,1640097831.69031,0
420.42,4.29,0,0,-23.88,70593,1640097831.71224,0
420.42,4.29,0,0,-23.88,70612,1640097831.7277,0
420.42,4.29,0,0,-23.88,70633,1640097831.74797,0
420.42,4.29,0,0.01,-23.88,70652,1640097831.76822,0
420.42,4.29,0,0.01,-23.88,70673,1640097831.79007,0
420.42,4.29,0,0,-23.88,70692,1640097831.81053,0
420.42,4.29,0,0,-23.88,70713,1640097831.8309,0
420.42,4.29,0,0,-23.88,70732,1640097831.85012,0
420.42,4.29,0,0.01,-23.88,70753,1640097831.8709,0
420.42,4.29,0,0.01,-23.88,70772,1640097831.89225,0
420.42,4.29,0,0,-23.88,70793,1640097831.9078,0
420.42,4.29,0,0,-23.88,70812,1640097831.92831,0
420.42,4.29,0,0,-23.88,70833,1640097831.94872,0
420.42,4.29,0,0.01,-23.88,70852,1640097831.96858,0
420.42,4.29,0,0.01,-23.88,70873,1640097831.99102,0
420.42,4.29,0,0,-23.88,70892,1640097832.01009,0
420.42,4.29,0,0,-23.88,70913,1640097832.03125,0
420.42,4.29,0,0,-23.88,70932,1640097832.05164,0
420.42,4.29,0,0.01,-23.88,70952,1640097832.07224,0
420.42,4.29,0,0,-23.88,70972,1640097832.08895,0
420.42,4.29,0,0,-23.88,70992,1640097832.10878,0
420.42,4.29,0,0,-23.88,71013,1640097832.12887,0
420.42,4.29,0,0,-23.88,71032,1640097832.14952,0
420.42,4.29,0,0.01,-23.88,71053,1640097832.16997,0
420.42,4.29,0,0,-23.88,71072,1640097832.19103,0
420.42,4.29,0,0,-23.88,71093,1640097832.21205,0
420.42,4.29,0,0,-23.9,71112,1640097832.23143,0
420.42,4.29,0,0,-23.9,71133,1640097832.25175,0
420.42,4.29,0,0.01,-23.9,71152,1640097832.26851,0
420.42,4.29,0,0,-23.9,71173,1640097832.29041,0
420.42,4.29,0,0,-23.9,71193,1640097832.30922,0
420.42,4.29,0,0,-23.9,71213,1640097832.32934,0
420.42,4.29,0,0,-23.9,71233,1640097832.34979,0
420.42,4.29,0,0.01,-23.9,71252,1640097832.37469,0
420.42,4.29,0,0,-23.9,71272,1640097832.39108,0
420.42,4.29,0,0,-23.9,71292,1640097832.41329,0
420.42,4.29,0,0,-23.9,71313,1640097832.43489,0
420.42,4.29,0,0,-23.9,71332,1640097832.44801,0
420.42,4.29,0,0.01,-23.9,71353,1640097832.47271,0
420.42,4.29,0,0,-23.9,71372,1640097832.49053,0
420.42,4.29,0,0,-23.9,71393,1640097832.50894,0
420.42,4.29,0,0,-23.9,71412,1640097832.52925,0
420.42,4.29,0,0,-23.9,71433,1640097832.55169,0
420.42,4.29,0,0.01,-23.9,71452,1640097832.57042,0
420.42,4.29,0,0,-23.9,71473,1640097832.59172,0
420.42,4.29,0,0,-23.9,71493,1640097832.61234,0
420.42,4.29,0,0,-23.9,71513,1640097832.6318,0
420.42,4.29,0,0,-23.9,71532,1640097832.64923,0
420.42,4.29,0,0.01,-23.9,71553,1640097832.66975,0
420.42,4.29,0,0,-23.9,71573,1640097832.69065,0
420.42,4.29,0,0,-23.9,71592,1640097832.71044,0
420.42,4.29,0,0,-23.9,71613,1640097832.73062,0
420.42,4.29,0,0,-23.9,71632,1640097832.75199,0
420.42,4.29,0,0.01,-23.9,71653,1640097832.77216,0
420.42,4.29,0,0,-23.9,71672,1640097832.79236,0
420.42,4.29,0,0,-23.9,71693,1640097832.81287,0
420.42,4.29,0,0,-23.9,71712,1640097832.82934,0
420.42,4.29,0,0,-23.9,71733,1640097832.84992,0
420.42,4.29,0,0.01,-23.9,71752,1640097832.87006,0
420.42,4.29,0,0,-23.9,71773,1640097832.89015,0
420.42,4.29,0,0,-23.9,71793,1640097832.91129,0
420.42,4.29,0,0,-23.9,71813,1640097832.93158,0
420.42,4.29,0,0,-23.9,71832,1640097832.95202,0
420.42,4.29,0,0.01,-23.9,71853,1640097832.97231,0
420.42,4.29,0,0,-23.9,71873,1640097832.99574,0
420.42,4.29,0,0,-23.9,71892,1640097833.01024,0
420.42,4.29,0,0,-23.9,71913,1640097833.03037,0
420.42,4.29,0,0,-23.9,71932,1640097833.0503,0
420.42,4.29,0,0.01,-23.9,71953,1640097833.0712,0
420.42,4.29,0,0,-23.9,71972,1640097833.09155,0
420.42,4.29,0,0,-23.9,71993,1640097833.11315,0
420.42,4.29,0,0,-23.9,72012,1640097833.13274,0
420.42,4.29,0,0,-23.9,72033,1640097833.15299,0
420.42,4.29,0,0.01,-23.9,72052,1640097833.17337,0
420.42,4.29,0,0,-23.9,72073,1640097833.19042,0
420.42,4.29,0,0,-23.9,72093,1640097833.21043,0
420.42,4.29,0,0,-23.9,72113,1640097833.22979,0
420.42,4.29,0,0,-23.9,72132,1640097833.25048,0
420.42,4.29,0,0.01,-23.9,72153,1640097833.27086,0
420.42,4.29,0,0,-23.9,72173,1640097833.29169,0
420.42,4.29,0,0,-23.9,72193,1640097833.31195,0
420.42,4.29,0,0,-23.9,72213,1640097833.33243,0
420.42,4.29,0,0,-23.9,72232,1640097833.35847,0
420.42,4.29,0,0.01,-23.9,72253,1640097833.37608,0
420.42,4.29,0,0,-23.9,72272,1640097833.39127,0
420.42,4.29,0,0,-23.9,72293,1640097833.41031,0
420.42,4.29,0,0,-23.9,72312,1640097833.43144,0
420.42,4.29,0,0,-23.9,72333,1640097833.45207,0
420.42,4.29,0,0.01,-23.9,72352,1640097833.47297,0
