374.73,0,0,0,101.45,683869,1640094712.97017,0
374.73,0,0,0.01,101.45,683882,1640094712.97299,0
374.73,0,0,0,101.45,683894,1640094712.97425,0
374.73,0,0,0,101.45,683908,1640094712.97494,0
374.73,0,0,0,101.45,683921,1640094712.97559,0
374.73,0,0,0,101.45,683934,1640094712.97625,0
374.73,0,0,0,101.45,683947,1640094712.97691,0
374.73,0,0,0,101.45,683960,1640094712.9775,0
374.73,0,0,0,101.45,683973,1640094712.97853,0
374.73,0,0,0,101.45,683985,1640094713.00399,0
374.73,0,0,0.01,101.45,683999,1640094713.01611,0
374.73,0,0,0,101.45,684012,1640094713.05314,0
374.73,0,0,0,101.45,684025,1640094713.05445,0
374.73,0,0,0,101.45,684038,1640094713.05753,0
374.73,0,0,0.01,101.45,684051,1640094713.06008,0
374.73,0,0,0,101.45,684064,1640094713.08977,0
374.73,0,0,0,101.45,684078,1640094713.0908,0
374.73,0,0,0,101.45,684091,1640094713.09243,0
374.73,0,0,0,101.45,684103,1640094713.10624,0
374.73,0,0,0.01,101.45,684116,1640094713.11776,0
374.73,0,0,0,101.45,684130,1640094713.13029,0
374.73,0,0,0,101.45,684142,1640094713.14242,0
374.73,0,0,0,101.45,684155,1640094713.15457,0
374.73,0,0,0,101.45,684169,1640094713.17646,0
374.73,0,0,0.01,101.45,684182,1640094713.18404,0
374.73,0,0,0,101.45,684194,1640094713.19826,0
374.73,0,0,0,101.45,684208,1640094713.2081,0
374.73,0,0,0,101.45,684221,1640094713.22067,0
374.73,0,0,0,101.45,684234,1640094713.2345,0
374.73,0,0,0.01,101.45,684248,1640094713.24962,0
374.73,0,0,0,101.45,684260,1640094713.2612,0
374.73,0,0,0,101.45,684273,1640094713.27331,0
374.73,0,0,0,101.45,684286,1640094713.2859,0
374.73,0,0,0.01,101.45,684300,1640094713.29833,0
374.73,0,0,0,101.45,684312,1640094713.31515,0
374.73,0,0,0,101.45,684325,1640094713.32686,0
374.73,0,0,0,101.45,684339,1640094713.34878,0
374.73,0,0,0,101.45,684352,1640094713.36086,0
374.73,0,0,0.01,101.45,684365,1640094713.36689,0
374.73,0,0,0,101.45,684378,1640094713.39008,0
374.73,0,0,0,101.45,684391,1640094713.39562,0
374.73,0,0,0,101.45,684404,1640094713.40635,0
374.73,0,0,0.01,101.45,684418,1640094713.41819,0
374.73,0,0,0.01,101.45,684430,1640094713.4307,0
374.73,0,0,0,101.45,684443,1640094713.44645,0
374.73,0,0,0,101.45,684456,1640094713.45894,0
374.73,0,0,0,101.45,684469,1640094713.47107,0
374.73,0,0,0.01,101.45,684482,1640094713.48246,0
374.73,0,0,0,101.45,684495,1640094713.49497,0
374.73,0,0,0,101.45,684509,1640094713.51142,0
374.73,0,0,0,101.45,684521,1640094713.52417,0
374.73,0,0,0,101.45,684534,1640094713.53659,0
374.73,0,0,0.01,101.45,684548,1640094713.54905,0
374.73,0,0,0,101.45,684561,1640094713.56157,0
374.73,0,0,0,101.45,684573,1640094713.57356,0
374.73,0,0,0,101.45,684587,1640094713.59047,0
374.73,0,0,0.01,101.45,684600,1640094713.60216,0
374.73,0,0,0,101.45,684613,1640094713.61426,0
374.73,0,0,0,101.45,684625,1640094713.62679,0
374.73,0,0,0,101.45,684639,1640094713.63856,0
374.73,0,0,0,101.45,684652,1640094713.65452,0
374.73,0,0,0.01,101.45,684665,1640094713.66673,0
374.73,0,0,0,101.45,684678,1640094713.67867,0
374.73,0,0,0,101.45,684691,1640094713.69194,0
374.73,0,0,0,101.45,684704,1640094713.70416,0
374.73,0,0,0,101.45,684718,1640094713.72008,0
374.73,0,0,0.01,101.45,684730,1640094713.73272,0
374.73,0,0,0,101.45,684743,1640094713.74486,0
374.73,0,0,0,101.45,684756,1640094713.75683,0
374.73,0,0,0,101.45,684770,1640094713.76897,0
374.73,0,0,0,101.45,684782,1640094713.78606,0
374.73,0,0,0,101.45,684795,1640094713.79815,0
374.73,0,0,0,101.45,684809,1640094713.81071,0
374.73,0,0,0,101.45,684821,1640094713.82276,0
374.73,0,0,0,101.45,684834,1640094713.83515,0
374.73,0,0,0.01,101.45,684848,1640094713.84656,0
374.73,0,0,0,101.45,684860,1640094713.86367,0
374.73,0,0,0,101.45,684873,1640094713.87593,0
374.73,0,0,0,101.45,684887,1640094713.8882,0
374.73,0,0,0.01,101.45,684900,1640094713.90068,0
374.73,0,0,0.01,101.45,684913,1640094713.91319,0
374.73,0,0,0,101.45,684925,1640094713.92874,0
374.73,0,0,0,101.45,684939,1640094713.94108,0
374.73,0,0,0,101.45,684952,1640094713.95346,0
374.73,0,0,0.01,101.45,684965,1640094713.96574,0
374.73,0,0,0,101.45,684978,1640094713.97848,0
374.73,0,0,0,101.45,684991,1640094713.99412,0
374.73,0,0,0,101.45,685004,1640094714.00644,0
374.73,0,0,0,101.45,685018,1640094714.01867,0
374.73,0,0,0.01,101.45,685030,1640094714.03113,0
374.73,0,0,0,101.45,685043,1640094714.04329,0
374.73,0,0,0,101.45,685057,1640094714.05654,0
374.73,0,0,0,101.45,685070,1640094714.0727,0
374.73,0,0,0,101.45,685082,1640094714.08539,0
374.73,0,0,0,101.45,685095,1640094714.09717,0
374.73,0,0,0,101.45,685109,1640094714.10969,0
374.73,0,0,0,101.45,685121,1640094714.12186,0
374.73,0,0,0,101.45,685134,1640094714.13763,0
374.73,0,0,0.01,101.45,685148,1640094714.15544,0
374.73,0,0,0,101.45,685160,1640094714.16615,0
374.73,0,0,0,101.45,685173,1640094714.1763,0
374.73,0,0,0,101.45,685187,1640094714.18769,0
374.73,0,0,0.01,101.45,685200,1640094714.20321,0
374.73,0,0,0.01,101.45,685213,1640094714.21587,0
374.73,0,0,0,101.45,685225,1640094714.22839,0
374.73,0,0,0,101.45,685239,1640094714.23975,0
374.73,0,0,0,101.45,685252,1640094714.26105,0
374.73,0,0,0.01,101.45,685265,1640094714.27081,0
374.73,0,0,0,101.45,685279,1640094714.28291,0
374.73,0,0,0,101.45,685291,1640094714.29369,0
374.73,0,0,0,101.45,685304,1640094714.30632,0
374.73,0,0,0,101.45,685318,1640094714.31837,0
374.73,0,0,0.01,101.45,685331,1640094714.33411,0
374.73,0,0,0,101.45,685343,1640094714.34661,0
374.73,0,0,0,101.45,685357,1640094714.35891,0
374.73,0,0,0,101.45,685370,1640094714.37132,0
374.73,0,0,0,101.45,685383,1640094714.3839,0
374.73,0,0,0.01,101.45,685395,1640094714.39993,0
374.73,0,0,0,101.45,685409,1640094714.41197,0
374.73,0,0,0,101.45,685422,1640094714.42441,0
374.73,0,0,0,101.45,685435,1640094714.43669,0
374.73,0,0,0.01,101.45,685449,1640094714.44905,0
374.73,0,0,0,101.45,685461,1640094714.46125,0
374.73,0,0,0,101.45,685474,1640094714.4786,0
374.73,0,0,0,101.45,685488,1640094714.48959,0
374.73,0,0,0,101.45,685501,1640094714.50177,0
374.73,0,0,0.01,101.45,685513,1640094714.51439,0
374.73,0,0,0,101.45,685527,1640094714.52675,0
374.73,0,0,0,101.45,685540,1640094714.54269,0
374.73,0,0,0,101.45,685553,1640094714.55515,0
374.73,0,0,0,101.45,685565,1640094714.56769,0
374.73,0,0,0.01,101.45,685579,1640094714.58773,0
374.73,0,0,0,101.45,685592,1640094714.59394,0
374.73,0,0,0,101.45,685605,1640094714.60896,0
374.73,0,0,0,101.45,685618,1640094714.6223,0
374.73,0,0,0.01,101.45,685631,1640094714.63393,0
374.73,0,0,0,101.45,685644,1640094714.64631,0
374.73,0,0,0,101.45,685657,1640094714.65847,0
374.73,0,0,0,101.45,685670,1640094714.674,0
374.73,0,0,0,101.45,685683,1640094714.68635,0
374.73,0,0,0.01,101.45,685697,1640094714.69868,0
374.73,0,0,0,101.45,685709,1640094714.71107,0
374.73,0,0,0,101.45,685722,1640094714.72304,0
374.73,0,0,0,101.45,685735,1640094714.73577,0
374.73,0,0,0.01,101.45,685748,1640094714.75201,0
374.73,0,0,0,101.45,685761,1640094714.76424,0
374.73,0,0,0,101.45,685774,1640094714.77694,0
374.73,0,0,0,101.45,685788,1640094714.78864,0
374.73,0,0,0,101.45,685800,1640094714.80122,0
374.73,0,0,0.01,101.45,685813,1640094714.81807,0
374.73,0,0,0,101.45,685827,1640094714.83065,0
374.73,0,0,0,101.45,685839,1640094714.84179,0
374.73,0,0,0,101.45,685852,1640094714.85407,0
374.73,0,0,0.01,101.45,685865,1640094714.86669,0
374.73,0,0,0.01,101.45,685879,1640094714.88351,0
374.73,0,0,0,101.45,685892,1640094714.89545,0
374.73,0,0,0,101.45,685904,1640094714.9085,0
374.73,0,0,0,101.45,685918,1640094714.92086,0
374.73,0,0,0,101.45,685931,1640094714.93208,0
374.73,0,0,0,101.45,685943,1640094714.94437,0
374.73,0,0,0,101.45,685957,1640094714.96128,0
374.73,0,0,0,101.45,685970,1640094714.97395,0
374.73,0,0,0,101.45,685983,1640094714.98568,0
374.73,0,0,0.01,101.45,685996,1640094714.99783,0
374.73,0,0,0,101.45,686009,1640094715.01044,0
374.73,0,0,0,101.45,686022,1640094715.02705,0
374.73,0,0,0,101.45,686035,1640094715.03945,0
374.73,0,0,0.01,101.45,686048,1640094715.05167,0
374.73,0,0,0.01,101.45,686061,1640094715.06316,0
374.73,0,0,0,101.45,686074,1640094715.07607,0
374.73,0,0,0,101.45,686088,1640094715.09793,0
374.73,0,0,0,101.45,686101,1640094715.10725,0
374.73,0,0,0.01,101.45,686113,1640094715.11683,0
374.73,0,0,0,101.45,686127,1640094715.1288,0
374.73,0,0,0,101.45,686140,1640094715.14138,0
374.73,0,0,0,101.45,686152,1640094715.15708,0
374.73,0,0,0,101.45,686166,1640094715.17132,0
374.73,0,0,0.01,101.45,686179,1640094715.18211,0
374.73,0,0,0,101.45,686192,1640094715.19443,0
374.73,0,0,0,101.45,686204,1640094715.20665,0
374.73,0,0,0,101.45,686218,1640094715.21929,0
374.73,0,0,0.01,101.45,686231,1640094715.23539,0
374.73,0,0,0.01,101.45,686244,1640094715.24748,0
374.73,0,0,0,101.45,686257,1640094715.26033,0
374.73,0,0,0,101.45,686270,1640094715.27335,0
374.73,0,0,0,101.45,686283,1640094715.28524,0
374.73,0,0,0,101.45,686296,1640094715.30131,0
374.73,0,0,0,101.45,686309,1640094715.31343,0
374.73,0,0,0,101.45,686322,1640094715.33371,0
374.73,0,0,0,101.45,686336,1640094715.34039,0
374.73,0,0,0.01,101.45,686348,1640094715.35059,0
374.73,0,0,0.01,101.45,686361,1640094715.36688,0
374.73,0,0,0,101.45,686374,1640094715.37893,0
374.73,0,0,0,101.45,686388,1640094715.39163,0
374.73,0,0,0,101.45,686400,1640094715.40377,0
374.73,0,0,0.01,101.45,686413,1640094715.41582,0
374.73,0,0,0,101.45,686427,1640094715.43168,0
374.73,0,0,0,101.45,686440,1640094715.44395,0
374.73,0,0,0,101.45,686453,1640094715.45619,0
374.73,0,0,0,101.45,686466,1640094715.46934,0
374.73,0,0,0,101.45,686479,1640094715.48193,0
374.73,0,0,0,101.45,686492,1640094715.49315,0
374.73,0,0,0,101.45,686504,1640094715.51003,0
374.73,0,0,0,101.45,686518,1640094715.52242,0
374.73,0,0,0,101.45,686531,1640094715.53483,0
374.73,0,0,0,101.45,686544,1640094715.54735,0
374.73,0,0,0,101.45,686557,1640094715.55872,0
374.73,0,0,0,101.45,686570,1640094715.57596,0
374.73,0,0,0,101.45,686583,1640094715.58818,0
374.73,0,0,0,101.45,686597,1640094715.60086,0
374.73,0,0,0,101.45,686609,1640094715.61187,0
374.73,0,0,0,101.45,686622,1640094715.62443,0
374.73,0,0,0,101.45,686636,1640094715.64111,0
374.73,0,0,0,101.45,686649,1640094715.65332,0
374.73,0,0,0,101.45,686661,1640094715.66642,0
374.73,0,0,0,101.45,686674,1640094715.67829,0
374.73,0,0,0,101.45,686688,1640094715.68991,0
374.73,0,0,0,101.45,686701,1640094715.70653,0
374.73,0,0,0,101.45,686713,1640094715.71878,0
374.73,0,0,0,101.45,686727,1640094715.73093,0
374.73,0,0,0,101.45,686740,1640094715.74309,0
374.73,0,0,0,101.45,686753,1640094715.75548,0
374.73,0,0,0,101.45,686766,1640094715.76828,0
374.73,0,0,0,101.45,686779,1640094715.78384,0
374.73,0,0,0,101.45,686792,1640094715.79605,0
374.73,0,0,0,101.45,686806,1640094715.8087,0
374.73,0,0,0,101.45,686818,1640094715.82123,0
374.73,0,0,0,101.45,686831,1640094715.83314,0
374.73,0,0,0,101.45,686844,1640094715.85012,0
374.73,0,0,0,101.45,686858,1640094715.86265,0
374.73,0,0,0,101.45,686870,1640094715.87555,0
374.73,0,0,0,101.45,686883,1640094715.89751,0
374.73,0,0,0,101.45,686897,1640094715.90172,0
374.73,0,0,0,101.45,686910,1640094715.91639,0
374.73,0,0,0,101.45,686922,1640094715.92774,0
374.73,0,0,0,101.45,686936,1640094715.94015,0
374.73,0,0,0,101.45,686949,1640094715.95253,0
374.73,0,0,0,101.45,686961,1640094715.96507,0
374.73,0,0,0,101.45,686974,1640094715.98091,0
374.73,0,0,0,101.45,686988,1640094715.9933,0
374.73,0,0,0,101.45,687001,1640094716.00556,0
374.73,0,0,0,101.45,687013,1640094716.01797,0
374.73,0,0,0,101.45,687027,1640094716.03058,0
374.73,0,0,0,101.45,687040,1640094716.04621,0
374.73,0,0,0,101.45,687053,1640094716.05884,0
374.73,0,0,0,101.45,687067,1640094716.07135,0
374.73,0,0,0,101.45,687079,1640094716.08406,0
374.73,0,0,0,101.45,687092,1640094716.09532,0
374.73,0,0,0,101.45,687106,1640094716.11789,0
374.73,0,0,0,101.45,687119,1640094716.12624,0
374.73,0,0,0,101.45,687131,1640094716.13691,0
374.73,0,0,0,101.45,687144,1640094716.15074,0
374.73,0,0,0,101.45,687158,1640094716.16112,0
374.73,0,0,0,101.45,687171,1640094716.17302,0
374.73,0,0,0,101.45,687183,1640094716.18996,0
374.73,0,0,0,101.45,687197,1640094716.20228,0
374.73,0,0,0,101.45,687210,1640094716.21445,0
374.73,0,0,0,101.45,687223,1640094716.22658,0
374.73,0,0,0,101.45,687236,1640094716.23935,0
374.73,0,0,0,101.45,687249,1640094716.25523,0
374.73,0,0,0,101.45,687262,1640094716.27262,0
374.73,0,0,0,101.45,687276,1640094716.28267,0
374.73,0,0,0,101.45,687288,1640094716.2934,0
374.73,0,0,0,101.45,687301,1640094716.30502,0
374.73,0,0,0,101.45,687314,1640094716.32089,0
374.73,0,0,0,101.45,687328,1640094716.33294,0
374.73,0,0,0,101.45,687340,1640094716.34538,0
374.73,0,0,0,101.45,687353,1640094716.35781,0
374.73,0,0,0,101.45,687367,1640094716.37059,0
374.73,0,0,0,101.45,687380,1640094716.38264,0
374.73,0,0,0,101.45,687392,1640094716.39808,0
374.73,0,0,0,101.45,687406,1640094716.41055,0
374.73,0,0,0,101.45,687419,1640094716.42326,0
374.73,0,0,0,101.45,687432,1640094716.43575,0
374.73,0,0,0,101.45,687444,1640094716.44848,0
374.73,0,0,0,101.45,687458,1640094716.46425,0
374.73,0,0,0,101.45,687471,1640094716.4768,0
374.73,0,0,0,101.45,687484,1640094716.48931,0
374.73,0,0,0,101.45,687497,1640094716.50121,0
374.73,0,0,0,101.45,687510,1640094716.51351,0
374.73,0,0,0,101.45,687523,1640094716.52915,0
374.73,0,0,0,101.45,687536,1640094716.5423,0
374.73,0,0,0,101.45,687549,1640094716.55454,0
374.73,0,0,0,101.45,687562,1640094716.56689,0
374.73,0,0,0,101.45,687576,1640094716.57956,0
374.73,0,0,0,101.45,687588,1640094716.59561,0
374.73,0,0,0,101.45,687601,1640094716.60874,0
374.73,0,0,0,101.45,687614,1640094716.62061,0
374.73,0,0,0,101.45,687628,1640094716.63267,0
374.73,0,0,0,101.45,687641,1640094716.64426,0
374.73,0,0,0,101.45,687653,1640094716.66123,0
374.73,0,0,0,101.45,687667,1640094716.67276,0
374.73,0,0,0,101.45,687680,1640094716.69744,0
374.73,0,0,0,101.45,687693,1640094716.70288,0
374.73,0,0,0,101.45,687706,1640094716.71359,0
374.73,0,0,0,101.45,687719,1640094716.72326,0
374.73,0,0,0,101.45,687732,1640094716.73932,0
374.73,0,0,0,101.45,687745,1640094716.75059,0
374.73,0,0,0,101.45,687758,1640094716.76274,0
374.73,0,0,0,101.45,687771,1640094716.77573,0
374.73,0,0,0,101.45,687784,1640094716.78795,0
374.73,0,0,0,101.45,687797,1640094716.80415,0
374.73,0,0,0,101.45,687810,1640094716.81631,0
374.73,0,0,0,101.45,687823,1640094716.82851,0
374.73,0,0,0,101.45,687837,1640094716.8409,0
374.73,0,0,0,101.45,687849,1640094716.85286,0
374.73,0,0,0,101.45,687862,1640094716.86974,0
374.73,0,0,0,101.45,687876,1640094716.88195,0
374.73,0,0,0,101.45,687889,1640094716.89452,0
374.73,0,0,0,101.45,687901,1640094716.9072,0
374.73,0,0,0,101.45,687915,1640094716.91818,0
374.73,0,0,0,101.45,687928,1640094716.93512,0
374.73,0,0,0,101.45,687941,1640094716.94754,0
374.73,0,0,0,101.45,687953,1640094716.9664,0
374.73,0,0,0,101.45,687967,1640094716.97607,0
374.73,0,0,0,101.45,687980,1640094716.98532,0
374.73,0,0,0,101.45,687993,1640094716.99719,0
374.73,0,0,0,101.45,688006,1640094717.01327,0
374.73,0,0,0,101.45,688019,1640094717.02571,0
374.73,0,0,0,101.45,688032,1640094717.03804,0
374.73,0,0,0,101.45,688046,1640094717.04938,0
374.73,0,0,0,101.45,688058,1640094717.06208,0
374.73,0,0,0,101.45,688071,1640094717.07796,0
374.73,0,0,0,101.45,688084,1640094717.09097,0
374.73,0,0,0,101.45,688098,1640094717.10284,0
374.73,0,0,0,101.45,688110,1640094717.11542,0
374.73,0,0,0,101.45,688123,1640094717.12817,0
374.73,0,0,0,101.45,688137,1640094717.14381,0
374.73,0,0,0,101.45,688150,1640094717.15632,0
374.73,0,0,0,101.45,688162,1640094717.1688,0
374.73,0,0,0,101.45,688176,1640094717.18108,0
374.73,0,0,0,101.45,688189,1640094717.19313,0
374.73,0,0,0,101.45,688202,1640094717.21006,0
374.73,0,0,0,101.45,688215,1640094717.22231,0
374.73,0,0,0,101.45,688228,1640094717.23469,0
374.73,0,0,0,101.45,688241,1640094717.24718,0
374.73,0,0,0,101.45,688253,1640094717.25826,0
374.73,0,0,0,101.46,688267,1640094717.2717,0
374.73,0,0,0,101.46,688279,1640094717.28756,0
374.73,0,0,0,101.46,688292,1640094717.3,0
374.73,0,0,0,101.48,688305,1640094717.3122,0
374.73,0,0,0,101.51,688317,1640094717.32485,0
374.73,0,0,0,101.58,688330,1640094717.33625,0
374.73,0,0,0,101.63,688343,1640094717.349,0
374.73,0,0,0,101.68,688356,1640094717.36132,0
374.73,0,0,0,101.71,688368,1640094717.37396,0
374.73,0,0,0,101.78,688381,1640094717.38523,0
374.73,0,0,0,101.83,688394,1640094717.40162,0
374.73,0,0,0,101.86,688407,1640094717.41388,0
374.73,0,0,0,101.88,688419,1640094717.42643,0
374.73,0,0,0,101.91,688433,1640094717.43915,0
374.73,0,0,0,101.95,688445,1640094717.45135,0
374.73,0,0,0,102,688458,1640094717.46376,0
374.73,0,0,0,102.05,688471,1640094717.47604,0
374.73,0,0,0,102.1,688484,1640094717.48865,0
374.73,0,0,0,102.18,688496,1640094717.50466,0
374.73,0,0,0,102.26,688509,1640094717.51691,0
374.73,0,0,0,102.36,688522,1640094717.52923,0
374.73,0,0,0,102.51,688535,1640094717.54165,0
374.73,0,0,0,102.68,688547,1640094717.5537,0
374.73,0,0,0,102.9,688561,1640094717.56607,0
374.73,0,0,0,103.15,688573,1640094717.5786,0
374.73,0,0,0,103.45,688586,1640094717.5915,0
374.73,0,0,0,103.8,688599,1640094717.6245,0
374.73,0,0,0,104.15,688612,1640094717.62881,0
374.73,0,0,0,104.53,688624,1640094717.63214,0
374.73,0,0,0,104.91,688637,1640094717.64596,0
374.73,0,0,0,105.33,688650,1640094717.65689,0
374.73,0,0,0,105.75,688663,1640094717.66843,0
374.73,0,0,0,106.18,688675,1640094717.6808,0
374.73,0,0,0,106.6,688689,1640094717.69353,0
374.73,0,0,0,107.03,688701,1640094717.70955,0
374.73,0,0,0,107.43,688714,1640094717.7222,0
374.73,0,0,0,107.81,688727,1640094717.73341,0
374.73,0,0,0,108.18,688739,1640094717.74674,0
374.73,0,0,0,108.55,688752,1640094717.75905,0
374.73,0,0,0,108.86,688764,1640094717.77126,0
374.73,0,0,0,109.15,688778,1640094717.78238,0
374.73,0,0,0,109.41,688790,1640094717.79581,0
374.73,0,0,0,109.63,688803,1640094717.81172,0
374.73,0,0,0,109.83,688816,1640094717.82436,0
374.73,0,0,0,109.98,688829,1640094717.84274,0
374.73,0,0,0,110.11,688841,1640094717.85484,0
374.73,0,0,0,110.23,688855,1640094717.86271,0
374.73,0,0,0,110.31,688867,1640094717.87398,0
374.73,0,0,0,110.4,688880,1640094717.88733,0
374.73,0,0,0,110.46,688892,1640094717.89881,0
374.73,0,0,0,110.51,688906,1640094717.91563,0
374.73,0,0,0,110.55,688918,1640094717.92721,0
374.73,0,0,0,110.56,688931,1640094717.93907,0
374.73,0,0,0,110.56,688944,1640094717.95139,0
374.73,0,0,0,110.58,688957,1640094717.96404,0
374.73,0,0,0,110.58,688969,1640094717.97552,0
374.73,0,0,0,110.58,688983,1640094717.98756,0
374.73,0,0,0,110.58,688996,1640094718.00424,0
374.73,0,0,0,110.58,689009,1640094718.01658,0
374.73,0,0,0,110.58,689021,1640094718.02874,0
374.73,0,0,0,110.58,689035,1640094718.04134,0
374.73,0,0,0,110.58,689048,1640094718.05373,0
374.73,0,0,0,110.58,689061,1640094718.06995,0
374.73,0,0,0,110.58,689074,1640094718.08153,0
374.73,0,0,0,110.58,689087,1640094718.09402,0
374.73,0,0,0,110.58,689100,1640094718.10726,0
374.73,0,0,0,110.58,689114,1640094718.11933,0
374.73,0,0,0,110.58,689126,1640094718.13508,0
374.73,0,0,0,110.58,689139,1640094718.14744,0
374.73,0,0,0,110.58,689153,1640094718.16017,0
374.73,0,0,0,110.58,689165,1640094718.1726,0
374.73,0,0,0,110.58,689178,1640094718.19436,0
374.73,0,0,0,110.58,689191,1640094718.19903,0
374.73,0,0,0,110.58,689205,1640094718.21423,0
374.73,0,0,0,110.58,689217,1640094718.22588,0
374.73,0,0,0,110.56,689230,1640094718.23826,0
374.73,0,0,0,110.56,689243,1640094718.2497,0
374.73,0,0,0,110.56,689256,1640094718.26221,0
374.73,0,0,0,110.56,689268,1640094718.27526,0
374.73,0,0,0,110.56,689281,1640094718.2866,0
374.73,0,0,0,110.56,689294,1640094718.29858,0
374.73,0,0,0,110.55,689306,1640094718.32107,0
374.73,0,0,0,110.55,689318,1640094718.33138,0
374.73,0,0,0,110.53,689332,1640094718.34111,0
374.73,0,0,0,110.5,689344,1640094718.35249,0
374.73,0,0,0,110.45,689357,1640094718.36494,0
374.73,0,0,0,110.38,689370,1640094718.37637,0
374.73,0,0,0,110.28,689383,1640094718.38982,0
374.73,0,0,0,110.15,689395,1640094718.40125,0
374.73,0,0,0,109.98,689409,1640094718.41824,0
374.73,0,0,0,109.8,689421,1640094718.43064,0
374.73,0,0,0,109.58,689434,1640094718.44211,0
374.73,0,0,0,109.36,689446,1640094718.45456,0
374.73,0,0,0,109.11,689460,1640094718.46689,0
374.73,0,0,0,108.85,689472,1640094718.47923,0
374.73,0,0,0,108.51,689485,1640094718.49194,0
374.73,0,0,0,108.13,689498,1640094718.50399,0
374.73,0,0,0,107.7,689511,1640094718.52006,0
374.73,0,0,0,107.21,689523,1640094718.53265,0
374.73,0,0,0,106.7,689537,1640094718.55074,0
374.73,0,0,0,106.15,689549,1640094718.56148,0
374.73,0,0,0,105.56,689562,1640094718.5709,0
374.73,0,0,0,104.95,689574,1640094718.58156,0
374.73,0,0,0,104.28,689588,1640094718.59398,0
374.73,0,0,0,103.6,689600,1640094718.60669,0
374.73,0,0,0,102.9,689613,1640094718.62277,0
374.73,0,0,0,102.21,689626,1640094718.63538,0
374.73,0,0,0,101.56,689639,1640094718.64769,0
374.73,0,0,0,100.93,689651,1640094718.65902,0
374.73,0,0,0,100.31,689665,1640094718.67241,0
374.73,0,0,0,99.7,689677,1640094718.68434,0
374.73,0,0,0,99.11,689690,1640094718.70294,0
374.73,0,0,0,98.56,689702,1640094718.71508,0
374.73,0,0,0,98.05,689715,1640094718.72783,0
374.73,0,0,0,97.6,689728,1640094718.73947,0
374.73,0,0,0,97.16,689740,1640094718.74971,0
374.73,0,0,0,96.81,689753,1640094718.76193,0
374.73,0,0,0,96.51,689766,1640094718.77506,0
374.73,0,0,0,96.28,689778,1640094718.78816,0
374.73,0,0,0,96.11,689790,1640094718.80094,0
374.73,0,0,0,95.96,689804,1640094718.81222,0
374.73,0,0,0,95.83,689816,1640094718.82302,0
374.73,0,0,0,95.71,689828,1640094718.83529,0
374.73,0,0,0,95.6,689842,1640094718.84759,0
374.73,0,0,0,95.5,689854,1640094718.8612,0
374.73,0,0,0,95.43,689866,1640094718.87646,0
374.73,0,0,0,95.36,689880,1640094718.88851,0
374.73,0,0,0,95.31,689892,1640094718.90094,0
374.73,0,0,0,95.26,689904,1640094718.91352,0
374.73,0,0,0,95.21,689917,1640094718.92567,0
374.73,0,0,0,95.16,689930,1640094718.93782,0
374.73,0,0,0,95.1,689942,1640094718.95008,0
374.73,0,0,0,95,689955,1640094718.96243,0
374.73,0,0,0,94.88,689968,1640094718.97493,0
374.73,0,0,0,94.75,689980,1640094718.98696,0
374.73,0,0,0,94.61,689993,1640094719.00056,0
374.73,0,0,0,94.48,690006,1640094719.01571,0
374.73,0,0,0,94.33,690018,1640094719.0281,0
374.73,0,0,0,94.18,690031,1640094719.04076,0
374.73,0,0,0,94.05,690043,1640094719.05287,0
374.73,0,0,0,93.88,690056,1640094719.06589,0
374.73,0,0,0,93.71,690069,1640094719.07747,0
374.73,0,0,0,93.53,690081,1640094719.09019,0
374.73,0,0,0,93.3,690094,1640094719.10161,0
374.73,0,0,0,93.05,690106,1640094719.11396,0
374.73,0,0,0,92.78,690119,1640094719.12654,0
374.73,0,0,0,92.46,690131,1640094719.13879,0
374.73,0,0,0,92.15,690144,1640094719.15114,0
374.73,0,0,0,91.83,690157,1640094719.16692,0
374.73,0,0,0,91.51,690169,1640094719.18043,0
374.73,0,0,0,91.2,690182,1640094719.19177,0
374.73,0,0,0,90.88,690195,1640094719.20399,0
374.73,0,0,0,90.55,690207,1640094719.21661,0
374.73,0,0,0,90.21,690221,1640094719.22925,0
374.73,0,0,0,89.86,690233,1640094719.24147,0
374.73,0,0,0,89.5,690245,1640094719.254,0
374.73,0,0,0,89.11,690258,1640094719.2665,0
374.73,0,0,0,88.71,690271,1640094719.27775,0
374.73,0,0,0,88.28,690283,1640094719.29058,0
374.73,0,0,0,87.85,690296,1640094719.30785,0
374.73,0,0,0,87.4,690309,1640094719.31977,0
374.73,0,0,0,86.96,690322,1640094719.33176,0
374.73,0,0,0,86.55,690334,1640094719.34397,0
374.73,0,0,0,86.15,690347,1640094719.35617,0
374.73,0,0,0,85.76,690360,1640094719.36858,0
374.73,0,0,0,85.36,690372,1640094719.38124,0
374.73,0,0,0,84.95,690384,1640094719.39241,0
374.73,0,0,0,84.53,690398,1640094719.40472,0
374.73,0,0,0,84.1,690410,1640094719.41731,0
374.73,0,0,0,83.68,690422,1640094719.43375,0
374.73,0,0,0,83.31,690436,1640094719.44617,0
374.73,0,0,0,82.93,690448,1640094719.45864,0
374.73,0,0,0,82.56,690460,1640094719.47127,0
374.73,0,0,0,82.18,690473,1640094719.48249,0
374.73,0,0,0,81.8,690486,1640094719.49554,0
374.73,0,0,0,81.4,690498,1640094719.50764,0
374.73,0,0,0,80.98,690511,1640094719.51979,0
374.73,0,0,0,80.53,690524,1640094719.53238,0
374.73,0,0,0,80.03,690536,1640094719.54382,0
374.73,0,0,0,79.45,690549,1640094719.55614,0
374.73,0,0,0,78.81,690562,1640094719.57295,0
374.73,0,0,0,78.13,690575,1640094719.58529,0
374.73,0,0,0,77.38,690587,1640094719.59762,0
374.73,0,0,0,76.61,690599,1640094719.61021,0
374.73,0,0,0,75.83,690613,1640094719.62222,0
374.73,0,0,0,75.05,690625,1640094719.63488,0
374.73,0,0,0,74.23,690638,1640094719.64753,0
374.73,0,0,0,73.41,690651,1640094719.6587,0
374.73,0,0,0,72.63,690663,1640094719.68099,0
374.73,0,0,0,71.9,690676,1640094719.68722,0
374.73,0,0,0,71.21,690689,1640094719.6999,0
374.73,0,0,0,70.61,690701,1640094719.71207,0
374.73,0,0,0,70.1,690714,1640094719.72459,0
374.73,0,0,0,69.58,690726,1640094719.73651,0
374.73,0,0,0,69.11,690740,1640094719.74913,0
374.73,0,0,0,68.66,690752,1640094719.76127,0
374.73,0,0,0,68.23,690764,1640094719.77362,0
374.73,0,0,0,67.81,690778,1640094719.78633,0
374.73,0,0,0,67.38,690790,1640094719.79852,0
374.73,0,0,0,66.93,690802,1640094719.81035,0
374.73,0,0,0,66.46,690816,1640094719.82694,0
374.73,0,0,0,65.96,690828,1640094719.83933,0
374.73,0,0,0,65.41,690840,1640094719.85191,0
374.73,0,0,0,64.85,690853,1640094719.86865,0
374.73,0,0,0,64.26,690866,1640094719.88105,0
374.73,0,0,0,63.66,690879,1640094719.89021,0
374.73,0,0,0,63.05,690891,1640094719.90102,0
374.73,0,0,0,62.43,690904,1640094719.91264,0
374.73,0,0,0,61.83,690917,1640094719.9251,0
374.73,0,0,0,61.23,690929,1640094719.93757,0
374.73,0,0,0,60.6,690941,1640094719.95875,0
374.73,0,0,0,60.01,690955,1640094719.97027,0
374.73,0,0,0,59.41,690967,1640094719.97904,0
374.73,0,0,0,58.85,690980,1640094719.99143,0
374.73,0,0,0,58.31,690993,1640094720.0035,0
374.73,0,0,0,57.81,691005,1640094720.01604,0
374.73,0,0,0,57.33,691018,1640094720.0284,0
374.73,0,0,0,56.83,691031,1640094720.03977,0
374.73,0,0,0,56.38,691043,1640094720.05243,0
374.73,0,0,0,55.91,691056,1640094720.06486,0
374.73,0,0,0,55.48,691068,1640094720.07739,0
374.73,0,0,0,55.03,691081,1640094720.09321,0
374.73,0,0,0,54.6,691094,1640094720.10563,0
374.73,0,0,0,54.16,691106,1640094720.11824,0
374.73,0,0,0,53.75,691120,1640094720.13867,0
374.73,0,0,0,53.32,691132,1640094720.15081,0
374.73,0,0,0,52.9,691144,1640094720.15845,0
374.73,0,0,0,52.47,691158,1640094720.16802,0
374.73,0,0,0,52.05,691170,1640094720.17896,0
374.73,0,0,0,51.65,691182,1640094720.19148,0
374.73,0,0,0,51.23,691195,1640094720.20354,0
374.73,0,0,0,50.83,691208,1640094720.22097,0
374.73,0,0,0,50.43,691220,1640094720.23185,0
374.73,0,0,0,50.07,691233,1640094720.24471,0
374.73,0,0,0,49.72,691246,1640094720.25746,0
374.73,0,0,0,49.38,691259,1640094720.26962,0
374.73,0,0,0,49.07,691271,1640094720.28224,0
374.73,0,0,0,48.75,691283,1640094720.2935,0
374.73,0,0,0,48.42,691297,1640094720.30578,0
374.73,0,0,0,48.1,691309,1640094720.31827,0
374.73,0,0,0,47.78,691321,1640094720.33071,0
374.73,0,0,0,47.48,691335,1640094720.34331,0
374.73,0,0,0,47.18,691347,1640094720.35918,0
374.73,0,0,0,46.88,691359,1640094720.37155,0
374.73,0,0,0,46.57,691373,1640094720.38382,0
374.73,0,0,0,46.27,691385,1640094720.39604,0
374.73,0,0,0,45.95,691397,1640094720.40903,0
374.73,0,0,0,45.63,691410,1640094720.4209,0
374.73,0,0,0,45.3,691423,1640094720.43339,0
374.73,0,0,0,44.98,691436,1640094720.44544,0
374.73,0,0,0,44.67,691448,1640094720.46652,0
374.73,0,0,0,44.33,691461,1640094720.47465,0
374.73,0,0,0,44.02,691474,1640094720.48278,0
374.73,0,0,0,43.7,691486,1640094720.49889,0
374.73,0,0,0,43.38,691499,1640094720.51123,0
374.73,0,0,0,43.08,691512,1640094720.52359,0
374.73,0,0,0,42.8,691524,1640094720.53574,0
374.73,0,0,0,42.52,691536,1640094720.54804,0
374.73,0,0,0,42.25,691550,1640094720.56066,0
374.73,0,0,0,42.02,691562,1640094720.57188,0
374.73,0,0,0,41.78,691574,1640094720.59216,0
374.73,0,0,0,41.55,691588,1640094720.59768,0
374.73,0,0,0,41.32,691600,1640094720.60986,0
374.73,0,0,0,41.08,691612,1640094720.62143,0
374.73,0,0,0,40.87,691625,1640094720.63749,0
374.73,0,0,0,40.63,691638,1640094720.6502,0
374.73,0,0,0,40.4,691650,1640094720.66266,0
374.73,0,0,0,40.17,691663,1640094720.675,0
374.73,0,0,0,39.93,691676,1640094720.68628,0
374.73,0,0,0,39.68,691688,1640094720.69889,0
374.73,0,0,0,39.43,691701,1640094720.71153,0
374.73,0,0,0,39.22,691714,1640094720.72384,0
374.73,0,0,0,38.98,691726,1640094720.73626,0
374.73,0,0,0,38.75,691739,1640094720.74875,0
374.73,0,0,0,38.52,691751,1640094720.76113,0
374.73,0,0,0,38.3,691764,1640094720.77358,0
374.73,0,0,0,38.08,691777,1640094720.78925,0
374.73,0,0,0,37.87,691789,1640094720.804,0
374.73,0,0,0,37.67,691802,1640094720.81778,0
374.73,0,0,0,37.45,691815,1640094720.82798,0
374.73,0,0,0,37.22,691827,1640094720.83918,0
374.73,0,0,0,36.97,691840,1640094720.85088,0
374.73,0,0,0,36.68,691853,1640094720.86298,0
374.73,0,0,0,36.4,691865,1640094720.87506,0
374.73,0,0,0,36.08,691877,1640094720.89597,0
374.73,0,0,0,35.77,691891,1640094720.90511,0
374.73,0,0,0,35.45,691903,1640094720.91272,0
374.73,0,0,0,35.13,691915,1640094720.92886,0
374.73,0,0,0,34.82,691929,1640094720.94104,0
374.73,0,0,0,34.5,691941,1640094720.95313,0
374.73,0,0,0,34.22,691953,1640094720.96529,0
374.73,0,0,0,33.93,691966,1640094720.97746,0
374.73,0,0,0,33.63,691979,1640094720.99025,0
374.73,0,0,0,33.37,691992,1640094721.0021,0
374.73,0,0,0,33.08,692004,1640094721.01445,0
374.73,0,0,0,32.78,692017,1640094721.02642,0
374.73,0,0,0,32.48,692030,1640094721.03877,0
374.73,0,0,0,32.2,692042,1640094721.05133,0
374.73,0,0,0,31.92,692055,1640094721.07388,0
374.73,0,0,0,31.63,692068,1640094721.08918,0
374.73,0,0,0,31.37,692080,1640094721.09858,0
374.73,0,0,0,31,692099,1640094721.10886,0
374.73,0,0,0,30.65,692119,1640094721.1304,0
374.73,0,0,0,30.33,692140,1640094721.15087,0
374.73,0,0,0,30.07,692159,1640094721.1702,0
374.73,0,0,0,29.8,692179,1640094721.19174,0
374.73,0,0,0,29.52,692199,1640094721.21122,0
374.73,0,0,0,29.27,692219,1640094721.2317,0
374.73,0,0,0,29.02,692239,1640094721.25327,0
374.73,0,0,0,28.78,692259,1640094721.27372,0
374.73,0,0,0,28.58,692279,1640094721.28941,0
374.73,0,0,0,28.4,692299,1640094721.31051,0
374.73,0,0,0,28.22,692319,1640094721.33119,0
374.73,0,0,0,28.03,692339,1640094721.35138,0
374.73,0,0,0,27.83,692359,1640094721.37175,0
374.73,0,0,0,27.63,692379,1640094721.39254,0
374.73,0,0,0,27.45,692399,1640094721.41283,0
374.73,0,0,0,27.25,692419,1640094721.43317,0
374.73,0,0,0,27.03,692439,1640094721.4533,0
374.73,0,0,0,26.83,692459,1640094721.47007,0
374.73,0,0,0,26.63,692480,1640094721.49083,0
374.73,0,0,0,26.45,692499,1640094721.51046,0
374.73,0,0,0,26.28,692519,1640094721.53143,0
374.73,0,0,0,26.13,692539,1640094721.55171,0
374.73,0,0,0,26.02,692559,1640094721.57245,0
374.73,0,0,0,25.9,692579,1640094721.59301,0
374.73,0,0,0,25.8,692599,1640094721.61283,0
374.73,0,0,0,25.72,692619,1640094721.63327,0
374.73,0,0,0,25.63,692639,1640094721.65014,0
374.73,0,0,0,25.55,692659,1640094721.67044,0
374.73,0,0,0,25.45,692679,1640094721.69125,0
374.73,0,0,0,25.35,692699,1640094721.71104,0
374.73,0,0,0,25.23,692719,1640094721.7324,0
374.73,0,0,0,25.13,692739,1640094721.75177,0
374.73,0,0,0,25.02,692759,1640094721.77418,0
374.73,0,0,0,24.9,692780,1640094721.794,0
374.73,0,0,0,24.78,692799,1640094721.8143,0
374.73,0,0,0,24.68,692819,1640094721.83024,0
374.73,0,0,0,24.57,692839,1640094721.8525,0
374.73,0,0,0,24.45,692859,1640094721.87792,0
374.73,0,0,0,24.33,692879,1640094721.89332,0
374.73,0,0,0,24.22,692899,1640094721.91148,0
374.73,0,0,0,24.12,692919,1640094721.93488,0
374.73,0,0,0,24,692939,1640094721.95303,0
374.73,0,0,0,23.9,692959,1640094721.97437,0
374.73,0,0,0,23.8,692979,1640094721.99375,0
374.73,0,0,0,23.72,692999,1640094722.01057,0
374.73,0,0,0,23.62,693019,1640094722.03163,0
374.73,0,0,0,23.53,693039,1640094722.05143,0
374.73,0,0,0,23.43,693059,1640094722.07135,0
374.73,0,0,0,23.35,693079,1640094722.09229,0
374.73,0,0,0,23.27,693099,1640094722.11274,0
374.73,0,0,0,23.17,693120,1640094722.1332,0
374.73,0,0,0,23.07,693139,1640094722.15819,0
374.73,0,0,0,22.97,693159,1640094722.17549,0
374.73,0,0,0,22.83,693179,1640094722.1911,0
374.73,0,0,0,22.72,693199,1640094722.21926,0
374.73,0,0,0,22.58,693219,1640094722.23432,0
374.73,0,0,0,22.43,693239,1640094722.25186,0
374.73,0,0,0,22.3,693259,1640094722.27327,0
374.73,0,0,0,22.2,693279,1640094722.29884,0
374.73,0,0,0,22.1,693299,1640094722.31333,0
374.73,0,0,0,22,693319,1640094722.33389,0
374.73,0,0,0,21.9,693339,1640094722.35432,0
374.73,0,0,0,21.82,693359,1640094722.37044,0
374.73,0,0,0,21.73,693379,1640094722.3922,0
374.73,0,0,0,21.63,693399,1640094722.41155,0
374.73,0,0,0,21.55,693420,1640094722.43275,0
374.73,0,0,0,21.47,693439,1640094722.45282,0
374.73,0,0,0,21.38,693459,1640094722.47369,0
374.73,0,0,0,21.28,693479,1640094722.49424,0
374.73,0,0,0,21.2,693499,1640094722.51445,0
374.73,0,0,0,21.12,693519,1640094722.53684,0
374.73,0,0,0,21.03,693539,1640094722.55135,0
374.73,0,0,0,20.93,693559,1640094722.57137,0
374.73,0,0,0,20.78,693579,1640094722.59223,0
374.73,0,0,0,20.63,693599,1640094722.61206,0
374.73,0,0,0,20.43,693619,1640094722.63239,0
374.73,0,0,0,20.2,693639,1640094722.6526,0
374.73,0,0,0,19.95,693659,1640094722.67388,0
374.73,0,0,0,19.67,693679,1640094722.69459,0
374.73,0,0,0,19.35,693699,1640094722.71542,0
374.73,0,0,0,19.03,693719,1640094722.73223,0
374.73,0,0,0,18.73,693739,1640094722.75213,0
374.73,0,0,0,18.47,693760,1640094722.77259,0
374.73,0,0,0,18.25,693779,1640094722.79282,0
374.73,0,0,0,18.08,693799,1640094722.81306,0
374.73,0,0,0,17.95,693819,1640094722.83355,0
374.73,0,0,0,17.8,693839,1640094722.85403,0
374.73,0,0,0,17.65,693859,1640094722.87528,0
374.73,0,0,0,17.52,693879,1640094722.8967,0
374.73,0,0,0,17.38,693899,1640094722.91235,0
374.73,0,0,0,17.27,693919,1640094722.93291,0
374.73,0,0,0,17.15,693939,1640094722.95328,0
374.73,0,0,0,17.02,693959,1640094722.97364,0
374.73,0,0,0,16.9,693979,1640094722.99401,0
374.73,0,0,0,16.77,693999,1640094723.01431,0
374.73,0,0,0,16.63,694019,1640094723.03486,0
374.73,0,0,0,16.47,694039,1640094723.05545,0
374.73,0,0,0,16.28,694060,1640094723.07551,0
374.73,0,0,0,16.08,694079,1640094723.0938,0
374.73,0,0,0,15.88,694099,1640094723.11265,0
374.73,0,0,0,15.67,694119,1640094723.14038,0
374.73,0,0,0,15.43,694139,1640094723.15312,0
374.73,0,0,0,15.22,694159,1640094723.17307,0
374.73,0,0,0,14.97,694179,1640094723.19352,0
374.73,0,0,0,14.73,694199,1640094723.21354,0
374.73,0,0,0,14.52,694219,1640094723.23509,0
374.73,0,0,0,14.33,694239,1640094723.25588,0
374.73,0,0,0,14.15,694259,1640094723.27165,0
374.73,0,0,0,14,694279,1640094723.29656,0
374.73,0,0,0,13.82,694299,1640094723.31402,0
374.73,0,0,0,13.63,694319,1640094723.33499,0
374.73,0,0,0,13.43,694339,1640094723.35344,0
374.73,0,0,0,13.23,694360,1640094723.37365,0
374.73,0,0,0,13.05,694379,1640094723.39461,0
374.73,0,0,0,12.87,694400,1640094723.41489,0
374.73,0,0,0,12.7,694419,1640094723.43516,0
374.73,0,0,0,12.55,694439,1640094723.46115,0
374.73,0,0,0,12.4,694459,1640094723.47296,0
374.73,0,0,0,12.27,694479,1640094723.4928,0
374.73,0,0,0,12.15,694499,1640094723.51283,0
374.73,0,0,0,12.05,694519,1640094723.5339,0
374.73,0,0,0,11.95,694539,1640094723.55437,0
374.73,0,0,0,11.85,694559,1640094723.57509,0
374.73,0,0,0,11.75,694579,1640094723.59519,0
374.73,0,0,0,11.63,694599,1640094723.61938,0
374.73,0,0,0,11.52,694619,1640094723.63782,0
374.73,0,0,0,11.38,694639,1640094723.65254,0
374.73,0,0,0,11.23,694659,1640094723.67262,0
374.73,0,0,0,11.08,694679,1640094723.69287,0
374.73,0,0,0,10.92,694700,1640094723.71399,0
374.73,0,0,0,10.73,694719,1640094723.7344,0
374.73,0,0,0,10.55,694739,1640094723.75459,0
374.73,0,0,0,10.37,694759,1640094723.78031,0
374.73,0,0,0,10.17,694779,1640094723.80034,0
374.73,0,0,0,9.97,694799,1640094723.81281,0
374.73,0,0,0,9.78,694819,1640094723.83782,0
374.73,0,0,0,9.58,694839,1640094723.856,0
374.73,0,0,0,9.4,694859,1640094723.87429,0
374.73,0,0,0,9.23,694879,1640094723.89395,0
374.73,0,0,0,9.05,694899,1640094723.91459,0
374.73,0,0,0,8.87,694919,1640094723.94058,0
374.73,0,0,0,8.68,694939,1640094723.96177,0
374.73,0,0,0,8.53,694959,1640094723.97564,0
374.73,0,0,0,8.4,694979,1640094723.99267,0
374.73,0,0,0,8.27,694999,1640094724.01238,0
374.73,0,0,0,8.13,695019,1640094724.03316,0
374.73,0,0,0,8,695038,1640094724.05411,0
374.73,0,0,0,7.85,695059,1640094724.0748,0
374.73,0,0,0,7.68,695078,1640094724.09494,0
374.73,0,0,0,7.5,695099,1640094724.11532,0
374.73,0,0,0,7.3,695119,1640094724.14087,0
374.73,0,0,0,7.12,695139,1640094724.15738,0
374.73,0,0,0,6.95,695159,1640094724.17719,0
374.73,0,0,0,6.78,695179,1640094724.19314,0
374.73,0,0,0,6.62,695199,1640094724.21397,0
374.73,0,0,0,6.47,695219,1640094724.23452,0
374.73,0,0,0,6.33,695239,1640094724.25457,0
374.73,0,0,0,6.2,695259,1640094724.27625,0
374.73,0,0,0,6.07,695279,1640094724.29632,0
374.73,0,0,0,5.95,695299,1640094724.31695,0
374.73,0,0,0,5.83,695319,1640094724.33727,0
374.73,0,0,0,5.75,695339,1640094724.35771,0
374.73,0,0,0,5.65,695359,1640094724.37363,0
374.73,0,0,0,5.55,695378,1640094724.3945,0
374.73,0,0,0,5.47,695399,1640094724.41453,0
374.73,0,0,0,5.37,695419,1640094724.43581,0
374.73,0,0,0,5.27,695439,1640094724.4562,0
374.73,0,0,0,5.18,695459,1640094724.4767,0
374.73,0,0,0,5.08,695479,1640094724.49685,0
374.73,0,0,0,4.98,695499,1640094724.51746,0
374.73,0,0,0,4.88,695519,1640094724.53778,0
374.73,0,0,0,4.78,695539,1640094724.555,0
374.73,0,0,0,4.68,695559,1640094724.57522,0
374.73,0,0,0,4.58,695579,1640094724.59545,0
374.73,0,0,0,4.5,695599,1640094724.61566,0
374.73,0,0,0,4.42,695619,1640094724.63601,0
374.73,0,0,0,4.32,695639,1640094724.6574,0
374.73,0,0,0,4.23,695659,1640094724.67842,0
374.73,0,0,0,4.15,695678,1640094724.69771,0
374.73,0,0,0,4.05,695699,1640094724.71769,0
374.73,0,0,0,3.95,695718,1640094724.73442,0
374.73,0,0,0,3.87,695739,1640094724.75451,0
374.73,0,0,0,3.77,695759,1640094724.77629,0
374.73,0,0,0,3.68,695779,1640094724.79595,0
374.73,0,0,0,3.6,695799,1640094724.82076,0
374.73,0,0,0,3.5,695819,1640094724.83724,0
374.73,0,0,0,3.42,695839,1640094724.85802,0
374.73,0,0,0,3.33,695859,1640094724.87678,0
374.73,0,0,0,3.27,695879,1640094724.89893,0
374.73,0,0,0,3.2,695899,1640094724.9177,0
374.73,0,0,0,3.13,695919,1640094724.93577,0
374.73,0,0,0,3.07,695939,1640094724.96212,0
374.73,0,0,0,3,695959,1640094724.97629,0
374.73,0,0,0,2.95,695979,1640094724.9964,0
374.73,0,0,0,2.9,695999,1640094725.01684,0
374.73,0,0,0,2.85,696019,1640094725.03701,0
374.73,0,0,0,2.8,696039,1640094725.05715,0
374.73,0,0,0,2.75,696058,1640094725.07799,0
374.73,0,0,0,2.7,696079,1640094725.09434,0
374.73,0,0,0,2.65,696099,1640094725.11528,0
374.73,0,0,0,2.6,696119,1640094725.1445,0
374.73,0,0,0,2.55,696139,1640094725.15979,0
374.73,0,0,0,2.5,696159,1640094725.17665,0
374.73,0,0,0,2.47,696179,1640094725.19635,0
374.73,0,0,0,2.42,696199,1640094725.21698,0
374.73,0,0,0,2.35,696219,1640094725.23796,0
374.73,0,0,0,2.3,696239,1640094725.25834,0
374.73,0,0,0,2.23,696259,1640094725.27648,0
374.73,0,0,0,2.17,696279,1640094725.29599,0
374.73,0,0,0,2.1,696299,1640094725.31616,0
374.73,0,0,0,2.02,696318,1640094725.33689,0
374.73,0,0,0,1.95,696339,1640094725.35722,0
374.73,0,0,0,1.87,696358,1640094725.37803,0
374.73,0,0,0,1.8,696379,1640094725.39802,0
374.73,0,0,0,1.73,696398,1640094725.41858,0
374.73,0,0,0,1.67,696419,1640094725.43904,0
374.73,0,0,0,1.58,696439,1640094725.45504,0
374.73,0,0,0,1.52,696459,1640094725.47865,0
374.73,0,0,0,1.45,696479,1640094725.49782,0
374.73,0,0,0,1.38,696499,1640094725.51574,0
374.73,0,0,0,1.3,696519,1640094725.53673,0
374.73,0,0,0,1.22,696539,1640094725.55715,0
374.73,0,0,0,1.15,696559,1640094725.57725,0
374.73,0,0,0,1.08,696579,1640094725.59839,0
374.73,0,0,0,1.02,696599,1640094725.6185,0
374.73,0,0,0,0.95,696619,1640094725.63569,0
374.73,0,0,0,0.88,696639,1640094725.6555,0
374.73,0,0,0,0.82,696658,1640094725.67798,0
374.73,0,0,0,0.75,696679,1640094725.69784,0
374.73,0,0,0,0.7,696699,1640094725.71803,0
374.73,0,0,0,0.65,696719,1640094725.73999,0
374.73,0,0,0,0.6,696739,1640094725.7578,0
374.73,0,0,0,0.55,696759,1640094725.77798,0
374.73,0,0,0,0.5,696779,1640094725.79892,0
374.73,0,0,0,0.43,696799,1640094725.8245,0
374.73,0,0,0,0.38,696819,1640094725.83624,0
374.73,0,0,0,0.33,696839,1640094725.85628,0
374.73,0,0,0,0.27,696859,1640094725.87662,0
374.73,0,0,0,0.2,696879,1640094725.90491,0
374.73,0,0,0,0.13,696899,1640094725.91847,0
374.73,0,0,0,0.08,696919,1640094725.93795,0
374.73,0,0,0,0.02,696939,1640094725.95833,0
374.73,0,0,0,-0.05,696958,1640094725.97854,0
374.73,0,0,0,-0.1,696979,1640094726.01212,0
374.73,0,0,0,-0.15,696999,1640094726.02189,0
374.73,0,0,0,-0.2,697019,1640094726.03723,0
374.73,0,0,0,-0.23,697038,1640094726.05756,0
374.73,0,0,0,-0.28,697059,1640094726.07805,0
374.73,0,0,0,-0.32,697078,1640094726.098,0
374.73,0,0,0,-0.37,697099,1640094726.11904,0
374.73,0,0,0,-0.42,697119,1640094726.13971,0
374.73,0,0,0,-0.47,697139,1640094726.1599,0
374.73,0,0,0,-0.5,697159,1640094726.17655,0
374.73,0,0,0,-0.53,697179,1640094726.20694,0
374.73,0,0,0,-0.58,697199,1640094726.21753,0
374.73,0,0,0,-0.63,697219,1640094726.23713,0
374.73,0,0,0,-0.67,697239,1640094726.25741,0
374.73,0,0,0,-0.72,697259,1640094726.27758,0
374.73,0,0,0,-0.77,697279,1640094726.29786,0
374.73,0,0,0,-0.82,697298,1640094726.31906,0
374.73,0,0,0,-0.88,697319,1640094726.34021,0
374.73,0,0,0,-0.93,697339,1640094726.36071,0
374.73,0,0,0,-1,697359,1640094726.37652,0
374.73,0,0,0,-1.05,697379,1640094726.39741,0
374.73,0,0,0,-1.1,697399,1640094726.4184,0
374.73,0,0,0,-1.15,697419,1640094726.44135,0
374.73,0,0,0,-1.2,697439,1640094726.45877,0
374.73,0,0,0,-1.23,697459,1640094726.47919,0
374.73,0,0,0,-1.27,697479,1640094726.49953,0
374.73,0,0,0,-1.3,697499,1640094726.51984,0
374.73,0,0,0,-1.33,697519,1640094726.54046,0
374.73,0,0,0,-1.37,697539,1640094726.55687,0
374.73,0,0,0,-1.38,697559,1640094726.57737,0
374.73,0,0,0,-1.42,697579,1640094726.60276,0
374.73,0,0,0,-1.45,697598,1640094726.62411,0
374.73,0,0,0,-1.48,697619,1640094726.63807,0
374.73,0,0,0,-1.5,697639,1640094726.65892,0
374.73,0,0,0,-1.52,697659,1640094726.67854,0
374.73,0,0,0,-1.55,697679,1640094726.69898,0
374.73,0,0,0,-1.57,697699,1640094726.71972,0
374.73,0,0,0,-1.58,697718,1640094726.73647,0
374.73,0,0,0,-1.6,697739,1640094726.75747,0
374.73,0,0,0,-1.62,697759,1640094726.77756,0
374.73,0,0,0,-1.63,697779,1640094726.80315,0
374.73,0,0,0,-1.63,697799,1640094726.82357,0
374.73,0,0,0,-1.67,697819,1640094726.83971,0
374.73,0,0,0,-1.68,697839,1640094726.85988,0
374.73,0,0,0,-1.72,697859,1640094726.88035,0
374.73,0,0,0,-1.75,697879,1640094726.9111,0
374.73,0,0,0,-1.78,697899,1640094726.92004,0
374.73,0,0,0,-1.82,697919,1640094726.93809,0
374.73,0,0,0,-1.85,697938,1640094726.95832,0
374.73,0,0,0,-1.88,697959,1640094726.97858,0
374.73,0,0,0,-1.92,697978,1640094726.99938,0
374.73,0,0,0,-1.95,697999,1640094727.0198,0
374.73,0,0,0,-1.98,698018,1640094727.04045,0
374.73,0,0,0,-2,698039,1640094727.06721,0
374.73,0,0,0,-2,698059,1640094727.08262,0
374.73,0,0,0,-2.02,698079,1640094727.10177,0
374.73,0,0,0,-2.02,698099,1640094727.11859,0
374.73,0,0,0,-2.02,698119,1640094727.13881,0
374.73,0,0,0,-2.03,698139,1640094727.1592,0
374.73,0,0,0,-2.03,698159,1640094727.17997,0
374.73,0,0,0,-2.03,698179,1640094727.19972,0
374.73,0,0,0,-2.03,698199,1640094727.21995,0
374.73,0,0,0,-2.03,698219,1640094727.24065,0
374.73,0,0,0,-2.03,698238,1640094727.25743,0
374.73,0,0,0,-2.03,698259,1640094727.27791,0
374.73,0,0,0,-2.03,698278,1640094727.29788,0
374.73,0,0,0,-2.05,698299,1640094727.31916,0
374.73,0,0,0,-2.05,698318,1640094727.33991,0
374.73,0,0,0,-2.05,698339,1640094727.35955,0
374.73,0,0,0,-2.05,698358,1640094727.37988,0
374.73,0,0,0,-2.05,698379,1640094727.40134,0
374.73,0,0,0,-2.05,698399,1640094727.42164,0
374.73,0,0,0,-2.05,698419,1640094727.43746,0
374.73,0,0,0,-2.05,698438,1640094727.46622,0
374.73,0,0,0,-2.05,698459,1640094727.48046,0
374.73,0,0,0,-2.05,698479,1640094727.49851,0
374.73,0,0,0,-2.05,698499,1640094727.5196,0
374.73,0,0,0,-2.05,698519,1640094727.54022,0
374.73,0,0,0,-2.05,698539,1640094727.56056,0
374.73,0,0,0,-2.07,698559,1640094727.58144,0
374.73,0,0,0,-2.07,698578,1640094727.60156,0
374.73,0,0,0,-2.07,698599,1640094727.61761,0
374.73,0,0,0,-2.07,698618,1640094727.63807,0
374.73,0,0,0,-2.07,698639,1640094727.65836,0
374.73,0,0,0,-2.08,698659,1640094727.68126,0
374.73,0,0,0,-2.08,698679,1640094727.70064,0
374.73,0,0,0,-2.1,698698,1640094727.72088,0
374.73,0,0,0,-2.12,698719,1640094727.74153,0
374.73,0,0,0,-2.13,698738,1640094727.76277,0
374.73,0,0,0,-2.15,698759,1640094727.78172,0
374.73,0,0,0,-2.18,698778,1640094727.80156,0
374.73,0,0,0,-2.2,698799,1640094727.81844,0
374.73,0,0,0,-2.23,698819,1640094727.83955,0
374.73,0,0,0,-2.25,698839,1640094727.85927,0
374.73,0,0,0,-2.27,698859,1640094727.88059,0
374.73,0,0,0,-2.3,698878,1640094727.8998,0
374.73,0,0,0,-2.32,698899,1640094727.92135,0
374.73,0,0,0,-2.33,698918,1640094727.94087,0
374.73,0,0,0,-2.35,698939,1640094727.96207,0
374.73,0,0,0,-2.37,698958,1640094727.97842,0
374.73,0,0,0,-2.38,698979,1640094727.99828,0
374.73,0,0,0,-2.4,698998,1640094728.01968,0
374.73,0,0,0,-2.42,699019,1640094728.03908,0
374.73,0,0,0,-2.43,699039,1640094728.06026,0
374.73,0,0,0,-2.45,699059,1640094728.08018,0
374.73,0,0,0,-2.47,699078,1640094728.10059,0
374.73,0,0,0,-2.48,699099,1640094728.12178,0
374.73,0,0,0,-2.5,699119,1640094728.14196,0
374.73,0,0,0,-2.5,699139,1640094728.1586,0
374.73,0,0,0,-2.52,699159,1640094728.17909,0
374.73,0,0,0,-2.53,699179,1640094728.19998,0
374.73,0,0,0,-2.55,699199,1640094728.21995,0
374.73,0,0,0,-2.57,699218,1640094728.24076,0
374.73,0,0,0,-2.6,699239,1640094728.26055,0
374.73,0,0,0,-2.63,699258,1640094728.28089,0
374.73,0,0,0,-2.65,699279,1640094728.30128,0
374.73,0,0,0,-2.68,699298,1640094728.32172,0
374.73,0,0,0,-2.7,699319,1640094728.34206,0
374.73,0,0,0,-2.72,699338,1640094728.35875,0
374.73,0,0,0,-2.72,699359,1640094728.37895,0
374.73,0,0,0,-2.73,699378,1640094728.40062,0
374.73,0,0,0,-2.75,699399,1640094728.42114,0
374.73,0,0,0,-2.75,699419,1640094728.44161,0
374.73,0,0,0,-2.75,699439,1640094728.4618,0
374.73,0,0,0,-2.77,699459,1640094728.48185,0
374.73,0,0,0,-2.77,699479,1640094728.50235,0
374.73,0,0,0,-2.77,699499,1640094728.5227,0
374.73,0,0,0,-2.78,699518,1640094728.53935,0
374.73,0,0,0,-2.78,699538,1640094728.55981,0
374.73,0,0,0,-2.78,699558,1640094728.58047,0
374.73,0,0,0,-2.78,699578,1640094728.60437,0
374.73,0,0,0,-2.8,699598,1640094728.62169,0
374.73,0,0,0,-2.8,699619,1640094728.64145,0
374.73,0,0,0,-2.8,699638,1640094728.66148,0
374.73,0,0,0,-2.8,699659,1640094728.6826,0
374.73,0,0,0,-2.8,699678,1640094728.70837,0
374.73,0,0,0,-2.8,699699,1640094728.71952,0
374.73,0,0,0,-2.82,699719,1640094728.74041,0
374.73,0,0,0,-2.82,699739,1640094728.76078,0
374.73,0,0,0,-2.82,699759,1640094728.78043,0
374.73,0,0,0,-2.82,699779,1640094728.80086,0
374.73,0,0,0,-2.83,699798,1640094728.82163,0
374.73,0,0,0,-2.85,699819,1640094728.84204,0
374.73,0,0,0,-2.87,699839,1640094728.86269,0
374.73,0,0,0,-2.9,699858,1640094728.88265,0
374.73,0,0,0,-2.92,699878,1640094728.89975,0
374.73,0,0,0,-2.93,699898,1640094728.9207,0
374.73,0,0,0,-2.97,699919,1640094728.94198,0
374.73,0,0,0,-3,699938,1640094728.9624,0
374.73,0,0,0,-3.03,699959,1640094728.98279,0
374.73,0,0,0,-3.07,699978,1640094729.00219,0
374.73,0,0,0,-3.12,699999,1640094729.02241,0
374.73,0,0,0,-3.15,700019,1640094729.04346,0
374.73,0,0,0,-3.22,700039,1640094729.06374,0
374.73,0,0,0,-3.27,700059,1640094729.08355,0
374.73,0,0,0,-3.33,700079,1640094729.10128,0
374.73,0,0,0,-3.42,700099,1640094729.12161,0
374.73,0,0,0,-3.5,700119,1640094729.14131,0
374.73,0,0,0,-3.58,700139,1640094729.16151,0
374.73,0,0,0,-3.7,700158,1640094729.18233,0
374.73,0,0,0,-3.82,700179,1640094729.20227,0
374.73,0,0,0,-3.93,700198,1640094729.22437,0
374.73,0,0,0,-4.07,700219,1640094729.2441,0
374.73,0,0,0,-4.18,700239,1640094729.26463,0
374.73,0,0,0,-4.28,700259,1640094729.28127,0
374.73,0,0,0,-4.38,700279,1640094729.30141,0
374.73,0,0,0,-4.48,700299,1640094729.32152,0
374.73,0,0,0,-4.58,700318,1640094729.34168,0
374.73,0,0,0,-4.67,700339,1640094729.36223,0
374.73,0,0,0,-4.73,700359,1640094729.38364,0
374.73,0,0,0,-4.78,700379,1640094729.41181,0
374.73,0,0,0,-4.83,700399,1640094729.42538,0
374.73,0,0,0,-4.9,700419,1640094729.44655,0
374.73,0,0,0,-4.95,700439,1640094729.46086,0
374.73,0,0,0,-5.02,700459,1640094729.48128,0
374.73,0,0,0,-5.08,700479,1640094729.50128,0
374.73,0,0,0,-5.17,700499,1640094729.52694,0
374.73,0,0,0,-5.23,700519,1640094729.54339,0
374.73,0,0,0,-5.3,700538,1640094729.56301,0
374.73,0,0,0,-5.35,700559,1640094729.58263,0
374.73,0,0,0,-5.4,700578,1640094729.60351,0
374.73,0,0,0,-5.43,700599,1640094729.62402,0
374.73,0,0,0,-5.48,700619,1640094729.64057,0
374.73,0,0,0,-5.55,700639,1640094729.66147,0
374.73,0,0,0,-5.6,700659,1640094729.68173,0
374.73,0,0,0,-5.68,700679,1640094729.70257,0
374.73,0,0,0,-5.78,700699,1640094729.72261,0
374.73,0,0,0,-5.92,700719,1640094729.74785,0
374.73,0,0,0,-6.03,700739,1640094729.7656,0
374.73,0,0,0,-6.17,700759,1640094729.78972,0
374.73,0,0,0,-6.3,700779,1640094729.80573,0
374.73,0,0,0,-6.43,700798,1640094729.82197,0
374.73,0,0,0,-6.58,700819,1640094729.85111,0
374.73,0,0,0,-6.72,700838,1640094729.86241,0
374.73,0,0,0,-6.87,700859,1640094729.88577,0
374.73,0,0,0,-7.02,700878,1640094729.9022,0
374.73,0,0,0,-7.17,700899,1640094729.92394,0
374.73,0,0,0,-7.3,700919,1640094729.94949,0
374.73,0,0,0,-7.4,700939,1640094729.96908,0
374.73,0,0,0,-7.53,700959,1640094729.98501,0
374.73,0,0,0,-7.67,700979,1640094730.00146,0
374.73,0,0,0,-7.8,700999,1640094730.02179,0
374.73,0,0,0,-7.93,701019,1640094730.04235,0
374.73,0,0,0,-8.05,701039,1640094730.06769,0
374.73,0,0,0,-8.17,701059,1640094730.08498,0
374.73,0,0,0,-8.27,701079,1640094730.10369,0
374.73,0,0,0,-8.4,701099,1640094730.12952,0
374.73,0,0,0,-8.52,701119,1640094730.14541,0
374.73,0,0,0,-8.67,701138,1640094730.16501,0
374.73,0,0,0,-8.8,701159,1640094730.18103,0
374.73,0,0,0,-8.93,701178,1640094730.20151,0
374.73,0,0,0,-9.07,701199,1640094730.22225,0
374.73,0,0,0,-9.2,701218,1640094730.24318,0
374.73,0,0,0,-9.32,701239,1640094730.26365,0
374.73,0,0,0,-9.45,701258,1640094730.28529,0
374.73,0,0,0,-9.58,701279,1640094730.30449,0
374.73,0,0,0,-9.7,701298,1640094730.32583,0
374.73,0,0,0,-9.83,701319,1640094730.34634,0
374.73,0,0,0,-9.98,701338,1640094730.36234,0
374.73,0,0,0,-10.13,701359,1640094730.38256,0
374.73,0,0,0,-10.3,701379,1640094730.40382,0
374.73,0,0,0,-10.45,701399,1640094730.42443,0
374.73,0,0,0,-10.6,701419,1640094730.44473,0
374.73,0,0,0,-10.77,701438,1640094730.46528,0
374.73,0,0,0,-10.92,701459,1640094730.48689,0
374.73,0,0,0,-11.08,701478,1640094730.5066,0
374.73,0,0,0,-11.22,701499,1640094730.5265,0
374.73,0,0,0,-11.37,701518,1640094730.54262,0
374.73,0,0,0,-11.52,701539,1640094730.563,0
374.73,0,0,0,-11.67,701558,1640094730.58421,0
374.73,0,0,0,-11.82,701579,1640094730.60464,0
374.73,0,0,0,-11.97,701599,1640094730.62486,0
374.73,0,0,0,-12.12,701619,1640094730.64545,0
374.73,0,0,0,-12.27,701639,1640094730.66499,0
374.73,0,0,0,-12.43,701659,1640094730.68644,0
374.73,0,0,0,-12.6,701679,1640094730.7062,0
374.73,0,0,0,-12.77,701699,1640094730.72293,0
374.73,0,0,0,-12.95,701719,1640094730.74337,0
374.73,0,0,0,-13.12,701739,1640094730.76375,0
374.73,0,0,0,-13.3,701759,1640094730.7843,0
374.73,0,0,0,-13.47,701778,1640094730.80414,0
374.73,0,0,0,-13.63,701799,1640094730.82532,0
374.73,0,0,0,-13.78,701818,1640094730.84547,0
374.73,0,0,0,-13.95,701839,1640094730.86586,0
374.73,0,0,0,-14.1,701858,1640094730.8861,0
374.73,0,0,0,-14.23,701879,1640094730.9028,0
374.73,0,0,0,-14.37,701898,1640094730.9232,0
374.73,0,0,0,-14.5,701919,1640094730.95133,0
374.73,0,0,0,-14.63,701938,1640094730.97097,0
374.73,0,0,0,-14.75,701959,1640094730.98506,0
374.73,0,0,0,-14.87,701979,1640094731.00504,0
374.73,0,0,0,-14.98,701999,1640094731.02511,0
374.73,0,0,0,-15.1,702019,1640094731.04529,0
374.73,0,0,0,-15.23,702039,1640094731.06641,0
374.73,0,0,0,-15.35,702059,1640094731.08679,0
374.73,0,0,0,-15.47,702078,1640094731.10335,0
374.73,0,0,0,-15.57,702099,1640094731.12365,0
374.73,0,0,0,-15.67,702118,1640094731.14422,0
374.73,0,0,0,-15.75,702139,1640094731.16506,0
374.73,0,0,0,-15.85,702159,1640094731.19441,0
374.73,0,0,0,-15.95,702179,1640094731.20675,0
374.73,0,0,0,-16.05,702198,1640094731.22591,0
374.73,0,0,0,-16.15,702219,1640094731.24613,0
374.73,0,0,0,-16.27,702239,1640094731.26609,0
374.73,0,0,0,-16.38,702259,1640094731.28275,0
374.73,0,0,0,-16.5,702279,1640094731.30385,0
374.73,0,0,0,-16.62,702299,1640094731.3238,0
374.73,0,0,0,-16.75,702319,1640094731.34505,0
374.73,0,0,0,-16.87,702339,1640094731.3654,0
374.73,0,0,0,-17,702359,1640094731.38544,0
374.73,0,0,0,-17.13,702379,1640094731.40652,0
374.73,0,0,0,-17.27,702399,1640094731.43135,0
374.73,0,0,0,-17.38,702418,1640094731.44881,0
374.73,0,0,0,-17.5,702439,1640094731.46424,0
374.73,0,0,0,-17.6,702458,1640094731.48325,0
374.73,0,0,0,-17.7,702479,1640094731.50433,0
374.73,0,0,0,-17.8,702498,1640094731.52459,0
374.73,0,0,0,-17.9,702519,1640094731.5457,0
374.73,0,0,0,-18.02,702538,1640094731.56578,0
374.73,0,0,0,-18.13,702559,1640094731.58596,0
374.73,0,0,0,-18.27,702579,1640094731.60732,0
374.73,0,0,0,-18.42,702599,1640094731.62299,0
374.73,0,0,0,-18.57,702619,1640094731.64463,0
374.73,0,0,0,-18.72,702639,1640094731.66596,0
374.73,0,0,0,-18.87,702659,1640094731.68462,0
374.73,0,0,0,-19.03,702679,1640094731.70587,0
374.73,0,0,0,-19.18,702699,1640094731.72996,0
374.73,0,0,0,-19.35,702718,1640094731.74723,0
374.73,0,0,0,-19.52,702739,1640094731.77052,0
374.73,0,0,0,-19.7,702759,1640094731.78757,0
374.73,0,0,0,-19.9,702779,1640094731.80849,0
374.73,0,0,0,-20.13,702799,1640094731.82837,0
374.73,0,0,0,-20.35,702819,1640094731.84603,0
374.73,0,0,0,-20.55,702839,1640094731.86511,0
374.73,0,0,0,-20.75,702859,1640094731.88448,0
374.73,0,0,0,-20.95,702879,1640094731.90556,0
374.73,0,0,0,-21.13,702899,1640094731.9262,0
374.73,0,0,0,-21.32,702919,1640094731.94661,0
374.73,0,0,0,-21.5,702939,1640094731.96712,0
374.73,0,0,0,-21.68,702959,1640094731.98684,0
374.73,0,0,0,-21.87,702979,1640094732.01373,0
374.73,0,0,0,-22.03,702999,1640094732.03069,0
374.73,0,0,0,-22.22,703019,1640094732.04552,0
374.73,0,0,0,-22.42,703039,1640094732.06629,0
374.73,0,0,0,-22.62,703058,1640094732.08689,0
374.73,0,0,0,-22.8,703079,1640094732.10757,0
374.73,0,0,0,-22.95,703099,1640094732.12807,0
374.73,0,0,0,-23.12,703119,1640094732.14852,0
374.73,0,0,0,-23.27,703138,1640094732.16984,0
374.73,0,0,0,-23.42,703159,1640094732.18446,0
374.73,0,0,0,-23.57,703178,1640094732.20484,0
374.73,0,0,0,-23.72,703199,1640094732.22597,0
374.73,0,0,0,-23.87,703218,1640094732.2462,0
374.73,0,0,0,-24.03,703239,1640094732.26764,0
374.73,0,0,0,-24.2,703259,1640094732.28681,0
374.73,0,0,0,-24.35,703279,1640094732.31141,0
374.73,0,0,0,-24.5,703299,1640094732.32849,0
374.73,0,0,0,-24.65,703319,1640094732.34751,0
374.73,0,0,0,-24.82,703339,1640094732.36472,0
374.73,0,0,0,-24.95,703358,1640094732.38566,0
374.73,0,0,0,-25.1,703379,1640094732.40592,0
374.73,0,0,0,-25.25,703398,1640094732.4264,0
374.73,0,0,0,-25.4,703419,1640094732.45216,0
374.73,0,0,0,-25.53,703438,1640094732.47163,0
374.73,0,0,0,-25.68,703459,1640094732.48728,0
374.73,0,0,0,-25.83,703478,1640094732.50753,0
374.73,0,0,0,-25.98,703499,1640094732.52796,0
374.73,0,0,0,-26.13,703519,1640094732.54505,0
374.73,0,0,0,-26.27,703539,1640094732.56466,0
374.73,0,0,0,-26.38,703559,1640094732.58709,0
374.73,0,0,0,-26.48,703579,1640094732.60781,0
374.73,0,0,0,-26.6,703598,1640094732.6265,0
374.73,0,0,0,-26.7,703619,1640094732.64619,0
374.73,0,0,0,-26.8,703639,1640094732.66725,0
374.73,0,0,0,-26.9,703659,1640094732.6873,0
374.73,0,0,0,-27,703679,1640094732.70876,0
374.73,0,0,0,-27.1,703698,1640094732.72462,0
374.73,0,0,0,-27.2,703719,1640094732.74519,0
374.73,0,0,0,-27.3,703738,1640094732.76564,0
374.73,0,0,0,-27.4,703759,1640094732.78577,0
374.73,0,0,0,-27.5,703779,1640094732.80763,0
374.73,0,0,0,-27.6,703799,1640094732.82754,0
374.73,0,0,0,-27.7,703818,1640094732.84804,0
374.73,0,0,0,-27.78,703839,1640094732.86831,0
374.73,0,0,0,-27.87,703858,1640094732.88867,0
374.73,0,0,0,-27.95,703879,1640094732.90538,0
374.73,0,0,0,-28.03,703899,1640094732.92584,0
374.73,0,0,0,-28.12,703919,1640094732.94723,0
374.73,0,0,0,-28.22,703939,1640094732.96759,0
374.73,0,0,0,-28.32,703959,1640094732.98842,0
374.73,0,0,0,-28.43,703979,1640094733.00968,0
374.73,0,0,0,-28.55,703998,1640094733.02909,0
374.73,0,0,0,-28.67,704019,1640094733.04932,0
374.73,0,0,0,-28.8,704038,1640094733.06953,0
374.73,0,0,0,-28.93,704059,1640094733.08573,0
374.73,0,0,0,-29.08,704078,1640094733.10741,0
374.73,0,0,0,-29.23,704099,1640094733.12723,0
374.73,0,0,0,-29.38,704118,1640094733.14769,0
374.73,0,0,0,-29.53,704139,1640094733.16773,0
374.73,0,0,0,-29.68,704158,1640094733.18785,0
374.73,0,0,0,-29.82,704179,1640094733.20898,0
374.73,0,0,0,-29.93,704198,1640094733.22906,0
374.73,0,0,0,-30.05,704219,1640094733.24977,0
374.73,0,0,0,-30.17,704239,1640094733.2666,0
374.73,0,0,0,-30.3,704259,1640094733.28677,0
374.73,0,0,0,-30.43,704279,1640094733.30746,0
374.73,0,0,0,-30.57,704299,1640094733.33273,0
374.73,0,0,0,-30.68,704319,1640094733.34979,0
374.73,0,0,0,-30.82,704338,1640094733.36723,0
374.73,0,0,0,-30.93,704359,1640094733.38848,0
374.73,0,0,0,-31.05,704378,1640094733.40894,0
374.73,0,0,0,-31.18,704399,1640094733.42975,0
374.73,0,0,0,-31.28,704419,1640094733.4497,0
374.73,0,0,0,-31.38,704439,1640094733.47526,0
374.73,0,0,0,-31.48,704458,1640094733.49007,0
374.73,0,0,0,-31.6,704479,1640094733.50683,0
374.73,0,0,0,-31.7,704498,1640094733.52775,0
374.73,0,0,0,-31.8,704519,1640094733.54849,0
374.73,0,0,0,-31.92,704539,1640094733.56863,0
374.73,0,0,0,-32.02,704559,1640094733.58948,0
374.73,0,0,0,-32.12,704579,1640094733.61026,0
374.73,0,0,0,-32.22,704599,1640094733.63061,0
374.73,0,0,0,-32.3,704619,1640094733.64653,0
374.73,0,0,0,-32.38,704638,1640094733.66695,0
374.73,0,0,0,-32.45,704659,1640094733.68771,0
374.73,0,0,0,-32.52,704678,1640094733.70816,0
374.73,0,0,0,-32.58,704699,1640094733.72822,0
374.73,0,0,0,-32.67,704718,1640094733.74884,0
374.73,0,0,0,-32.72,704739,1640094733.76922,0
374.73,0,0,0,-32.78,704758,1640094733.7898,0
374.73,0,0,0,-32.83,704779,1640094733.81072,0
374.73,0,0,0,-32.92,704799,1640094733.8264,0
374.73,0,0,0,-32.98,704819,1640094733.84681,0
374.73,0,0,0,-33.07,704839,1640094733.86731,0
374.73,0,0,0,-33.17,704859,1640094733.88769,0
374.73,0,0,0,-33.28,704879,1640094733.90923,0
374.73,0,0,0,-33.38,704899,1640094733.92929,0
374.73,0,0,0,-33.5,704919,1640094733.95025,0
374.73,0,0,0,-33.62,704939,1640094733.97059,0
374.73,0,0,0,-33.75,704959,1640094733.99194,0
374.73,0,0,0,-33.88,704979,1640094734.00793,0
374.73,0,0,0,-34.02,704999,1640094734.02757,0
374.73,0,0,0,-34.17,705019,1640094734.04834,0
374.73,0,0,0,-34.33,705039,1640094734.06825,0
374.73,0,0,0,-34.48,705059,1640094734.08875,0
374.73,0,0,0,-34.65,705079,1640094734.11,0
374.73,0,0,0,-34.83,705099,1640094734.13013,0
374.73,0,0,0,-35,705119,1640094734.15031,0
374.73,0,0,0,-35.18,705139,1640094734.17084,0
374.73,0,0,0,-35.33,705159,1640094734.19239,0
374.73,0,0,0,-35.5,705179,1640094734.20894,0
374.73,0,0,0,-35.65,705199,1640094734.2289,0
374.73,0,0,0,-35.78,705219,1640094734.24916,0
374.73,0,0,0,-35.93,705239,1640094734.27239,0
374.73,0,0,0,-36.08,705259,1640094734.29186,0
374.73,0,0,0,-36.27,705280,1640094734.30995,0
374.73,0,0,0,-36.47,705299,1640094734.33053,0
374.73,0,0,0,-36.7,705319,1640094734.35099,0
374.73,0,0,0,-36.92,705339,1640094734.37145,0
374.73,0,0,0,-37.17,705359,1640094734.38844,0
374.73,0,0,0,-37.4,705379,1640094734.41801,0
374.73,0,0,0,-37.62,705399,1640094734.42875,0
374.73,0,0,0,-37.8,705419,1640094734.44982,0
374.73,0,0,0,-37.97,705439,1640094734.477,0
374.73,0,0,0,-38.13,705459,1640094734.49049,0
374.73,0,0,0,-38.32,705479,1640094734.51041,0
374.73,0,0,0,-38.48,705499,1640094734.53092,0
374.73,0,0,0,-38.63,705519,1640094734.55126,0
374.73,0,0,0,-38.77,705540,1640094734.56816,0
374.73,0,0,0,-38.87,705559,1640094734.60105,0
374.73,0,0,0,-38.93,705580,1640094734.61198,0
374.73,0,0,0,-39,705599,1640094734.62972,0
374.73,0,0,0,-39.07,705619,1640094734.65413,0
374.73,0,0,0,-39.12,705639,1640094734.67009,0
374.73,0,0,0,-39.17,705659,1640094734.69114,0
374.73,0,0,0,-39.2,705679,1640094734.71099,0
374.73,0,0,0,-39.25,705699,1640094734.72798,0
374.73,0,0,0,-39.28,705719,1640094734.74843,0
374.73,0,0,0,-39.3,705739,1640094734.76874,0
374.73,0,0,0,-39.33,705759,1640094734.79052,0
374.73,0,0,0,-39.35,705779,1640094734.81509,0
374.73,0,0,0,-39.38,705799,1640094734.83187,0
374.73,0,0,0,-39.4,705819,1640094734.84996,0
374.73,0,0,0,-39.42,705840,1640094734.87134,0
374.73,0,0,0,-39.43,705859,1640094734.89195,0
374.73,0,0,0,-39.45,705879,1640094734.90782,0
374.73,0,0,0,-39.47,705899,1640094734.92859,0
374.73,0,0,0,-39.47,705920,1640094734.95077,0
374.73,0,0,0,-39.48,705939,1640094734.97142,0
374.73,0,0,0,-39.5,705959,1640094734.99296,0
374.73,0,0,0,-39.52,705979,1640094735.01108,0
374.73,0,0,0,-39.55,705999,1640094735.03051,0
374.73,0,0,0,-39.57,706019,1640094735.05196,0
374.73,0,0,0,-39.58,706039,1640094735.07381,0
374.73,0,0,0,-39.62,706059,1640094735.09271,0
374.73,0,0,0,-39.63,706078,1640094735.10843,0
374.73,0,0,0,-39.67,706099,1640094735.12881,0
374.73,0,0,0,-39.68,706119,1640094735.14948,0
374.73,0,0,0,-39.7,706139,1640094735.17154,0
374.73,0,0,0,-39.72,706159,1640094735.19127,0
374.73,0,0,0,-39.73,706179,1640094735.21659,0
374.73,-0,0,0,-39.75,706200,1640094735.23308,0
374.73,-0,0,0,-39.77,706220,1640094735.25153,0
374.73,-0,0,0,-39.77,706239,1640094735.27198,0
374.73,-0,0,0,-39.78,706259,1640094735.289,0
374.73,-0,0,0,-39.78,706279,1640094735.3101,0
374.73,-0,0,0,-39.8,706299,1640094735.33043,0
374.73,-0,0,0,-39.8,706319,1640094735.35095,0
374.73,-0,0,0,-39.82,706339,1640094735.37315,0
374.73,-0,0,0,-39.82,706360,1640094735.39311,0
374.73,-0,0,0,-39.83,706379,1640094735.41279,0
374.73,-0,0,0,-39.83,706399,1640094735.43336,0
374.73,-0,0,0,-39.85,706419,1640094735.45351,0
374.73,-0,0,0,-39.85,706439,1640094735.47167,0
374.73,-0,0,0,-39.85,706459,1640094735.49211,0
374.73,-0,0,0,-39.85,706479,1640094735.51188,0
374.73,-0,0,0,-39.87,706499,1640094735.53106,0
374.73,-0,0,0,-39.87,706520,1640094735.55117,0
374.73,-0,0,0,-39.87,706539,1640094735.57152,0
374.73,-0,0,0,-39.87,706560,1640094735.59279,0
374.73,-0,0,0,-39.88,706579,1640094735.61952,0
374.73,-0,0,0,-39.88,706599,1640094735.63563,0
374.73,-0,0,0,-39.88,706620,1640094735.65281,0
374.73,-0,0,0,-39.9,706639,1640094735.66966,0
374.73,-0,0,0,-39.9,706659,1640094735.69011,0
374.73,-0,0,0,-39.9,706679,1640094735.71055,0
374.73,-0,0,0,-39.9,706699,1640094735.73068,0
374.73,-0,0,0,-39.92,706719,1640094735.75176,0
374.73,-0,0,0,-39.92,706739,1640094735.77196,0
374.73,-0,0,0,-39.92,706759,1640094735.79249,0
374.73,-0,0,0,-39.92,706779,1640094735.81332,0
374.73,-0,0,0,-39.92,706799,1640094735.82899,0
374.73,-0,0,0,-39.93,706820,1640094735.85951,0
374.73,-0,0,0,-39.93,706839,1640094735.87286,0
374.73,-0,0,0,-39.93,706860,1640094735.89169,0
374.73,-0,0,0,-39.93,706879,1640094735.91156,0
374.73,-0,0,0,-39.93,706898,1640094735.93211,0
374.73,-0,0,0,-39.93,706919,1640094735.95243,0
374.73,-0,0,0,-39.93,706938,1640094735.97265,0
374.73,-0,0,0,-39.93,706959,1640094735.99486,0
374.73,-0,0,0,-39.95,706979,1640094736.01464,0
374.73,-0,0,0,-39.95,706999,1640094736.03964,0
374.73,-0,0,0,-39.95,707019,1640094736.05334,0
374.73,-0,0,0,-39.95,707039,1640094736.0711,0
374.73,-0,0,0,-39.95,707059,1640094736.09123,0
374.73,-0,0,0,-39.95,707080,1640094736.11139,0
374.73,-0,0,0,-39.95,707099,1640094736.13177,0
374.73,-0,0,0,-39.95,707120,1640094736.15328,0
374.73,-0,0,0,-39.95,707139,1640094736.17356,0
374.73,-0,0,0,-39.95,707159,1640094736.19151,0
374.73,-0,0,0,-39.95,707179,1640094736.21139,0
374.73,-0,0,0,-39.95,707198,1640094736.23187,0
374.73,-0,0,0,-39.95,707219,1640094736.25231,0
374.73,-0,0,0,-39.95,707239,1640094736.27246,0
374.73,-0,0,0,-39.95,707259,1640094736.29269,0
374.73,-0,0,0,-39.95,707279,1640094736.31317,0
374.73,-0,0,0,-39.95,707299,1640094736.33381,0
374.73,-0,0,0,-39.95,707319,1640094736.35408,0
374.73,-0,0,0,-39.95,707340,1640094736.37424,0
374.73,-0,0,0,-39.95,707359,1640094736.39196,0
374.73,-0,0,0,-39.95,707379,1640094736.41211,0
374.73,-0,0,0,-39.95,707399,1640094736.43782,0
374.73,-0,0,0,-39.95,707419,1640094736.45246,0
374.73,-0,0,0,-39.95,707439,1640094736.47316,0
374.73,-0,0,0,-39.95,707460,1640094736.49636,0
374.73,-0,0,0,-39.95,707479,1640094736.51305,0
374.73,-0,0,0,-39.95,707499,1640094736.53879,0
374.73,-0,0,0,-39.95,707519,1640094736.55432,0
374.73,-0,0,0,-39.95,707539,1640094736.57082,0
374.73,-0,0,0,-39.95,707559,1640094736.59168,0
374.73,-0,0,0,-39.95,707579,1640094736.61145,0
374.73,-0,0,0,-39.95,707599,1640094736.63283,0
374.73,-0,0,0,-39.95,707619,1640094736.65286,0
374.73,-0,0,0,-39.95,707639,1640094736.67305,0
374.73,-0,0,0,-39.95,707659,1640094736.69305,0
374.73,-0,0,0,-39.95,707680,1640094736.71463,0
374.73,-0,0,0,-39.95,707699,1640094736.73525,0
374.73,-0,0,0,-39.95,707719,1640094736.75137,0
374.73,-0,0,0,-39.95,707739,1640094736.77193,0
374.73,-0,0,0,-39.95,707759,1640094736.79235,0
374.73,-0,0,0,-39.95,707779,1640094736.8126,0
374.73,-0,0,0,-39.95,707800,1640094736.83288,0
374.73,-0,0,0,-39.95,707819,1640094736.85397,0
374.73,-0,0,0,-39.95,707838,1640094736.87448,0
374.73,-0,0,0,-39.95,707859,1640094736.89478,0
374.73,-0,0,0,-39.95,707879,1640094736.91524,0
374.73,-0,0,0,-39.95,707899,1640094736.93141,0
374.73,-0,0,0,-39.95,707919,1640094736.95292,0
374.73,-0,0,0,-39.95,707939,1640094736.97323,0
374.73,-0,0,0,-39.95,707959,1640094736.99372,0
374.73,-0,0,0,-39.95,707979,1640094737.01342,0
374.73,-0,0,0,-39.95,707999,1640094737.03389,0
374.73,-0,0,0,-39.93,708019,1640094737.05435,0
374.73,-0,0,0,-39.93,708039,1640094737.07459,0
374.73,-0,0,0,-39.92,708059,1640094737.09204,0
374.73,-0,0,0,-39.92,708079,1640094737.11169,0
374.73,-0,0,0,-39.92,708099,1640094737.1322,0
374.73,-0,0,0,-39.92,708119,1640094737.1529,0
374.73,-0,0,0,-39.92,708139,1640094737.17308,0
374.73,-0,0,0,-39.92,708159,1640094737.19377,0
374.73,-0,0,0,-39.9,708179,1640094737.21413,0
374.73,-0,0,0,-39.9,708199,1640094737.23537,0
374.73,-0,0,0,-39.9,708219,1640094737.25473,0
374.73,-0,0,0,-39.9,708239,1640094737.27607,0
374.73,-0,0,0,-39.9,708259,1640094737.29316,0
374.73,-0,0,0,-39.9,708279,1640094737.31285,0
374.73,-0,0,0,-39.9,708299,1640094737.33316,0
374.73,-0,0,0,-39.9,708319,1640094737.35357,0
374.73,-0,0,0,-39.9,708339,1640094737.37383,0
374.73,-0,0,0,-39.9,708359,1640094737.39517,0
374.73,-0,0,0,-39.9,708379,1640094737.41543,0
374.73,-0,0,0,-39.9,708399,1640094737.43595,0
374.73,-0,0,0,-39.9,708419,1640094737.45619,0
374.73,-0,0,0,-39.9,708440,1640094737.47211,0
374.73,-0,0,0,-39.9,708459,1640094737.4933,0
374.73,-0,0,0,-39.9,708480,1640094737.51318,0
374.73,-0,0,0,-39.9,708499,1640094737.53348,0
374.73,-0,0,0,-39.9,708519,1640094737.55497,0
374.73,-0,0,0,-39.9,708539,1640094737.57551,0
374.73,-0,0,0,-39.9,708559,1640094737.59479,0
374.73,-0,0,0,-39.9,708579,1640094737.61629,0
374.73,-0,0,0,-39.9,708599,1640094737.63658,0
374.73,-0,0,0,-39.9,708619,1640094737.65223,0
374.73,-0,0,0,-39.9,708639,1640094737.67375,0
374.73,-0,0,0,-39.9,708659,1640094737.69425,0
374.73,-0,0,0,-39.9,708679,1640094737.71873,0
374.73,-0,0,0,-39.9,708699,1640094737.73528,0
374.73,-0,0,0,-39.9,708719,1640094737.75456,0
374.73,-0,0,0,-39.9,708739,1640094737.78225,0
374.73,-0,0,0,-39.9,708759,1640094737.80306,0
374.73,-0,0,0,-39.9,708779,1640094737.81638,0
374.73,-0,0,0,-39.9,708799,1640094737.83174,0
374.73,-0,0,0,-39.9,708819,1640094737.85252,0
374.73,-0,0,0,-39.9,708839,1640094737.87353,0
374.73,-0,0,0,-39.9,708858,1640094737.8936,0
374.73,-0,0,0,-39.9,708879,1640094737.91355,0
374.73,-0,0,0,-39.9,708898,1640094737.93488,0
374.73,-0,0,0,-39.9,708919,1640094737.95502,0
374.73,-0,0,0,-39.9,708939,1640094737.9763,0
374.73,-0,0,0,-39.9,708959,1640094737.99585,0
374.73,-0,0,0,-39.9,708978,1640094738.01295,0
374.73,-0,0,0,-39.9,708999,1640094738.03344,0
374.73,-0,0,0,-39.9,709019,1640094738.05374,0
374.73,-0,0,0,-39.9,709039,1640094738.07567,0
374.73,-0,0,0,-39.9,709059,1640094738.09515,0
374.73,-0,0,0,-39.9,709079,1640094738.1153,0
374.73,-0,0,0,-39.9,709099,1640094738.13552,0
374.73,-0,0,0,-39.9,709118,1640094738.1562,0
374.73,-0,0,0.01,-39.9,709139,1640094738.17655,0
374.73,-0,0,0,-39.9,709158,1640094738.19403,0
374.73,-0,0,0,-39.9,709179,1640094738.21341,0
374.73,-0,0,0,-39.9,709199,1640094738.23473,0
374.73,-0,0,0.01,-39.9,709219,1640094738.25507,0
374.73,-0,0,0.01,-39.9,709239,1640094738.27614,0
374.73,-0,0,0,-39.9,709259,1640094738.29549,0
374.73,-0,0,0,-39.9,709279,1640094738.31601,0
374.73,-0,0,0,-39.9,709299,1640094738.3367,0
374.73,-0,0,0.01,-39.9,709319,1640094738.35692,0
374.73,-0,0,0.01,-39.9,709339,1640094738.37532,0
374.73,-0,0,0,-39.9,709359,1640094738.39357,0
374.73,-0,0,0,-39.9,709380,1640094738.41451,0
374.73,-0,0,0,-39.9,709399,1640094738.43546,0
374.73,-0,0,0.01,-39.9,709420,1640094738.45555,0
374.73,-0,0,0.01,-39.9,709439,1640094738.47796,0
374.73,-0,0,0,-39.9,709459,1640094738.49678,0
374.73,-0,0,0,-39.9,709479,1640094738.51709,0
374.73,-0,0,0,-39.9,709499,1640094738.53766,0
374.73,-0,0,0,-39.9,709519,1640094738.55367,0
374.73,-0,0,0,-39.9,709539,1640094738.57586,0
374.73,-0,0,0,-39.9,709559,1640094738.59534,0
374.73,-0,0,0,-39.9,709579,1640094738.61554,0
374.73,-0,0,0,-39.9,709599,1640094738.63643,0
374.73,-0,0,0,-39.9,709619,1640094738.65701,0
374.73,-0,0,0,-39.9,709639,1640094738.67699,0
374.73,-0,0,0,-39.9,709659,1640094738.69681,0
374.73,-0,0,0,-39.9,709679,1640094738.71725,0
374.73,-0,0,0,-39.9,709699,1640094738.73441,0
374.73,-0,0,0,-39.9,709719,1640094738.75496,0
374.73,-0,0,0,-39.9,709739,1640094738.77566,0
374.73,-0,0,0,-39.9,709760,1640094738.79511,0
374.73,-0,0,0,-39.9,709779,1640094738.8158,0
374.73,-0,0,0,-39.9,709799,1640094738.84109,0
374.73,-0,0,0,-39.9,709819,1640094738.8591,0
374.73,-0,0,0,-39.9,709839,1640094738.87681,0
374.73,-0,0,0,-39.9,709859,1640094738.89656,0
374.73,-0,0,0,-39.9,709879,1640094738.91691,0
374.73,-0,0,0,-39.9,709899,1640094738.9338,0
374.73,-0,0,0,-39.9,709919,1640094738.95528,0
374.73,-0,0,0.01,-39.9,709939,1640094738.97632,0
374.73,-0,0,0,-39.9,709959,1640094738.9975,0
374.73,-0,0,0,-39.9,709979,1640094739.01705,0
374.73,-0,0,0,-39.9,709999,1640094739.03746,0
374.73,-0,0,0,-39.9,710019,1640094739.05792,0
374.73,-0,0,0,-39.9,710039,1640094739.07846,0
374.73,-0,0,0,-39.9,710060,1640094739.09781,0
374.73,-0,0,0,-39.9,710079,1640094739.12287,0
374.73,-0,0,0,-39.9,710099,1640094739.13462,0
374.73,-0,0,0,-39.9,710119,1640094739.16101,0
374.73,-0,0,0,-39.9,710139,1640094739.17726,0
374.73,-0,0,0,-39.9,710159,1640094739.19726,0
374.73,-0,0,0,-39.9,710179,1640094739.21622,0
374.73,-0,0,0,-39.9,710199,1640094739.23651,0
374.73,-0,0,0,-39.9,710219,1640094739.25699,0
374.73,-0,0,0,-39.9,710239,1640094739.27794,0
374.73,-0,0,0,-39.9,710259,1640094739.29534,0
374.73,-0,0,0,-39.9,710279,1640094739.32355,0
374.73,-0,0,0,-39.9,710299,1640094739.34298,0
374.73,-0,0,0,-39.9,710319,1640094739.36228,0
374.73,-0,0,0,-39.9,710339,1640094739.37661,0
374.73,-0,0,0,-39.9,710360,1640094739.39684,0
374.73,-0,0,0,-39.9,710379,1640094739.41735,0
374.73,-0,0,0,-39.9,710400,1640094739.44146,0
374.73,-0,0,0,-39.9,710419,1640094739.4587,0
374.73,-0,0,0,-39.9,710439,1640094739.47476,0
374.73,-0,0,0,-39.9,710459,1640094739.49475,0
374.73,-0,0,0,-39.9,710479,1640094739.51575,0
374.73,-0,0,0,-39.9,710499,1640094739.53605,0
374.73,-0,0,0,-39.9,710519,1640094739.5568,0
374.73,-0,0,0,-39.9,710539,1640094739.57688,0
374.73,-0,0,0,-39.9,710559,1640094739.59718,0
374.73,-0,0,0,-39.9,710579,1640094739.61829,0
374.73,-0,0,0,-39.9,710599,1640094739.65005,0
374.73,-0,0,0,-39.9,710619,1640094739.66849,0
374.73,-0,0,0,-39.9,710639,1640094739.67666,0
374.73,-0,0,0,-39.9,710660,1640094739.69552,0
374.73,-0,0,0,-39.9,710679,1640094739.7169,0
374.73,-0,0,0,-39.9,710699,1640094739.73713,0
374.73,-0,0,0,-39.9,710719,1640094739.75915,0
374.73,-0,0,0,-39.9,710738,1640094739.77775,0
374.73,-0,0,0,-39.9,710759,1640094739.79777,0
374.73,-0,0,0,-39.9,710778,1640094739.81402,0
374.73,-0,0,0,-39.9,710799,1640094739.83973,0
374.73,-0,0,0,-39.9,710819,1640094739.8587,0
374.73,-0,0,0,-39.9,710839,1640094739.88335,0
374.73,-0,0,0,-39.9,710859,1640094739.89647,0
374.73,-0,0,0,-39.9,710879,1640094739.91711,0
374.73,-0,0,0,-39.9,710899,1640094739.93731,0
374.73,-0,0,0,-39.9,710919,1640094739.95751,0
374.73,-0,0,0,-39.9,710939,1640094739.97971,0
374.73,-0,0,0,-39.9,710960,1640094739.99875,0
374.73,-0,0,0,-39.9,710979,1640094740.01545,0
374.73,-0,0,0,-39.9,711000,1640094740.03571,0
374.73,-0,0,0.01,-39.9,711019,1640094740.05697,0
374.73,-0,0,0,-39.9,711040,1640094740.07697,0
374.73,-0,0,0,-39.9,711059,1640094740.09693,0
374.73,-0,0,0,-39.9,711079,1640094740.11816,0
