840.55,4.56,0,0,101.6,302093,1640098063.65359,0
840.55,4.56,0,0,101.6,302113,1640098063.65594,0
840.55,4.56,0,0,101.6,302133,1640098063.65713,0
840.55,4.56,0,0,101.6,302153,1640098063.65798,0
840.55,4.56,0,0,101.6,302173,1640098063.65866,0
840.55,4.56,0,0,101.6,302193,1640098063.65933,0
840.55,4.56,0,0,101.6,302213,1640098063.66055,0
840.55,4.56,0,0.01,101.6,302233,1640098063.71267,0
840.55,4.56,0,0,101.6,302253,1640098063.71377,0
840.55,4.56,0,0,101.6,302273,1640098063.73449,0
840.55,4.56,0,0,101.6,302294,1640098063.73642,0
840.55,4.56,0,0,101.6,302313,1640098063.76533,0
840.55,4.56,0,0.01,101.6,302333,1640098063.78958,0
840.55,4.56,0,0,101.6,302353,1640098063.79832,0
840.55,4.56,0,0,101.6,302373,1640098063.81833,0
840.55,4.56,0,0,101.6,302393,1640098063.83871,0
840.55,4.56,0,0,101.6,302413,1640098063.85791,0
840.55,4.56,0,0.01,101.6,302433,1640098063.87526,0
840.55,4.56,0,0,101.6,302453,1640098063.89717,0
840.55,4.56,0,0,101.6,302473,1640098063.9164,0
840.55,4.56,0,0,101.6,302493,1640098063.93714,0
840.55,4.56,0,0,101.6,302513,1640098063.95755,0
840.55,4.56,0,0.01,101.6,302533,1640098063.97902,0
840.55,4.56,0,0,101.6,302553,1640098063.99872,0
840.55,4.56,0,0,101.6,302573,1640098064.02193,0
840.55,4.56,0,0,101.6,302594,1640098064.04547,0
840.55,4.56,0,0,101.6,302613,1640098064.05751,0
840.55,4.56,0,0.01,101.6,302633,1640098064.08045,0
840.55,4.56,0,0,101.6,302653,1640098064.10186,0
840.55,4.56,0,0,101.6,302673,1640098064.11802,0
840.55,4.56,0,0,101.6,302693,1640098064.13806,0
840.55,4.56,0,0,101.6,302713,1640098064.15818,0
840.55,4.56,0,0.01,101.6,302733,1640098064.18651,0
840.55,4.56,0,0,101.6,302753,1640098064.21201,0
840.55,4.56,0,0,101.6,302773,1640098064.22426,0
840.55,4.56,0,0,101.6,302793,1640098064.24455,0
840.55,4.56,0,0,101.6,302813,1640098064.259,0
840.55,4.56,0,0.01,101.6,302833,1640098064.27819,0
840.55,4.56,0,0,101.6,302853,1640098064.29785,0
840.55,4.56,0,0,101.6,302873,1640098064.31829,0
840.55,4.56,0,0,101.6,302894,1640098064.33883,0
840.55,4.56,0,0,101.6,302913,1640098064.35917,0
840.55,4.56,0,0.01,101.6,302934,1640098064.38133,0
840.55,4.56,0,0,101.6,302953,1640098064.39761,0
840.55,4.56,0,0,101.6,302973,1640098064.41753,0
840.55,4.56,0,0,101.6,302993,1640098064.43784,0
840.55,4.56,0,0,101.6,303013,1640098064.45803,0
840.55,4.56,0,0.01,101.6,303033,1640098064.47954,0
840.55,4.56,0,0,101.6,303053,1640098064.49903,0
840.55,4.56,0,0,101.6,303073,1640098064.51932,0
840.55,4.56,0,0,101.6,303093,1640098064.54021,0
840.55,4.56,0,0,101.6,303113,1640098064.56033,0
840.55,4.56,0,0.01,101.6,303133,1640098064.57671,0
840.55,4.56,0,0,101.6,303153,1640098064.59834,0
840.55,4.56,0,0,101.6,303173,1640098064.61767,0
840.55,4.56,0,0,101.6,303193,1640098064.63796,0
840.55,4.56,0,0,101.6,303213,1640098064.65802,0
840.55,4.56,0,0.01,101.6,303234,1640098064.67849,0
840.55,4.56,0,0,101.6,303253,1640098064.69862,0
840.55,4.56,0,0,101.6,303273,1640098064.72034,0
840.55,4.56,0,0,101.6,303293,1640098064.73967,0
840.55,4.56,0,0,101.6,303313,1640098064.75692,0
840.55,4.56,0,0.01,101.6,303333,1640098064.77735,0
840.55,4.56,0,0,101.6,303353,1640098064.79692,0
840.55,4.56,0,0,101.6,303373,1640098064.82648,0
840.55,4.56,0,0,101.6,303393,1640098064.84164,0
840.55,4.56,0,0,101.6,303413,1640098064.85825,0
840.55,4.56,0,0.01,101.6,303433,1640098064.8787,0
840.55,4.56,0,0,101.6,303453,1640098064.89892,0
840.55,4.56,0,0,101.6,303473,1640098064.9207,0
840.55,4.56,0,0,101.6,303493,1640098064.93662,0
840.55,4.56,0,0,101.6,303513,1640098064.95706,0
840.55,4.56,0,0.01,101.6,303534,1640098064.97807,0
840.55,4.56,0,0,101.6,303553,1640098064.99827,0
840.55,4.56,0,0,101.6,303574,1640098065.01912,0
840.55,4.56,0,0,101.6,303593,1640098065.03981,0
840.55,4.56,0,0,101.6,303613,1640098065.06034,0
840.55,4.56,0,0.01,101.6,303633,1640098065.08078,0
840.55,4.56,0,0,101.6,303653,1640098065.10127,0
840.55,4.56,0,0,101.6,303673,1640098065.11663,0
840.55,4.56,0,0,101.6,303693,1640098065.13799,0
840.55,4.56,0,0,101.6,303713,1640098065.16164,0
840.55,4.56,0,0.01,101.6,303733,1640098065.17903,0
840.55,4.56,0,0,101.6,303753,1640098065.1989,0
840.55,4.56,0,0,101.6,303773,1640098065.21919,0
840.55,4.56,0,0,101.6,303793,1640098065.24074,0
840.55,4.56,0,0,101.6,303813,1640098065.26084,0
840.55,4.56,0,0.01,101.6,303833,1640098065.28059,0
840.55,4.56,0,0,101.6,303853,1640098065.30177,0
840.55,4.56,0,0,101.6,303874,1640098065.31743,0
840.55,4.56,0,0,101.6,303893,1640098065.33862,0
840.55,4.56,0,0,101.6,303912,1640098065.3582,0
840.55,4.56,0,0.01,101.6,303933,1640098065.37972,0
840.55,4.56,0,0,101.6,303953,1640098065.40042,0
840.55,4.56,0,0,101.6,303973,1640098065.42731,0
840.55,4.56,0,0,101.6,303993,1640098065.44058,0
840.55,4.56,0,0.01,101.6,304013,1640098065.46159,0
840.55,4.56,0,0.01,101.6,304033,1640098065.47722,0
840.55,4.56,0,0,101.6,304053,1640098065.49862,0
840.55,4.56,0,0,101.6,304073,1640098065.51834,0
840.55,4.56,0,0,101.6,304093,1640098065.53836,0
840.55,4.56,0,0.01,101.6,304113,1640098065.5599,0
840.55,4.56,0,0.01,101.6,304133,1640098065.57926,0
840.55,4.56,0,0,101.6,304153,1640098065.59994,0
840.55,4.56,0,0,101.6,304174,1640098065.62029,0
840.55,4.56,0,0,101.6,304193,1640098065.64063,0
840.55,4.56,0,0.01,101.6,304214,1640098065.66189,0
840.55,4.56,0,0.01,101.6,304233,1640098065.67863,0
840.55,4.56,0,0,101.6,304253,1640098065.6984,0
840.55,4.56,0,0,101.6,304273,1640098065.71911,0
840.55,4.56,0,0,101.6,304293,1640098065.74013,0
840.55,4.56,0,0.01,101.6,304313,1640098065.76046,0
840.55,4.56,0,0.01,101.6,304333,1640098065.78031,0
840.55,4.56,0,0,101.6,304353,1640098065.80081,0
840.55,4.56,0,0,101.6,304373,1640098065.82212,0
840.55,4.56,0,0,101.6,304393,1640098065.84175,0
840.55,4.56,0,0.01,101.6,304413,1640098065.86927,0
840.55,4.56,0,0.01,101.6,304433,1640098065.88004,0
840.55,4.56,0,0,101.6,304453,1640098065.89841,0
840.55,4.56,0,0,101.6,304474,1640098065.9199,0
840.55,4.56,0,0,101.6,304493,1640098065.94023,0
840.55,4.56,0,0.01,101.6,304514,1640098065.96085,0
840.55,4.56,0,0.01,101.6,304533,1640098065.98039,0
840.55,4.56,0,0,101.6,304553,1640098066.00052,0
840.55,4.56,0,0,101.6,304573,1640098066.02192,0
840.55,4.56,0,0,101.6,304593,1640098066.03906,0
840.55,4.56,0,0.01,101.6,304613,1640098066.05859,0
840.55,4.56,0,0.01,101.6,304633,1640098066.07916,0
840.55,4.56,0,0,101.6,304653,1640098066.0997,0
840.55,4.56,0,0,101.6,304673,1640098066.12008,0
840.55,4.56,0,0,101.6,304693,1640098066.14123,0
840.55,4.56,0,0,101.6,304713,1640098066.16114,0
840.55,4.56,0,0.01,101.6,304733,1640098066.18215,0
840.55,4.56,0,0,101.6,304753,1640098066.20785,0
840.55,4.56,0,0,101.6,304773,1640098066.21993,0
840.55,4.56,0,0,101.6,304793,1640098066.24035,0
840.55,4.56,0,0,101.6,304813,1640098066.26075,0
840.55,4.56,0,0,101.6,304833,1640098066.28178,0
840.55,4.56,0,0,101.6,304854,1640098066.30635,0
840.55,4.56,0,0,101.6,304873,1640098066.32168,0
840.55,4.56,0,0,101.6,304893,1640098066.34137,0
840.55,4.56,0,0,101.6,304913,1640098066.36195,0
840.55,4.56,0,0,101.6,304933,1640098066.38234,0
840.55,4.56,0,0,101.6,304953,1640098066.39877,0
840.55,4.56,0,0,101.6,304973,1640098066.42003,0
840.55,4.56,0,0,101.6,304993,1640098066.44444,0
840.55,4.56,0,0,101.6,305013,1640098066.46151,0
840.55,4.56,0,0,101.6,305033,1640098066.48083,0
840.55,4.56,0,0,101.6,305053,1640098066.50164,0
840.55,4.56,0,0,101.6,305073,1640098066.52156,0
840.55,4.56,0,0,101.6,305093,1640098066.5419,0
840.55,4.56,0,0,101.6,305113,1640098066.56246,0
840.55,4.56,0,0,101.6,305133,1640098066.57964,0
840.55,4.56,0,0,101.6,305153,1640098066.59973,0
840.55,4.56,0,0,101.6,305173,1640098066.62004,0
840.55,4.56,0,0,101.6,305193,1640098066.6406,0
840.55,4.56,0,0,101.6,305213,1640098066.66094,0
840.55,4.56,0,0,101.6,305233,1640098066.682,0
840.55,4.56,0,0,101.6,305253,1640098066.70207,0
840.55,4.56,0,0,101.6,305273,1640098066.72237,0
840.55,4.56,0,0,101.6,305293,1640098066.74308,0
840.55,4.56,0,0,101.6,305313,1640098066.76023,0
840.55,4.56,0,0,101.6,305333,1640098066.78093,0
840.55,4.56,0,0,101.6,305353,1640098066.80063,0
840.55,4.56,0,0,101.6,305373,1640098066.82088,0
840.55,4.56,0,0,101.6,305393,1640098066.84599,0
840.55,4.56,0,0,101.6,305413,1640098066.86305,0
840.55,4.56,0,0,101.6,305433,1640098066.88235,0
840.55,4.56,0,0,101.6,305453,1640098066.90229,0
840.55,4.56,0,0,101.6,305473,1640098066.92258,0
840.55,4.56,0,0,101.6,305494,1640098066.93941,0
840.55,4.56,0,0,101.6,305513,1640098066.96053,0
840.55,4.56,0,0,101.6,305533,1640098066.99144,0
840.55,4.56,0,0,101.6,305553,1640098067.00564,0
840.55,4.56,0,0,101.6,305573,1640098067.02115,0
840.55,4.56,0,0,101.6,305593,1640098067.04185,0
840.55,4.56,0,0,101.6,305613,1640098067.06194,0
840.55,4.56,0,0,101.6,305633,1640098067.08868,0
840.55,4.56,0,0,101.6,305653,1640098067.10298,0
840.55,4.56,0,0,101.6,305673,1640098067.11976,0
840.55,4.56,0,0,101.6,305693,1640098067.14043,0
840.55,4.56,0,0,101.6,305713,1640098067.16088,0
840.55,4.56,0,0,101.6,305733,1640098067.18186,0
840.55,4.56,0,0,101.6,305753,1640098067.20255,0
840.55,4.56,0,0,101.6,305773,1640098067.22293,0
840.55,4.56,0,0,101.6,305793,1640098067.24325,0
840.55,4.56,0,0,101.61,305813,1640098067.26406,0
840.55,4.56,0,0,101.61,305833,1640098067.28412,0
840.55,4.56,0,0,101.63,305853,1640098067.30012,0
840.55,4.56,0,0,101.75,305873,1640098067.32152,0
840.55,4.56,0,0,101.91,305893,1640098067.34173,0
840.55,4.56,0,0,102.03,305913,1640098067.36178,0
840.55,4.56,0,0,102.11,305933,1640098067.38215,0
840.55,4.56,0,0,102.2,305953,1640098067.40279,0
840.55,4.56,0,0,102.28,305973,1640098067.42283,0
840.55,4.56,0,0,102.36,305993,1640098067.44321,0
840.55,4.56,0,0,102.4,306013,1640098067.46982,0
840.55,4.56,0,0,102.45,306033,1640098067.48112,0
840.55,4.56,0,0,102.55,306053,1640098067.50106,0
840.55,4.56,0,0,102.63,306073,1640098067.52135,0
840.55,4.56,0,0,102.7,306094,1640098067.54548,0
840.55,4.56,0,0,102.75,306113,1640098067.5636,0
840.55,4.56,0,0,102.83,306134,1640098067.58244,0
840.55,4.56,0,0,103,306153,1640098067.60279,0
840.55,4.56,0,0,103.11,306173,1640098067.62277,0
840.55,4.56,0,0,103.2,306193,1640098067.64319,0
840.55,4.56,0,0,103.3,306213,1640098067.66469,0
840.55,4.56,0,0,103.53,306233,1640098067.68146,0
840.55,4.56,0,0,103.85,306253,1640098067.7019,0
840.55,4.56,0,0,104.3,306273,1640098067.72211,0
840.55,4.56,0,0,104.68,306293,1640098067.7426,0
840.55,4.56,0,0,104.95,306313,1640098067.76278,0
840.55,4.56,0,0,105.1,306333,1640098067.7838,0
840.55,4.56,0,0,105.13,306353,1640098067.80647,0
840.55,4.56,0,0,105.13,306373,1640098067.82438,0
840.55,4.56,0,0,105.11,306393,1640098067.84058,0
840.55,4.56,0,0,105.08,306413,1640098067.86117,0
840.55,4.56,0,0,105,306434,1640098067.88941,0
840.55,4.56,0,0,104.86,306453,1640098067.90243,0
840.55,4.56,0,0,104.63,306473,1640098067.92222,0
840.55,4.56,0,0,104.3,306493,1640098067.94253,0
840.55,4.56,0,0,103.86,306513,1640098067.96835,0
840.55,4.56,0,0,103.35,306533,1640098067.98454,0
840.55,4.56,0,0,102.75,306553,1640098068.00484,0
840.55,4.56,0,0,102.05,306573,1640098068.02536,0
840.55,4.56,0,0,101.25,306593,1640098068.04144,0
840.55,4.56,0,0,100.25,306613,1640098068.06183,0
840.55,4.56,0,0,99.1,306633,1640098068.08199,0
840.55,4.56,0,0,97.88,306653,1640098068.10632,0
840.55,4.56,0,0,96.71,306673,1640098068.12239,0
840.55,4.56,0,0,95.63,306693,1640098068.14381,0
840.55,4.56,0,0,94.63,306713,1640098068.16328,0
840.55,4.56,0,0,93.73,306733,1640098068.18494,0
840.55,4.56,0,0,92.86,306753,1640098068.2042,0
840.55,4.56,0,0,92.03,306772,1640098068.22146,0
840.55,4.56,0,0,91.26,306793,1640098068.24205,0
840.55,4.56,0,0,90.51,306813,1640098068.26168,0
840.55,4.56,0,0,89.7,306833,1640098068.28308,0
840.55,4.56,0,0,88.81,306853,1640098068.3035,0
840.55,4.56,0,0,87.93,306873,1640098068.32764,0
840.55,4.56,0,0,87,306893,1640098068.3454,0
840.55,4.56,0,0,86.1,306913,1640098068.36511,0
840.55,4.56,0,0,85.18,306933,1640098068.3855,0
840.55,4.56,0,0,84.23,306953,1640098068.40144,0
840.55,4.56,0,0,83.26,306973,1640098068.42195,0
840.55,4.56,0,0,82.35,306993,1640098068.44244,0
840.55,4.56,0,0,81.45,307013,1640098068.46888,0
840.55,4.56,0,0,80.6,307033,1640098068.48455,0
840.55,4.56,0,0,79.75,307053,1640098068.50438,0
840.55,4.56,0,0,78.83,307073,1640098068.52491,0
840.55,4.56,0,0,77.85,307093,1640098068.54518,0
840.55,4.56,0,0,76.75,307113,1640098068.56669,0
840.55,4.56,0,0,75.5,307133,1640098068.58152,0
840.55,4.56,0,0,74.13,307153,1640098068.60309,0
840.55,4.56,0,0,72.73,307173,1640098068.62884,0
840.55,4.56,0,0,71.31,307193,1640098068.64454,0
840.55,4.56,0,0,69.95,307213,1640098068.66366,0
840.55,4.56,0,0,68.68,307233,1640098068.68406,0
840.55,4.56,0,0,67.51,307253,1640098068.70456,0
840.55,4.56,0,0,66.41,307273,1640098068.7248,0
840.55,4.56,0,0,65.31,307293,1640098068.74608,0
840.55,4.56,0,0,64.25,307313,1640098068.76223,0
840.55,4.56,0,0,63.15,307333,1640098068.79054,0
840.55,4.56,0,0,62.03,307353,1640098068.80515,0
840.55,4.56,0,0,60.88,307373,1640098068.82381,0
840.55,4.56,0,0,59.76,307393,1640098068.84377,0
840.55,4.56,0,0,58.65,307414,1640098068.8648,0
840.55,4.56,0,0,57.53,307433,1640098068.88485,0
840.55,4.56,0,0,56.5,307453,1640098068.90496,0
840.55,4.56,0,0,55.45,307473,1640098068.92648,0
840.55,4.56,0,0,54.41,307493,1640098068.94176,0
840.55,4.56,0,0,53.4,307513,1640098068.9622,0
840.55,4.56,0,0,52.35,307533,1640098068.98304,0
840.55,4.56,0,0,51.32,307553,1640098069.00317,0
840.55,4.56,0,0,50.28,307573,1640098069.02872,0
840.55,4.56,0,0,49.27,307593,1640098069.04422,0
840.55,4.56,0,0,48.27,307613,1640098069.06586,0
840.55,4.56,0,0,47.33,307633,1640098069.08526,0
840.55,4.56,0,0,46.35,307653,1640098069.10629,0
840.55,4.56,0,0,45.35,307673,1640098069.12233,0
840.55,4.56,0,0,44.33,307693,1640098069.14287,0
840.55,4.56,0,0,43.35,307714,1640098069.16351,0
840.55,4.56,0,0,42.37,307733,1640098069.18375,0
840.55,4.56,0,0,41.4,307753,1640098069.20497,0
840.55,4.56,0,0,40.47,307773,1640098069.23213,0
840.55,4.56,0,0,39.48,307793,1640098069.24824,0
840.55,4.56,0,0,38.5,307813,1640098069.26696,0
840.55,4.56,0,0,37.52,307833,1640098069.28607,0
840.55,4.56,0,0,36.6,307853,1640098069.30285,0
840.55,4.56,0,0,35.72,307873,1640098069.32368,0
840.55,4.56,0,0.01,34.93,307893,1640098069.34422,0
840.55,4.56,0,0,34.13,307913,1640098069.36451,0
840.55,4.56,0,0,33.33,307933,1640098069.385,0
840.55,4.56,0,0,32.48,307953,1640098069.40543,0
840.55,4.56,0,0,31.67,307973,1640098069.42634,0
840.55,4.56,0,0.01,30.77,307993,1640098069.44655,0
840.55,4.56,0,0,29.85,308013,1640098069.47228,0
840.55,4.56,0,0,28.78,308033,1640098069.48362,0
840.55,4.56,0,0,27.73,308054,1640098069.51109,0
840.55,4.56,0,0,26.65,308073,1640098069.52416,0
840.55,4.56,0,0.01,25.63,308093,1640098069.54427,0
840.55,4.56,0,0,24.72,308113,1640098069.56494,0
840.55,4.56,0,0,23.87,308133,1640098069.58543,0
840.55,4.56,0,0,23.1,308153,1640098069.60643,0
840.55,4.56,0,0,22.37,308173,1640098069.62661,0
840.55,4.56,0,0.01,21.72,308193,1640098069.64708,0
840.55,4.56,0,0,21.08,308213,1640098069.66319,0
840.55,4.56,0,0,20.47,308233,1640098069.6843,0
840.55,4.56,0,0,19.78,308253,1640098069.70452,0
840.55,4.56,0,0,19.07,308273,1640098069.725,0
840.55,4.56,0,0.01,18.3,308293,1640098069.7451,0
840.55,4.56,0,0,17.47,308313,1640098069.7654,0
840.55,4.56,0,0,16.55,308333,1640098069.7862,0
840.55,4.56,0,0,15.52,308354,1640098069.80716,0
840.55,4.56,0,0,14.4,308373,1640098069.8274,0
840.55,4.56,0,0.01,13.27,308393,1640098069.84768,0
840.55,4.56,0,0,12.2,308413,1640098069.86379,0
840.55,4.56,0,0,11.32,308433,1640098069.885,0
840.55,4.56,0,0,10.73,308453,1640098069.90476,0
840.55,4.56,0,0,10.47,308473,1640098069.92525,0
840.55,4.56,0,0,10.42,308493,1640098069.94636,0
840.55,4.56,0,0,10.42,308513,1640098069.96636,0
840.55,4.56,0,0,10.42,308533,1640098069.98721,0
840.55,4.56,0,0,10.42,308553,1640098070.01184,0
840.55,4.56,0,0,10.42,308573,1640098070.02729,0
840.55,4.56,0,0,10.4,308593,1640098070.04381,0
840.55,4.56,0,0,10.38,308613,1640098070.06504,0
840.55,4.56,0,0,10.35,308633,1640098070.08634,0
840.55,4.56,0,0,10.28,308653,1640098070.10571,0
840.55,4.56,0,0,10.2,308673,1640098070.126,0
840.55,4.56,0,0,10.08,308692,1640098070.14619,0
840.55,4.56,0,0,9.97,308713,1640098070.16727,0
840.55,4.56,0,0,9.85,308732,1640098070.18764,0
840.55,4.56,0,0,9.75,308753,1640098070.20434,0
840.55,4.56,0,0,9.65,308772,1640098070.22456,0
840.55,4.56,0,0,9.58,308793,1640098070.24456,0
840.55,4.56,0,0,9.53,308813,1640098070.26593,0
840.55,4.56,0,0,9.47,308833,1640098070.28605,0
840.55,4.56,0,0,9.35,308853,1640098070.30699,0
840.55,4.56,0,0,9.15,308873,1640098070.32713,0
840.55,4.56,0,0,8.88,308893,1640098070.34788,0
840.55,4.56,0,0,8.6,308913,1640098070.36801,0
840.55,4.56,0,0,8.25,308933,1640098070.38462,0
840.55,4.56,0,0,7.87,308953,1640098070.40511,0
840.55,4.56,0,0,7.45,308973,1640098070.42544,0
840.55,4.56,0,0,7.08,308993,1640098070.44591,0
840.55,4.56,0,0,6.7,309013,1640098070.46606,0
840.55,4.56,0,0,6.38,309032,1640098070.48637,0
840.55,4.56,0,0,6.1,309053,1640098070.5069,0
840.55,4.56,0,0,5.88,309072,1640098070.52826,0
840.55,4.56,0,0,5.68,309093,1640098070.54879,0
840.55,4.56,0,0,5.48,309112,1640098070.5646,0
840.55,4.56,0,0,5.32,309133,1640098070.58541,0
840.55,4.56,0,0,5.15,309153,1640098070.60581,0
840.55,4.56,0,0,5.02,309173,1640098070.62613,0
840.55,4.56,0,0,4.87,309193,1640098070.64671,0
840.55,4.56,0,0,4.68,309213,1640098070.66697,0
840.55,4.56,0,0,4.45,309233,1640098070.68735,0
840.55,4.56,0,0,4.23,309253,1640098070.708,0
840.55,4.56,0,0,4.03,309273,1640098070.72822,0
840.55,4.56,0,0,3.85,309293,1640098070.74521,0
840.55,4.56,0,0,3.65,309313,1640098070.76565,0
840.55,4.56,0,0,3.45,309332,1640098070.78606,0
840.55,4.56,0,0,3.28,309353,1640098070.80638,0
840.55,4.56,0,0,3.15,309372,1640098070.8321,0
840.55,4.56,0,0,2.98,309393,1640098070.84742,0
840.55,4.56,0,0,2.78,309412,1640098070.86661,0
840.55,4.56,0,0,2.57,309433,1640098070.88808,0
840.55,4.56,0,0,2.33,309453,1640098070.91417,0
840.55,4.56,0,0,2.1,309473,1640098070.92869,0
840.55,4.56,0,0,1.87,309493,1640098070.94538,0
840.55,4.56,0,0,1.63,309513,1640098070.96595,0
840.55,4.56,0,0,1.42,309533,1640098070.9858,0
840.55,4.56,0,0,1.2,309553,1640098071.01401,0
840.55,4.56,0,0,1.02,309573,1640098071.03076,0
840.55,4.56,0,0,0.83,309593,1640098071.05163,0
840.55,4.56,0,0,0.67,309613,1640098071.069,0
840.55,4.56,0,0,0.5,309633,1640098071.08879,0
840.55,4.56,0,0,0.33,309653,1640098071.1093,0
840.55,4.56,0,0,0.18,309672,1640098071.12629,0
840.55,4.56,0,0,0.03,309693,1640098071.14667,0
840.55,4.56,0,0,-0.15,309712,1640098071.16694,0
840.55,4.56,0,0,-0.35,309733,1640098071.18687,0
840.55,4.56,0,0,-0.55,309752,1640098071.20758,0
840.55,4.56,0,0,-0.77,309773,1640098071.22786,0
840.55,4.56,0,0,-0.97,309792,1640098071.24839,0
840.55,4.56,0,0,-1.15,309813,1640098071.26904,0
840.55,4.56,0,0,-1.3,309833,1640098071.28899,0
840.55,4.56,0,0,-1.43,309853,1640098071.30582,0
840.55,4.56,0,0,-1.55,309873,1640098071.32625,0
840.55,4.56,0,0,-1.63,309893,1640098071.34679,0
840.55,4.56,0,0,-1.7,309913,1640098071.36721,0
840.55,4.56,0,0,-1.77,309933,1640098071.38849,0
840.55,4.56,0,0,-1.83,309953,1640098071.40896,0
840.55,4.56,0,0,-1.88,309972,1640098071.42834,0
840.55,4.56,0,0,-1.93,309993,1640098071.45484,0
840.55,4.56,0,0,-2.02,310012,1640098071.4703,0
840.55,4.56,0,0,-2.08,310033,1640098071.48545,0
840.55,4.56,0,0,-2.17,310052,1640098071.50781,0
840.55,4.56,0,0,-2.23,310073,1640098071.52843,0
840.55,4.56,0,0,-2.32,310093,1640098071.54694,0
840.55,4.56,0,0,-2.4,310113,1640098071.56734,0
840.55,4.56,0,0,-2.48,310133,1640098071.59732,0
840.55,4.56,0,0,-2.55,310153,1640098071.60917,0
840.55,4.56,0,0.01,-2.62,310173,1640098071.62868,0
840.55,4.56,0,0,-2.67,310193,1640098071.65139,0
840.55,4.56,0,0,-2.73,310213,1640098071.66578,0
840.55,4.56,0,0,-2.8,310233,1640098071.68632,0
840.55,4.56,0,0,-2.85,310253,1640098071.70634,0
840.55,4.56,0,0,-2.9,310273,1640098071.72761,0
840.55,4.56,0,0,-2.97,310293,1640098071.74768,0
840.55,4.56,0,0,-3.03,310312,1640098071.78299,0
840.55,4.56,0,0,-3.08,310333,1640098071.78978,0
840.55,4.56,0,0,-3.12,310353,1640098071.80888,0
840.55,4.56,0,0,-3.13,310373,1640098071.83508,0
840.55,4.56,0,0,-3.17,310392,1640098071.84712,0
840.55,4.56,0,0,-3.18,310413,1640098071.86852,0
840.55,4.56,0,0,-3.22,310432,1640098071.88667,0
840.55,4.56,0,0,-3.23,310453,1640098071.90726,0
840.55,4.56,0,0,-3.27,310473,1640098071.92757,0
840.55,4.56,0,0,-3.32,310493,1640098071.94805,0
840.55,4.56,0,0,-3.37,310513,1640098071.96831,0
840.55,4.56,0,0,-3.42,310533,1640098071.98961,0
840.55,4.56,0,0,-3.47,310553,1640098072.01125,0
840.55,4.56,0,0,-3.5,310573,1640098072.03665,0
840.55,4.56,0,0,-3.53,310593,1640098072.04906,0
840.55,4.56,0,0,-3.55,310612,1640098072.0682,0
840.55,4.56,0,0,-3.55,310633,1640098072.08883,0
840.55,4.56,0,0,-3.57,310652,1640098072.10941,0
840.55,4.56,0,0,-3.58,310673,1640098072.12995,0
840.55,4.56,0,0,-3.58,310693,1640098072.15017,0
840.55,4.56,0,0,-3.58,310713,1640098072.17071,0
840.55,4.56,0,0,-3.58,310733,1640098072.19121,0
840.55,4.56,0,0,-3.58,310753,1640098072.21146,0
840.55,4.56,0,0,-3.6,310773,1640098072.22764,0
840.55,4.56,0,0,-3.6,310793,1640098072.24823,0
840.55,4.56,0,0,-3.6,310813,1640098072.26838,0
840.55,4.56,0,0,-3.6,310833,1640098072.28888,0
840.55,4.56,0,0,-3.6,310853,1640098072.30982,0
840.55,4.56,0,0,-3.6,310873,1640098072.32987,0
840.55,4.56,0,0,-3.6,310893,1640098072.35047,0
840.55,4.56,0,0,-3.6,310913,1640098072.37069,0
840.55,4.56,0,0,-3.6,310933,1640098072.38711,0
840.55,4.56,0,0,-3.6,310952,1640098072.40724,0
840.55,4.56,0,0,-3.6,310973,1640098072.42808,0
840.55,4.56,0,0,-3.6,310992,1640098072.4483,0
840.55,4.56,0,0,-3.6,311013,1640098072.469,0
840.55,4.56,0,0,-3.6,311032,1640098072.49584,0
840.55,4.56,0,0,-3.6,311053,1640098072.51072,0
840.55,4.56,0,0,-3.62,311072,1640098072.53081,0
840.55,4.56,0,0,-3.62,311093,1640098072.5512,0
840.55,4.56,0,0,-3.62,311112,1640098072.56701,0
840.55,4.56,0,0,-3.62,311133,1640098072.58811,0
840.55,4.56,0,0,-3.62,311153,1640098072.60791,0
840.55,4.56,0,0,-3.62,311173,1640098072.62891,0
840.55,4.56,0,0,-3.62,311193,1640098072.64958,0
840.55,4.56,0,0,-3.62,311213,1640098072.67002,0
840.55,4.56,0,0,-3.62,311233,1640098072.69077,0
840.55,4.56,0,0,-3.62,311252,1640098072.72013,0
840.55,4.56,0,0,-3.62,311273,1640098072.73186,0
840.55,4.56,0,0,-3.62,311292,1640098072.74783,0
840.55,4.56,0,0,-3.62,311313,1640098072.76808,0
840.55,4.56,0,0,-3.62,311332,1640098072.78871,0
840.55,4.56,0,0,-3.62,311353,1640098072.80917,0
840.55,4.56,0,0,-3.62,311372,1640098072.82968,0
840.55,4.56,0,0,-3.63,311393,1640098072.85022,0
840.55,4.56,0,0,-3.63,311412,1640098072.87066,0
840.55,4.56,0,0,-3.63,311433,1640098072.89181,0
840.55,4.56,0,0,-3.63,311453,1640098072.91162,0
840.55,4.56,0,0,-3.63,311473,1640098072.92827,0
840.55,4.56,0,0,-3.63,311493,1640098072.94821,0
840.55,4.56,0,0,-3.63,311513,1640098072.96833,0
840.55,4.56,0,0,-3.63,311533,1640098072.98979,0
840.55,4.56,0,0,-3.63,311553,1640098073.01085,0
840.55,4.56,0,0,-3.63,311573,1640098073.03001,0
840.55,4.56,0,0,-3.63,311592,1640098073.0515,0
840.55,4.56,0,0,-3.63,311613,1640098073.07088,0
840.55,4.56,0,0,-3.63,311632,1640098073.09184,0
840.55,4.56,0,0,-3.63,311653,1640098073.11661,0
840.55,4.56,0,0,-3.63,311672,1640098073.12919,0
840.55,4.56,0,0,-3.63,311693,1640098073.14937,0
840.55,4.56,0,0,-3.63,311712,1640098073.16947,0
840.55,4.56,0,0,-3.63,311733,1640098073.18971,0
840.55,4.56,0,0,-3.63,311753,1640098073.21023,0
840.55,4.56,0,0,-3.63,311773,1640098073.23055,0
840.55,4.56,0,0,-3.63,311793,1640098073.25185,0
840.55,4.56,0,0,-3.63,311813,1640098073.27207,0
840.55,4.56,0,0,-3.63,311833,1640098073.28798,0
840.55,4.56,0,0,-3.63,311853,1640098073.30858,0
840.55,4.56,0,0,-3.63,311873,1640098073.32953,0
840.55,4.56,0,0,-3.63,311892,1640098073.34985,0
840.55,4.56,0,0,-3.63,311913,1640098073.37082,0
840.55,4.56,0,0,-3.63,311932,1640098073.39108,0
840.55,4.56,0,0,-3.63,311953,1640098073.41225,0
840.55,4.56,0,0,-3.63,311972,1640098073.43227,0
840.55,4.56,0,0,-3.63,311993,1640098073.45253,0
840.55,4.56,0,0,-3.63,312012,1640098073.4693,0
840.55,4.56,0,0,-3.63,312033,1640098073.48944,0
840.55,4.56,0,0,-3.65,312053,1640098073.50964,0
840.55,4.56,0,0,-3.65,312073,1640098073.53101,0
840.55,4.56,0,0,-3.65,312093,1640098073.55163,0
840.55,4.56,0,0,-3.65,312113,1640098073.5716,0
840.55,4.56,0,0,-3.65,312133,1640098073.5925,0
840.55,4.56,0,0,-3.65,312153,1640098073.61239,0
840.55,4.56,0,0,-3.65,312173,1640098073.63297,0
840.55,4.56,0,0,-3.65,312194,1640098073.6532,0
840.55,4.56,0,0,-3.65,312213,1640098073.66973,0
840.55,4.56,0,0,-3.65,312233,1640098073.69001,0
840.55,4.56,0,0,-3.65,312253,1640098073.71127,0
840.55,4.56,0,0,-3.65,312273,1640098073.73124,0
840.55,4.56,0,0,-3.65,312293,1640098073.75159,0
840.55,4.56,0,0,-3.65,312313,1640098073.7721,0
840.55,4.56,0,0,-3.65,312333,1640098073.79282,0
840.55,4.56,0,0,-3.65,312353,1640098073.81291,0
840.55,4.56,0,0,-3.65,312373,1640098073.83314,0
840.55,4.56,0,0,-3.65,312393,1640098073.85026,0
840.55,4.56,0,0,-3.65,312413,1640098073.8706,0
840.55,4.56,0,0,-3.65,312433,1640098073.89127,0
840.55,4.56,0,0,-3.65,312453,1640098073.91196,0
840.55,4.56,0,0,-3.65,312473,1640098073.93182,0
840.55,4.56,0,0,-3.65,312493,1640098073.95215,0
840.55,4.56,0,0,-3.65,312513,1640098073.97238,0
840.55,4.56,0,0,-3.65,312534,1640098073.99329,0
840.55,4.56,0,0,-3.65,312553,1640098074.01608,0
840.55,4.56,0,0,-3.65,312573,1640098074.03204,0
840.55,4.56,0,0,-3.65,312593,1640098074.05106,0
840.55,4.56,0,0,-3.65,312613,1640098074.0713,0
840.55,4.56,0,0,-3.65,312633,1640098074.09123,0
840.55,4.56,0,0,-3.65,312653,1640098074.11077,0
840.55,4.56,0,0,-3.65,312673,1640098074.13124,0
840.55,4.56,0,0,-3.65,312693,1640098074.15251,0
840.55,4.56,0,0,-3.65,312713,1640098074.17234,0
840.55,4.56,0,0,-3.65,312733,1640098074.19361,0
840.55,4.56,0,0,-3.65,312753,1640098074.21302,0
840.55,4.56,0,0,-3.65,312773,1640098074.23038,0
840.55,4.56,0,0,-3.65,312793,1640098074.25095,0
840.55,4.56,0,0,-3.65,312813,1640098074.27211,0
840.55,4.56,0,0,-3.65,312834,1640098074.29306,0
840.55,4.56,0,0,-3.65,312853,1640098074.31289,0
840.55,4.56,0,0,-3.65,312873,1640098074.33293,0
840.55,4.56,0,0,-3.65,312893,1640098074.35576,0
840.55,4.56,0,0,-3.65,312913,1640098074.37392,0
840.55,4.56,0,0,-3.65,312933,1640098074.39365,0
840.55,4.56,0,0,-3.65,312953,1640098074.41013,0
840.55,4.56,0,0,-3.65,312973,1640098074.43099,0
840.55,4.56,0,0,-3.65,312993,1640098074.45147,0
840.55,4.56,0,0,-3.65,313013,1640098074.47332,0
840.55,4.56,0,0,-3.65,313033,1640098074.49259,0
840.55,4.56,0,0,-3.65,313053,1640098074.51784,0
840.55,4.56,0,0,-3.65,313073,1640098074.53752,0
840.55,4.56,0,0,-3.65,313093,1640098074.5542,0
840.55,4.56,0,0,-3.65,313113,1640098074.57387,0
840.55,4.56,0,0,-3.65,313133,1640098074.59322,0
840.55,4.56,0,0,-3.65,313153,1640098074.61126,0
840.55,4.56,0,0,-3.65,313174,1640098074.63113,0
840.55,4.56,0,0,-3.65,313193,1640098074.65134,0
840.55,4.56,0,0,-3.65,313213,1640098074.67248,0
840.55,4.56,0,0,-3.65,313233,1640098074.69346,0
840.55,4.56,0,0,-3.65,313253,1640098074.71334,0
840.55,4.56,0,0,-3.65,313273,1640098074.7339,0
840.55,4.56,0,0,-3.65,313293,1640098074.75407,0
840.55,4.56,0,0,-3.65,313313,1640098074.77145,0
840.55,4.56,0,0,-3.65,313333,1640098074.79099,0
840.55,4.56,0,0,-3.65,313353,1640098074.81207,0
840.55,4.56,0,0,-3.65,313373,1640098074.83224,0
840.55,4.56,0,0,-3.65,313393,1640098074.8528,0
840.55,4.56,0,0,-3.65,313413,1640098074.87323,0
840.55,4.56,0,0,-3.65,313433,1640098074.8938,0
840.55,4.56,0,0,-3.65,313453,1640098074.91466,0
840.55,4.56,0,0,-3.67,313473,1640098074.9305,0
840.55,4.56,0,0,-3.67,313493,1640098074.95083,0
840.55,4.56,0,0,-3.68,313512,1640098074.976,0
840.55,4.56,0,0,-3.7,313533,1640098074.9962,0
840.55,4.56,0,0,-3.73,313553,1640098075.0123,0
840.55,4.56,0,0,-3.8,313573,1640098075.03372,0
840.55,4.56,0,0,-3.9,313592,1640098075.05306,0
840.55,4.56,0,0,-4,313613,1640098075.07479,0
840.55,4.56,0,0,-4.08,313632,1640098075.09522,0
840.55,4.56,0,0,-4.15,313653,1640098075.11094,0
840.55,4.56,0,0,-4.2,313673,1640098075.13129,0
840.55,4.56,0,0,-4.27,313693,1640098075.15259,0
840.55,4.56,0,0,-4.33,313713,1640098075.17304,0
840.55,4.56,0,0,-4.43,313733,1640098075.19375,0
840.55,4.56,0,0,-4.53,313753,1640098075.21339,0
840.55,4.56,0,0,-4.63,313773,1640098075.23381,0
840.55,4.56,0,0,-4.75,313793,1640098075.25407,0
840.55,4.56,0,0,-4.85,313812,1640098075.27461,0
840.55,4.56,0,0,-4.93,313833,1640098075.30017,0
840.55,4.56,0,0,-5.02,313852,1640098075.31263,0
840.55,4.56,0,0,-5.1,313873,1640098075.33206,0
840.55,4.56,0,0,-5.17,313892,1640098075.35761,0
840.55,4.56,0,0,-5.25,313913,1640098075.37312,0
840.55,4.56,0,0,-5.35,313932,1640098075.3937,0
840.55,4.56,0,0,-5.43,313953,1640098075.41392,0
840.55,4.56,0,0,-5.55,313973,1640098075.43437,0
840.55,4.56,0,0,-5.68,313993,1640098075.45486,0
840.55,4.56,0,0,-5.87,314013,1640098075.47103,0
840.55,4.56,0,0,-6.08,314033,1640098075.49143,0
840.55,4.56,0,0,-6.28,314053,1640098075.51231,0
840.55,4.56,0,0,-6.52,314073,1640098075.53248,0
840.55,4.56,0,0,-6.73,314093,1640098075.55282,0
840.55,4.56,0,0,-6.95,314113,1640098075.5736,0
840.55,4.56,0,0,-7.15,314133,1640098075.59402,0
840.55,4.56,0,0,-7.33,314152,1640098075.61375,0
840.55,4.56,0,0,-7.5,314173,1640098075.63623,0
840.55,4.56,0,0,-7.65,314192,1640098075.65569,0
840.55,4.56,0,0,-7.82,314213,1640098075.67263,0
840.55,4.56,0,0,-7.97,314232,1640098075.69322,0
840.55,4.56,0,0,-8.1,314253,1640098075.7131,0
840.55,4.56,0,0,-8.23,314273,1640098075.73356,0
840.55,4.56,0,0,-8.37,314293,1640098075.75422,0
840.55,4.56,0,0,-8.5,314313,1640098075.77408,0
840.55,4.56,0,0,-8.62,314333,1640098075.79502,0
840.55,4.56,0,0,-8.73,314353,1640098075.81586,0
840.55,4.56,0,0,-8.85,314373,1640098075.83628,0
840.55,4.56,0,0,-8.97,314393,1640098075.85196,0
840.55,4.56,0,0,-9.08,314413,1640098075.87325,0
840.55,4.56,0,0,-9.18,314433,1640098075.89354,0
840.55,4.56,0,0,-9.3,314452,1640098075.91315,0
840.55,4.56,0,0,-9.4,314473,1640098075.93453,0
840.55,4.56,0,0,-9.52,314492,1640098075.95915,0
840.55,4.56,0,0,-9.63,314513,1640098075.9795,0
840.55,4.56,0,0,-9.77,314532,1640098075.99575,0
840.55,4.56,0,0,-9.9,314553,1640098076.015,0
840.55,4.56,0,0,-10.07,314573,1640098076.03201,0
840.55,4.56,0,0,-10.23,314593,1640098076.05295,0
840.55,4.56,0,0,-10.4,314613,1640098076.07268,0
840.55,4.56,0,0,-10.55,314633,1640098076.09398,0
840.55,4.56,0,0,-10.7,314653,1640098076.11424,0
840.55,4.56,0,0,-10.85,314673,1640098076.13475,0
840.55,4.56,0,0,-10.98,314693,1640098076.15534,0
840.55,4.56,0,0,-11.12,314713,1640098076.17583,0
840.55,4.56,0,0,-11.23,314733,1640098076.19671,0
840.55,4.56,0,0,-11.37,314753,1640098076.22345,0
840.55,4.56,0,0,-11.48,314773,1640098076.23409,0
840.55,4.56,0,0,-11.6,314793,1640098076.25391,0
840.55,4.56,0,0,-11.72,314813,1640098076.2744,0
840.55,4.56,0,0,-11.8,314833,1640098076.29479,0
840.55,4.56,0,0,-11.88,314853,1640098076.31489,0
840.55,4.56,0,0,-11.95,314873,1640098076.33997,0
840.55,4.56,0,0,-12.02,314893,1640098076.36001,0
840.55,4.56,0,0,-12.1,314913,1640098076.37574,0
840.55,4.56,0,0,-12.18,314933,1640098076.39284,0
840.55,4.56,0,0,-12.27,314953,1640098076.41317,0
840.55,4.56,0,0,-12.37,314973,1640098076.43348,0
840.55,4.56,0,0,-12.47,314993,1640098076.45429,0
840.55,4.56,0,0,-12.55,315013,1640098076.4792,0
840.55,4.56,0,0,-12.65,315033,1640098076.50053,0
840.55,4.56,0,0,-12.73,315053,1640098076.516,0
840.55,4.56,0,0,-12.82,315073,1640098076.53614,0
840.55,4.56,0,0,-12.92,315092,1640098076.55638,0
840.55,4.56,0,0,-13,315113,1640098076.57332,0
840.55,4.56,0,0,-13.07,315133,1640098076.59418,0
840.55,4.56,0,0,-13.13,315153,1640098076.61359,0
840.55,4.56,0,0,-13.2,315173,1640098076.63401,0
840.55,4.56,0,0,-13.27,315193,1640098076.65427,0
840.55,4.56,0,0,-13.32,315213,1640098076.67568,0
840.55,4.56,0,0,-13.37,315233,1640098076.69599,0
840.55,4.56,0,0,-13.42,315253,1640098076.71628,0
840.55,4.56,0,0,-13.47,315273,1640098076.73648,0
840.55,4.56,0,0,-13.55,315293,1640098076.75371,0
840.55,4.56,0,0,-13.63,315313,1640098076.77397,0
840.55,4.56,0,0,-13.72,315333,1640098076.7948,0
840.55,4.56,0,0,-13.83,315353,1640098076.81435,0
840.55,4.56,0,0,-13.95,315373,1640098076.83478,0
840.55,4.56,0,0,-14.08,315393,1640098076.85577,0
840.55,4.56,0,0,-14.2,315413,1640098076.87639,0
840.55,4.56,0,0,-14.32,315433,1640098076.89645,0
840.55,4.56,0,0,-14.42,315453,1640098076.92431,0
840.55,4.56,0,0,-14.53,315473,1640098076.94097,0
840.55,4.56,0,0,-14.63,315493,1640098076.95415,0
840.55,4.56,0,0,-14.73,315513,1640098076.97514,0
840.55,4.56,0,0,-14.85,315533,1640098076.99553,0
840.55,4.56,0,0,-14.98,315553,1640098077.01564,0
840.55,4.56,0,0,-15.1,315573,1640098077.03581,0
840.55,4.56,0,0,-15.18,315593,1640098077.05638,0
840.55,4.56,0,0,-15.25,315613,1640098077.07659,0
840.55,4.56,0,0,-15.32,315633,1640098077.09732,0
840.55,4.56,0,0,-15.35,315653,1640098077.1142,0
840.55,4.56,0,0,-15.38,315673,1640098077.13968,0
840.55,4.56,0,0,-15.42,315693,1640098077.15823,0
840.55,4.56,0,0,-15.45,315713,1640098077.17677,0
840.55,4.56,0,0,-15.5,315732,1640098077.1955,0
840.55,4.56,0,0,-15.55,315753,1640098077.21568,0
840.55,4.56,0,0,-15.62,315772,1640098077.23671,0
840.55,4.56,0,0,-15.72,315793,1640098077.25709,0
840.55,4.56,0,0,-15.83,315813,1640098077.27802,0
840.55,4.56,0,0,-15.93,315833,1640098077.29841,0
840.55,4.56,0,0,-16.05,315853,1640098077.31434,0
840.55,4.56,0,0,-16.17,315873,1640098077.3346,0
840.55,4.56,0,0,-16.28,315893,1640098077.35518,0
840.55,4.56,0,0,-16.42,315913,1640098077.37606,0
840.55,4.56,0,0,-16.58,315933,1640098077.39688,0
840.55,4.56,0,0,-16.77,315953,1640098077.417,0
840.55,4.56,0,0,-16.95,315973,1640098077.43722,0
840.55,4.56,0,0,-17.12,315993,1640098077.45771,0
840.55,4.56,0,0,-17.23,316013,1640098077.48218,0
840.55,4.56,0,0,-17.33,316034,1640098077.49841,0
840.55,4.56,0,0,-17.42,316053,1640098077.51587,0
840.55,4.56,0,0,-17.5,316072,1640098077.53669,0
840.55,4.56,0,0,-17.6,316093,1640098077.55749,0
840.55,4.56,0,0,-17.73,316113,1640098077.57847,0
840.55,4.56,0,0,-17.88,316133,1640098077.59806,0
840.55,4.56,0,0,-18.07,316153,1640098077.6238,0
840.55,4.56,0,0,-18.25,316173,1640098077.63781,0
840.55,4.56,0,0,-18.43,316193,1640098077.65838,0
840.55,4.56,0,0,-18.6,316213,1640098077.67494,0
840.55,4.56,0,0,-18.75,316233,1640098077.6955,0
840.55,4.56,0,0,-18.88,316253,1640098077.71588,0
840.55,4.56,0,0,-19.02,316273,1640098077.73691,0
840.55,4.56,0,0,-19.13,316293,1640098077.76206,0
840.55,4.56,0,0,-19.25,316313,1640098077.78017,0
840.55,4.56,0,0,-19.38,316333,1640098077.79767,0
840.55,4.56,0,0,-19.5,316353,1640098077.81806,0
840.55,4.56,0,0,-19.6,316372,1640098077.83844,0
840.55,4.56,0,0,-19.7,316393,1640098077.85496,0
840.55,4.56,0,0,-19.8,316413,1640098077.87519,0
840.55,4.56,0,0,-19.88,316433,1640098077.89592,0
840.55,4.56,0,0,-19.95,316452,1640098077.91605,0
840.55,4.56,0,0,-20.03,316473,1640098077.93687,0
840.55,4.56,0,0,-20.1,316493,1640098077.95689,0
840.55,4.56,0,0,-20.17,316513,1640098077.9774,0
840.55,4.56,0,0,-20.23,316533,1640098077.99796,0
840.55,4.56,0,0,-20.32,316553,1640098078.01817,0
840.55,4.56,0,0,-20.4,316573,1640098078.03521,0
840.55,4.56,0,0,-20.47,316593,1640098078.05625,0
840.55,4.56,0,0,-20.55,316613,1640098078.07734,0
840.55,4.56,0,0,-20.65,316633,1640098078.09717,0
840.55,4.56,0,0,-20.73,316653,1640098078.11729,0
840.55,4.56,0,0,-20.82,316673,1640098078.13817,0
840.55,4.56,0,0,-20.9,316693,1640098078.1583,0
840.55,4.56,0,0,-21,316713,1640098078.17892,0
840.55,4.56,0,0,-21.08,316733,1640098078.19857,0
840.55,4.56,0,0,-21.17,316753,1640098078.21524,0
840.55,4.56,0,0,-21.25,316773,1640098078.23744,0
840.55,4.56,0,0,-21.33,316793,1640098078.25746,0
840.55,4.56,0,0,-21.43,316813,1640098078.27909,0
840.55,4.56,0,0,-21.52,316833,1640098078.29847,0
840.55,4.56,0,0,-21.62,316853,1640098078.31894,0
840.55,4.56,0,0,-21.73,316873,1640098078.3443,0
840.55,4.56,0,0,-21.85,316893,1640098078.35937,0
840.55,4.56,0,0,-21.97,316913,1640098078.37974,0
840.55,4.56,0,0,-22.08,316933,1640098078.40009,0
840.55,4.56,0,0,-22.2,316953,1640098078.41635,0
840.55,4.56,0,0,-22.3,316973,1640098078.43676,0
840.55,4.56,0,0,-22.4,316993,1640098078.45744,0
840.55,4.56,0,0,-22.48,317012,1640098078.47863,0
840.55,4.56,0,0,-22.55,317033,1640098078.49812,0
840.55,4.56,0,0,-22.63,317052,1640098078.51828,0
840.55,4.56,0,0,-22.7,317073,1640098078.53993,0
840.55,4.56,0,0,-22.77,317093,1640098078.56048,0
840.55,4.56,0,0,-22.83,317113,1640098078.57588,0
840.55,4.56,0,0,-22.9,317133,1640098078.59659,0
840.55,4.56,0,0,-22.97,317153,1640098078.61714,0
840.55,4.56,0,0,-23.03,317173,1640098078.63743,0
840.55,4.56,0,0,-23.1,317193,1640098078.65752,0
840.55,4.56,0,0,-23.17,317213,1640098078.67866,0
840.55,4.56,0,0,-23.23,317233,1640098078.69954,0
840.55,4.56,0,0,-23.3,317253,1640098078.7288,0
840.55,4.56,0,0,-23.37,317273,1640098078.74049,0
840.55,4.56,0,0,-23.43,317293,1640098078.75609,0
840.55,4.56,0,0,-23.52,317313,1640098078.77642,0
840.55,4.56,0,0,-23.58,317333,1640098078.79793,0
840.55,4.56,0,0,-23.67,317353,1640098078.81748,0
840.55,4.56,0,0,-23.75,317373,1640098078.83761,0
840.55,4.56,0,0,-23.83,317393,1640098078.85835,0
840.55,4.56,0,0,-23.93,317413,1640098078.87954,0
840.55,4.56,0,0,-24.02,317433,1640098078.89993,0
840.55,4.56,0,0,-24.1,317453,1640098078.92079,0
840.55,4.56,0,0,-24.18,317473,1640098078.94132,0
840.55,4.56,0,0,-24.27,317493,1640098078.95676,0
840.55,4.56,0,0,-24.35,317513,1640098078.97791,0
840.55,4.56,0,0,-24.43,317533,1640098078.9976,0
840.55,4.56,0,0,-24.52,317553,1640098079.01898,0
840.55,4.56,0,0,-24.58,317573,1640098079.03919,0
840.55,4.56,0,0,-24.65,317593,1640098079.06007,0
840.55,4.56,0,0,-24.73,317614,1640098079.0805,0
840.55,4.56,0,0,-24.8,317633,1640098079.10068,0
840.55,4.56,0,0,-24.87,317654,1640098079.12058,0
840.55,4.56,0,0,-24.93,317673,1640098079.13721,0
840.55,4.56,0,0,-25,317693,1640098079.15751,0
840.55,4.56,0,0,-25.05,317713,1640098079.17793,0
840.55,4.56,0,0,-25.12,317733,1640098079.19821,0
840.55,4.56,0,0,-25.17,317753,1640098079.21861,0
840.55,4.56,0,0,-25.23,317773,1640098079.239,0
840.55,4.56,0,0,-25.32,317793,1640098079.25974,0
840.55,4.56,0,0,-25.38,317813,1640098079.28609,0
840.55,4.56,0,0,-25.45,317833,1640098079.3061,0
840.55,4.56,0,0,-25.53,317853,1640098079.31731,0
840.55,4.56,0,0,-25.6,317873,1640098079.33688,0
840.55,4.56,0,0,-25.65,317893,1640098079.3582,0
840.55,4.56,0,0,-25.72,317913,1640098079.3782,0
840.55,4.56,0,0,-25.77,317933,1640098079.39938,0
840.55,4.56,0,0,-25.82,317953,1640098079.41901,0
840.55,4.56,0,0,-25.87,317973,1640098079.43967,0
840.55,4.56,0,0,-25.9,317992,1640098079.46098,0
840.55,4.56,0,0,-25.93,318013,1640098079.48142,0
840.55,4.56,0,0,-25.95,318032,1640098079.49692,0
840.55,4.56,0,0,-25.98,318053,1640098079.51825,0
840.55,4.56,0,0,-26.02,318073,1640098079.53844,0
840.55,4.56,0,0,-26.03,318093,1640098079.55868,0
840.55,4.56,0,0,-26.07,318113,1640098079.57975,0
840.55,4.56,0,0,-26.1,318133,1640098079.59977,0
840.55,4.56,0,0,-26.12,318153,1640098079.62087,0
840.55,4.56,0,0,-26.15,318173,1640098079.64126,0
840.55,4.56,0,0,-26.18,318193,1640098079.6705,0
840.55,4.56,0,0,-26.22,318213,1640098079.68027,0
840.55,4.56,0,0,-26.23,318233,1640098079.69841,0
840.55,4.56,0,0,-26.25,318254,1640098079.71859,0
840.55,4.56,0,0,-26.28,318273,1640098079.73894,0
840.55,4.56,0,0,-26.3,318292,1640098079.75937,0
840.55,4.56,0,0,-26.32,318313,1640098079.77992,0
840.55,4.56,0,0,-26.33,318332,1640098079.80123,0
840.55,4.56,0,0,-26.35,318353,1640098079.82152,0
840.55,4.56,0,0,-26.38,318373,1640098079.84198,0
840.55,4.56,0,0,-26.4,318393,1640098079.85877,0
840.55,4.56,0,0,-26.42,318413,1640098079.87809,0
840.55,4.56,0,0,-26.43,318433,1640098079.89921,0
840.55,4.56,0,0,-26.45,318453,1640098079.91925,0
840.55,4.56,0,0,-26.47,318473,1640098079.93994,0
840.55,4.56,0,0,-26.5,318493,1640098079.96053,0
840.55,4.56,0,0,-26.53,318513,1640098079.98114,0
840.55,4.56,0,0,-26.55,318533,1640098080.00203,0
840.55,4.56,0,0,-26.58,318554,1640098080.0224,0
840.55,4.56,0,0,-26.62,318573,1640098080.03817,0
840.55,4.56,0,0,-26.65,318594,1640098080.05835,0
840.55,4.56,0,0,-26.68,318613,1640098080.07943,0
840.55,4.56,0,0,-26.72,318633,1640098080.09947,0
840.55,4.56,0,0,-26.77,318653,1640098080.11971,0
840.55,4.56,0,0,-26.8,318673,1640098080.14133,0
840.55,4.56,0,0,-26.83,318693,1640098080.16199,0
840.55,4.56,0,0,-26.88,318713,1640098080.18263,0
840.55,4.56,0,0,-26.93,318733,1640098080.2021,0
840.55,4.56,0,0,-26.97,318753,1640098080.2274,0
840.55,4.56,0,0,-27,318773,1640098080.24008,0
840.55,4.56,0,0,-27.03,318793,1640098080.25938,0
840.55,4.56,0,0,-27.07,318813,1640098080.27979,0
840.55,4.56,0,0,-27.1,318833,1640098080.30023,0
840.55,4.56,0,0,-27.13,318853,1640098080.32082,0
840.55,4.56,0,0,-27.18,318873,1640098080.34164,0
840.55,4.56,0,0,-27.22,318893,1640098080.36196,0
840.55,4.56,0,0,-27.25,318913,1640098080.38234,0
840.55,4.56,0,0,-27.28,318932,1640098080.39797,0
840.55,4.56,0,0,-27.33,318953,1640098080.41982,0
840.55,4.56,0,0,-27.35,318972,1640098080.43983,0
840.55,4.56,0,0,-27.38,318993,1640098080.45995,0
840.55,4.56,0,0,-27.4,319013,1640098080.48104,0
840.55,4.56,0,0,-27.43,319033,1640098080.50143,0
840.55,4.56,0,0,-27.45,319053,1640098080.52176,0
840.55,4.56,0,0,-27.48,319073,1640098080.54195,0
840.55,4.56,0,0,-27.52,319093,1640098080.56182,0
840.55,4.56,0,0,-27.53,319113,1640098080.57972,0
840.55,4.56,0,0,-27.55,319133,1640098080.5992,0
840.55,4.56,0,0,-27.57,319153,1640098080.61936,0
840.55,4.56,0,0,-27.58,319173,1640098080.64055,0
840.55,4.56,0,0,-27.62,319193,1640098080.67066,0
840.55,4.56,0,0,-27.62,319213,1640098080.68278,0
840.55,4.56,0,0,-27.63,319233,1640098080.70198,0
840.55,4.56,0,0,-27.65,319253,1640098080.72365,0
840.55,4.56,0,0,-27.65,319273,1640098080.74277,0
840.55,4.56,0,0,-27.67,319293,1640098080.75993,0
840.55,4.56,0,0,-27.68,319312,1640098080.78005,0
840.55,4.56,0,0,-27.68,319333,1640098080.80072,0
840.55,4.56,0,0,-27.7,319353,1640098080.8216,0
840.55,4.56,0,0,-27.7,319373,1640098080.84111,0
840.55,4.56,0,0,-27.72,319393,1640098080.86205,0
840.55,4.56,0,0,-27.73,319413,1640098080.88198,0
840.55,4.56,0,0,-27.73,319433,1640098080.90209,0
840.55,4.56,0,0,-27.75,319453,1640098080.92335,0
840.55,4.56,0,0,-27.75,319473,1640098080.93914,0
840.55,4.56,0,0,-27.77,319493,1640098080.96008,0
840.55,4.56,0,0,-27.77,319513,1640098080.98148,0
840.55,4.56,0,0,-27.78,319534,1640098081.00212,0
840.55,4.56,0,0,-27.78,319553,1640098081.0224,0
840.55,4.56,0,0,-27.8,319572,1640098081.04177,0
840.55,4.56,0,0,-27.8,319593,1640098081.06651,0
840.55,4.56,0,0,-27.82,319612,1640098081.08269,0
840.55,4.56,0,0,-27.82,319633,1640098081.10279,0
840.55,4.56,0,0,-27.83,319653,1640098081.11865,0
840.55,4.56,0,0,-27.85,319673,1640098081.13896,0
840.55,4.56,0,0,-27.87,319693,1640098081.16499,0
840.55,4.56,0,0,-27.87,319713,1640098081.18326,0
840.55,4.56,0,0,-27.88,319733,1640098081.20174,0
840.55,4.56,0,0,-27.88,319753,1640098081.22194,0
840.55,4.56,0,0,-27.9,319773,1640098081.2423,0
840.55,4.56,0,0,-27.9,319793,1640098081.263,0
840.55,4.56,0,0,-27.9,319813,1640098081.28301,0
840.55,4.56,0,0,-27.92,319834,1640098081.30451,0
840.55,4.56,0,0,-27.92,319853,1640098081.32071,0
840.55,4.56,0,0,-27.92,319874,1640098081.3409,0
840.55,4.56,0,0,-27.93,319893,1640098081.36153,0
840.55,4.56,0,0,-27.93,319912,1640098081.38164,0
840.55,4.56,0,0,-27.93,319933,1640098081.40204,0
840.55,4.56,0,0,-27.95,319952,1640098081.42228,0
840.55,4.56,0,0,-27.95,319973,1640098081.44283,0
840.55,4.56,0,0,-27.95,319992,1640098081.46358,0
840.55,4.56,0,0,-27.95,320013,1640098081.4802,0
840.55,4.56,0,0,-27.95,320033,1640098081.50069,0
840.55,4.56,0,0,-27.95,320053,1640098081.52176,0
840.55,4.56,0,0,-27.95,320073,1640098081.54192,0
840.55,4.56,0,0,-27.95,320093,1640098081.56201,0
840.55,4.56,0,0,-27.95,320113,1640098081.58269,0
840.55,4.56,0,0,-27.95,320133,1640098081.60305,0
840.55,4.56,0,0,-27.95,320153,1640098081.62338,0
840.55,4.56,0,0,-27.93,320173,1640098081.64357,0
840.55,4.56,0,0,-27.93,320193,1640098081.66426,0
840.55,4.56,0,0,-27.9,320214,1640098081.68061,0
840.55,4.56,0,0,-27.88,320233,1640098081.70578,0
840.55,4.56,0,0,-27.87,320252,1640098081.72179,0
840.55,4.56,0,0,-27.85,320273,1640098081.74116,0
840.55,4.56,0,0,-27.83,320293,1640098081.76258,0
840.55,4.56,0,0,-27.8,320313,1640098081.78998,0
840.55,4.56,0,0,-27.78,320333,1640098081.80601,0
840.55,4.56,0,0,-27.77,320353,1640098081.8242,0
840.55,4.56,0,0,-27.77,320373,1640098081.84087,0
840.55,4.56,0,0,-27.75,320393,1640098081.86016,0
840.55,4.56,0,0,-27.72,320413,1640098081.88173,0
840.55,4.56,0,0,-27.68,320433,1640098081.90144,0
840.55,4.56,0,0,-27.65,320453,1640098081.92234,0
840.55,4.56,0,0,-27.62,320473,1640098081.9424,0
840.55,4.56,0,0,-27.6,320493,1640098081.96251,0
840.55,4.56,0,0,-27.57,320513,1640098081.98379,0
840.55,4.56,0,0,-27.57,320533,1640098082.00382,0
840.55,4.56,0,0,-27.55,320552,1640098082.02061,0
840.55,4.56,0,0,-27.55,320573,1640098082.0412,0
840.55,4.56,0,0,-27.55,320592,1640098082.06169,0
840.55,4.56,0,0,-27.55,320613,1640098082.08185,0
840.55,4.56,0,0,-27.55,320632,1640098082.10225,0
840.55,4.56,0,0,-27.55,320653,1640098082.13129,0
840.55,4.56,0,0,-27.53,320673,1640098082.14473,0
840.55,4.56,0,0,-27.53,320693,1640098082.16424,0
840.55,4.56,0,0,-27.53,320713,1640098082.18474,0
840.55,4.56,0,0,-27.53,320733,1640098082.20461,0
840.55,4.56,0,0,-27.53,320753,1640098082.22169,0
840.55,4.56,0,0,-27.53,320773,1640098082.24148,0
840.55,4.56,0,0,-27.53,320793,1640098082.26228,0
840.55,4.56,0,0,-27.53,320813,1640098082.28652,0
840.55,4.56,0,0,-27.53,320833,1640098082.30475,0
840.55,4.56,0,0,-27.53,320852,1640098082.32383,0
840.55,4.56,0,0,-27.53,320873,1640098082.34388,0
840.55,4.56,0,0,-27.53,320892,1640098082.36421,0
840.55,4.56,0,0,-27.53,320913,1640098082.38449,0
840.55,4.56,0,0,-27.53,320933,1640098082.40107,0
840.55,4.56,0,0,-27.53,320953,1640098082.42207,0
840.55,4.56,0,0.01,-27.53,320973,1640098082.44227,0
840.55,4.56,0,0,-27.53,320993,1640098082.46262,0
840.55,4.56,0,0,-27.53,321013,1640098082.48313,0
840.55,4.56,0,0,-27.53,321033,1640098082.50327,0
840.55,4.56,0,0.01,-27.53,321053,1640098082.52444,0
840.55,4.56,0,0.01,-27.53,321073,1640098082.5512,0
840.55,4.56,0,0,-27.53,321093,1640098082.57256,0
840.55,4.56,0,0,-27.53,321113,1640098082.58206,0
840.55,4.56,0,0,-27.53,321133,1640098082.60181,0
840.55,4.56,0,0.01,-27.53,321153,1640098082.62251,0
840.55,4.56,0,0.01,-27.53,321173,1640098082.64654,0
840.55,4.56,0,0,-27.53,321192,1640098082.66848,0
840.55,4.56,0,0.01,-27.53,321213,1640098082.68459,0
840.55,4.56,0,0,-27.53,321232,1640098082.70487,0
840.55,4.56,0,0.01,-27.53,321253,1640098082.72503,0
840.55,4.56,0,0.01,-27.53,321273,1640098082.74546,0
840.55,4.56,0,0.01,-27.53,321293,1640098082.76115,0
840.55,4.56,0,0.01,-27.53,321313,1640098082.78499,0
840.55,4.56,0,0,-27.53,321333,1640098082.80844,0
840.55,4.56,0,0.01,-27.53,321353,1640098082.8227,0
840.55,4.56,0,0.01,-27.53,321373,1640098082.84497,0
840.55,4.56,0,0.01,-27.53,321393,1640098082.87058,0
840.55,4.56,0,0.01,-27.53,321413,1640098082.88503,0
840.55,4.56,0,0,-27.53,321433,1640098082.90486,0
840.55,4.56,0,0.01,-27.53,321454,1640098082.92513,0
840.55,4.56,0,0.01,-27.53,321473,1640098082.94245,0
840.55,4.56,0,0,-27.53,321492,1640098082.96173,0
840.55,4.56,0,0.01,-27.53,321513,1640098082.98243,0
840.55,4.56,0,0,-27.53,321532,1640098083.00374,0
840.55,4.56,0,0.01,-27.53,321553,1640098083.02398,0
840.55,4.56,0,0.01,-27.53,321573,1640098083.04442,0
840.55,4.56,0,0,-27.53,321593,1640098083.06569,0
840.55,4.56,0,0,-27.53,321613,1640098083.08706,0
840.55,4.56,0,0,-27.53,321633,1640098083.10644,0
840.55,4.56,0,0.01,-27.53,321653,1640098083.122,0
840.55,4.56,0,0.01,-27.53,321673,1640098083.14294,0
840.55,4.56,0,0,-27.53,321693,1640098083.16428,0
840.55,4.56,0,0,-27.53,321713,1640098083.18506,0
840.55,4.56,0,0,-27.53,321733,1640098083.20445,0
840.55,4.56,0,0.01,-27.53,321753,1640098083.22561,0
840.55,4.56,0,0.01,-27.53,321773,1640098083.24561,0
840.55,4.56,0,0,-27.53,321793,1640098083.26588,0
840.55,4.56,0,0,-27.53,321813,1640098083.28689,0
840.55,4.56,0,0,-27.53,321832,1640098083.30295,0
840.55,4.56,0,0.01,-27.53,321853,1640098083.32328,0
840.55,4.56,0,0.01,-27.53,321872,1640098083.34369,0
840.55,4.56,0,0,-27.53,321893,1640098083.36434,0
840.55,4.56,0,0,-27.53,321913,1640098083.38554,0
840.55,4.56,0,0,-27.53,321933,1640098083.40496,0
840.55,4.56,0,0.01,-27.53,321953,1640098083.42602,0
840.55,4.56,0,0.01,-27.53,321973,1640098083.4468,0
840.55,4.56,0,0,-27.53,321993,1640098083.467,0
840.55,4.56,0,0,-27.53,322013,1640098083.487,0
840.55,4.56,0,0,-27.53,322033,1640098083.50361,0
840.55,4.56,0,0.01,-27.53,322053,1640098083.52393,0
840.55,4.56,0,0.01,-27.53,322073,1640098083.54421,0
840.55,4.56,0,0,-27.53,322094,1640098083.56527,0
840.55,4.56,0,0,-27.53,322113,1640098083.5859,0
840.55,4.56,0,0,-27.53,322132,1640098083.61167,0
840.55,4.56,0,0.01,-27.53,322153,1640098083.62598,0
840.55,4.56,0,0.01,-27.53,322172,1640098083.64722,0
840.55,4.56,0,0,-27.53,322193,1640098083.6677,0
840.55,4.56,0,0,-27.53,322213,1640098083.6836,0
840.55,4.56,0,0,-27.53,322233,1640098083.70425,0
840.55,4.56,0,0.01,-27.53,322253,1640098083.72454,0
840.55,4.56,0,0.01,-27.53,322273,1640098083.74535,0
840.55,4.56,0,0,-27.53,322293,1640098083.76544,0
840.55,4.56,0,0,-27.53,322313,1640098083.78542,0
840.55,4.56,0,0,-27.53,322333,1640098083.80651,0
840.55,4.56,0,0.01,-27.53,322353,1640098083.82637,0
840.55,4.56,0,0.01,-27.53,322373,1640098083.84339,0
840.55,4.56,0,0,-27.53,322393,1640098083.86467,0
840.55,4.56,0,0,-27.53,322413,1640098083.88377,0
840.55,4.56,0,0,-27.53,322433,1640098083.90425,0
840.55,4.56,0,0.01,-27.53,322453,1640098083.92474,0
840.55,4.56,0,0.01,-27.53,322473,1640098083.95053,0
840.55,4.56,0,0,-27.53,322493,1640098083.96735,0
840.55,4.56,0,0,-27.53,322513,1640098083.98996,0
840.55,4.56,0,0,-27.53,322533,1640098084.00666,0
840.55,4.56,0,0.01,-27.53,322553,1640098084.02491,0
840.55,4.56,0,0.01,-27.53,322573,1640098084.04471,0
840.55,4.56,0,0,-27.53,322593,1640098084.06432,0
840.55,4.56,0,0,-27.53,322613,1640098084.08536,0
840.55,4.56,0,0,-27.53,322633,1640098084.10533,0
840.55,4.56,0,0,-27.53,322653,1640098084.13057,0
840.55,4.56,0,0.01,-27.53,322673,1640098084.14691,0
840.55,4.56,0,0,-27.53,322693,1640098084.16655,0
840.55,4.56,0,0,-27.53,322713,1640098084.18685,0
840.55,4.56,0,0.01,-27.53,322733,1640098084.20718,0
840.55,4.56,0,0.01,-27.53,322753,1640098084.22384,0
840.55,4.56,0,0,-27.53,322772,1640098084.24415,0
840.55,4.56,0,0,-27.53,322793,1640098084.26956,0
840.55,4.56,0,0,-27.53,322813,1640098084.28701,0
840.55,4.56,0,0.01,-27.53,322833,1640098084.30692,0
840.55,4.56,0,0,-27.53,322852,1640098084.32634,0
840.55,4.56,0,0,-27.52,322873,1640098084.34676,0
840.55,4.56,0,0,-27.52,322893,1640098084.36759,0
840.55,4.56,0,0,-27.52,322913,1640098084.38828,0
840.55,4.56,0,0.01,-27.52,322933,1640098084.40375,0
840.55,4.56,0,0.01,-27.52,322953,1640098084.42414,0
840.55,4.56,0,0,-27.52,322973,1640098084.44474,0
840.55,4.56,0,0,-27.52,322994,1640098084.46504,0
840.55,4.56,0,0,-27.52,323013,1640098084.4859,0
840.55,4.56,0,0.01,-27.52,323034,1640098084.50629,0
840.55,4.56,0,0.01,-27.52,323053,1640098084.53236,0
840.55,4.56,0,0,-27.52,323074,1640098084.5495,0
840.55,4.56,0,0,-27.52,323093,1640098084.56764,0
840.55,4.56,0,0,-27.52,323113,1640098084.58881,0
840.55,4.56,0,0.01,-27.52,323133,1640098084.60449,0
840.55,4.56,0,0.01,-27.52,323153,1640098084.62456,0
840.55,4.56,0,0,-27.52,323173,1640098084.6458,0
840.55,4.56,0,0,-27.52,323193,1640098084.66641,0
840.55,4.56,0,0,-27.52,323213,1640098084.6872,0
840.55,4.56,0,0.01,-27.52,323233,1640098084.7127,0
840.55,4.56,0,0.01,-27.52,323253,1640098084.7276,0
840.55,4.56,0,0,-27.52,323273,1640098084.74839,0
840.55,4.56,0,0,-27.52,323294,1640098084.76943,0
840.55,4.56,0,0,-27.52,323313,1640098084.78571,0
840.55,4.56,0,0.01,-27.52,323334,1640098084.80564,0
840.55,4.56,0,0.01,-27.52,323353,1640098084.82616,0
840.55,4.56,0,0,-27.52,323374,1640098084.85281,0
840.55,4.56,0,0,-27.52,323393,1640098084.86874,0
840.55,4.56,0,0,-27.52,323414,1640098084.88718,0
840.55,4.56,0,0.01,-27.52,323433,1640098084.91236,0
840.55,4.56,0,0.01,-27.52,323453,1640098084.92889,0
840.55,4.56,0,0,-27.52,323473,1640098084.94996,0
840.55,4.56,0,0,-27.52,323493,1640098084.96605,0
840.55,4.56,0,0,-27.52,323513,1640098084.98564,0
840.55,4.56,0,0.01,-27.52,323533,1640098085.0056,0
840.55,4.56,0,0.01,-27.52,323553,1640098085.02596,0
840.55,4.56,0,0,-27.52,323573,1640098085.05219,0
840.55,4.56,0,0,-27.52,323594,1640098085.0709,0
840.55,4.56,0,0,-27.52,323613,1640098085.08742,0
840.55,4.56,0,0.01,-27.52,323634,1640098085.1082,0
840.55,4.56,0,0.01,-27.52,323653,1640098085.12821,0
840.55,4.56,0,0,-27.52,323673,1640098085.14487,0
840.55,4.56,0,0,-27.52,323693,1640098085.16603,0
840.55,4.56,0,0,-27.52,323714,1640098085.1863,0
840.55,4.56,0,0.01,-27.52,323733,1640098085.20675,0
840.55,4.56,0,0.01,-27.52,323753,1640098085.22698,0
840.55,4.56,0,0,-27.52,323773,1640098085.24817,0
840.55,4.56,0,0,-27.52,323793,1640098085.26831,0
840.55,4.56,0,0,-27.52,323813,1640098085.28865,0
840.55,4.56,0,0.01,-27.52,323833,1640098085.31053,0
840.55,4.56,0,0.01,-27.52,323853,1640098085.32527,0
840.55,4.56,0,0,-27.52,323873,1640098085.34646,0
840.55,4.56,0,0,-27.52,323894,1640098085.36902,0
840.55,4.56,0,0,-27.52,323913,1640098085.38977,0
840.55,4.56,0,0.01,-27.52,323934,1640098085.40905,0
840.55,4.56,0,0.01,-27.52,323953,1640098085.42913,0
840.55,4.56,0,0,-27.52,323974,1640098085.44858,0
840.55,4.56,0,0,-27.52,323993,1640098085.46996,0
840.55,4.56,0,0,-27.52,324014,1640098085.49055,0
840.55,4.56,0,0.01,-27.52,324033,1640098085.50622,0
840.55,4.56,0,0.01,-27.52,324054,1640098085.52676,0
840.55,4.56,0,0,-27.52,324073,1640098085.5468,0
840.55,4.56,0,0,-27.52,324093,1640098085.56674,0
840.55,4.56,0,0,-27.52,324113,1640098085.58743,0
840.55,4.56,0,0.01,-27.52,324133,1640098085.62372,0
840.55,4.56,0,0.01,-27.52,324153,1640098085.63896,0
840.55,4.56,0,0,-27.52,324173,1640098085.65282,0
840.55,4.56,0,0,-27.52,324193,1640098085.6736,0
840.55,4.56,0,0,-27.52,324213,1640098085.69072,0
840.55,4.56,0,0.01,-27.52,324233,1640098085.7092,0
840.55,4.56,0,0.01,-27.52,324253,1640098085.72857,0
