761.93,2.89,0,0.01,40.9,468555,1641906694.32119,0
761.93,2.89,0,0.01,40.9,468568,1641906694.3223,0
761.93,2.89,0,0.01,40.9,468580,1641906694.3231,0
761.93,2.89,0,0.01,40.9,468593,1641906694.32389,0
761.93,2.89,0,0.01,40.9,468605,1641906694.32462,0
761.93,2.89,0,0.01,40.9,468618,1641906694.3254,0
761.93,2.89,0,0.01,40.9,468631,1641906694.32668,0
761.93,2.89,0,0.01,40.9,468643,1641906694.36087,0
761.93,2.89,0,0.01,40.9,468657,1641906694.36235,0
761.93,2.89,0,0.01,40.9,468669,1641906694.36401,0
761.93,2.89,0,0.01,40.9,468681,1641906694.39032,0
761.93,2.89,0,0.01,40.9,468695,1641906694.39158,0
761.93,2.89,0,0.01,40.9,468707,1641906694.4111,0
761.93,2.89,0,0.01,40.9,468719,1641906694.41307,0
761.93,2.89,0,0.01,40.9,468731,1641906694.42676,0
761.93,2.89,0,0.01,40.9,468745,1641906694.47511,0
761.93,2.89,0,0.01,40.9,468757,1641906694.47622,0
761.93,2.89,0,0.01,40.9,468769,1641906694.48177,0
761.93,2.89,0,0.01,40.9,468783,1641906694.48306,0
761.93,2.89,0,0.01,40.9,468795,1641906694.49913,0
761.93,2.89,0,0.01,40.9,468807,1641906694.50021,0
761.93,2.89,0,0.01,40.9,468820,1641906694.51246,0
761.93,2.89,0,0.01,40.9,468833,1641906694.52788,0
761.93,2.89,0,0.01,40.9,468845,1641906694.53991,0
761.93,2.89,0,0.01,40.9,468858,1641906694.55535,0
761.93,2.89,0,0.01,40.9,468871,1641906694.56794,0
761.93,2.89,0,0.01,40.9,468883,1641906694.57731,0
761.93,2.89,0,0.01,40.9,468896,1641906694.59055,0
761.93,2.89,0,0.01,40.9,468909,1641906694.60628,0
761.93,2.89,0,0.01,40.9,468921,1641906694.61629,0
761.93,2.89,0,0.01,40.9,468933,1641906694.62575,0
761.93,2.89,0,0.01,40.9,468946,1641906694.63764,0
761.93,2.89,0,0.01,40.9,468959,1641906694.65039,0
761.93,2.89,0,0.01,40.9,468972,1641906694.66252,0
761.93,2.89,0,0.01,40.9,468984,1641906694.67826,0
761.93,2.89,0,0.01,40.9,468997,1641906694.69087,0
761.93,2.89,0,0.01,40.9,469010,1641906694.70274,0
761.93,2.89,0,0.01,40.9,469022,1641906694.71543,0
761.93,2.89,0,0.01,40.9,469035,1641906694.72775,0
761.93,2.89,0,0.01,40.9,469048,1641906694.73943,0
761.93,2.89,0,0.01,40.9,469060,1641906694.75189,0
761.93,2.89,0,0.01,40.9,469072,1641906694.76416,0
761.93,2.89,0,0.01,40.9,469086,1641906694.77644,0
761.93,2.89,0,0.01,40.9,469098,1641906694.78863,0
761.93,2.89,0,0.01,40.9,469110,1641906694.80095,0
761.93,2.89,0,0.01,40.9,469124,1641906694.81679,0
761.93,2.89,0,0.01,40.9,469136,1641906694.83065,0
761.93,2.89,0,0.01,40.9,469148,1641906694.8416,0
761.93,2.89,0,0.01,40.9,469161,1641906694.85396,0
761.93,2.89,0,0.01,40.9,469174,1641906694.86713,0
761.93,2.89,0,0.01,40.9,469186,1641906694.87882,0
761.93,2.89,0,0.01,40.9,469199,1641906694.89112,0
761.93,2.89,0,0.01,40.9,469212,1641906694.9038,0
761.93,2.89,0,0.01,40.9,469224,1641906694.91596,0
761.93,2.89,0,0.01,40.9,469236,1641906694.92867,0
761.93,2.89,0,0.01,40.9,469250,1641906694.9495,0
761.93,2.89,0,0.01,40.9,469262,1641906694.9542,0
761.93,2.89,0,0.01,40.9,469274,1641906694.96922,0
761.93,2.89,0,0.01,40.9,469287,1641906694.98106,0
761.93,2.89,0,0.01,40.9,469300,1641906694.99311,0
761.93,2.89,0,0.01,40.9,469312,1641906695.00753,0
761.93,2.89,0,0.01,40.9,469325,1641906695.01849,0
761.93,2.89,0,0.01,40.9,469338,1641906695.03095,0
761.93,2.89,0,0.01,40.9,469351,1641906695.04239,0
761.93,2.89,0,0.01,40.9,469363,1641906695.05459,0
761.93,2.89,0,0.01,40.9,469376,1641906695.06676,0
761.93,2.89,0,0.01,40.9,469389,1641906695.07916,0
761.93,2.89,0,0.01,40.9,469401,1641906695.09145,0
761.93,2.89,0,0.01,40.9,469413,1641906695.10847,0
761.93,2.89,0,0.01,40.9,469427,1641906695.12788,0
761.93,2.89,0,0.01,40.9,469439,1641906695.1362,0
761.93,2.89,0,0.01,40.9,469451,1641906695.14597,0
761.93,2.89,0,0.01,40.9,469465,1641906695.1604,0
761.93,2.89,0,0.01,40.9,469477,1641906695.17012,0
761.93,2.89,0,0.01,40.9,469489,1641906695.18174,0
761.93,2.89,0,0.01,40.9,469502,1641906695.19458,0
761.93,2.89,0,0.01,40.9,469515,1641906695.20733,0
761.93,2.89,0,0.01,40.9,469527,1641906695.22511,0
761.93,2.89,0,0.01,40.9,469540,1641906695.2381,0
761.93,2.89,0,0.01,40.9,469553,1641906695.2459,0
761.93,2.89,0,0.01,40.9,469565,1641906695.2594,0
761.93,2.89,0,0.01,40.9,469577,1641906695.27184,0
761.93,2.89,0,0.01,40.9,469591,1641906695.28434,0
761.93,2.89,0,0.01,40.9,469603,1641906695.29634,0
761.93,2.89,0,0.01,40.9,469616,1641906695.30882,0
761.93,2.89,0,0.01,40.9,469628,1641906695.32134,0
761.93,2.89,0,0.01,40.9,469641,1641906695.33368,0
761.93,2.89,0,0.01,40.9,469654,1641906695.34582,0
761.93,2.89,0,0.01,40.9,469666,1641906695.35811,0
761.93,2.89,0,0.01,40.9,469679,1641906695.37033,0
761.93,2.89,0,0.01,40.9,469691,1641906695.38292,0
761.93,2.89,0,0.01,40.9,469704,1641906695.39965,0
761.93,2.89,0,0.01,40.9,469716,1641906695.41121,0
761.93,2.89,0,0.01,40.9,469729,1641906695.43445,0
761.93,2.89,0,0.01,40.9,469742,1641906695.43832,0
761.93,2.89,0,0.01,40.9,469754,1641906695.44931,0
761.93,2.89,0,0.01,40.9,469767,1641906695.46156,0
761.93,2.89,0,0.01,40.9,469780,1641906695.47305,0
761.93,2.89,0,0.01,40.9,469792,1641906695.48553,0
761.93,2.89,0,0.01,40.9,469805,1641906695.49747,0
761.93,2.89,0,0.01,40.9,469818,1641906695.50949,0
761.93,2.89,0,0.01,40.9,469830,1641906695.52172,0
761.93,2.89,0,0.01,40.9,469842,1641906695.5342,0
761.93,2.89,0,0.01,40.9,469856,1641906695.55122,0
761.93,2.89,0,0.01,40.9,469868,1641906695.56303,0
761.93,2.89,0,0.01,40.9,469880,1641906695.57518,0
761.93,2.89,0,0.01,40.9,469893,1641906695.58798,0
761.93,2.89,0,0.01,40.9,469905,1641906695.60006,0
761.93,2.89,0,0.01,40.9,469918,1641906695.61267,0
761.93,2.89,0,0.01,40.9,469931,1641906695.63112,0
761.93,2.89,0,0.01,40.9,469943,1641906695.63793,0
761.93,2.89,0,0.01,40.9,469955,1641906695.64907,0
761.93,2.89,0,0.01,40.9,469968,1641906695.66161,0
761.93,2.89,0,0.01,40.9,469981,1641906695.67899,0
761.93,2.89,0,0.01,40.9,469993,1641906695.6871,0
761.93,2.89,0,0.01,40.9,470006,1641906695.70006,0
761.93,2.89,0,0.01,40.9,470019,1641906695.71168,0
761.93,2.89,0,0.01,40.9,470031,1641906695.72937,0
761.93,2.89,0,0.01,40.9,470043,1641906695.73965,0
761.93,2.89,0,0.01,40.9,470056,1641906695.75172,0
761.93,2.89,0,0.01,40.9,470069,1641906695.76404,0
761.93,2.89,0,0.01,40.9,470081,1641906695.7754,0
761.93,2.89,0,0.01,40.9,470093,1641906695.79282,0
761.93,2.89,0,0.01,40.9,470107,1641906695.802,0
761.93,2.89,0,0.01,40.9,470119,1641906695.81406,0
761.93,2.89,0,0.01,40.9,470131,1641906695.82504,0
761.93,2.89,0,0.01,40.9,470144,1641906695.83783,0
761.93,2.89,0,0.01,40.9,470157,1641906695.85385,0
761.93,2.89,0,0.01,40.9,470169,1641906695.86251,0
761.93,2.89,0,0.01,40.9,470181,1641906695.87402,0
761.93,2.89,0,0.01,40.9,470195,1641906695.88635,0
761.93,2.89,0,0.01,40.9,470207,1641906695.89942,0
761.93,2.89,0,0.01,40.9,470219,1641906695.91474,0
761.93,2.89,0,0.01,40.9,470232,1641906695.92771,0
761.93,2.89,0,0.01,40.9,470245,1641906695.94544,0
761.93,2.89,0,0.01,40.9,470257,1641906695.95553,0
761.93,2.89,0,0.01,40.9,470269,1641906695.96693,0
761.93,2.89,0,0.01,40.9,470282,1641906695.97797,0
761.93,2.89,0,0.01,40.9,470295,1641906695.99135,0
761.93,2.89,0,0.01,40.9,470307,1641906696.00208,0
761.93,2.89,0,0.01,40.9,470320,1641906696.01592,0
761.93,2.89,0,0.01,40.9,470332,1641906696.02695,0
761.93,2.89,0,0.01,40.9,470344,1641906696.03814,0
761.93,2.89,0,0.01,40.9,470358,1641906696.05032,0
761.93,2.89,0,0.01,40.9,470370,1641906696.06275,0
761.93,2.89,0,0.01,40.9,470382,1641906696.07488,0
761.93,2.89,0,0.01,40.9,470395,1641906696.09141,0
761.93,2.89,0,0.01,40.9,470408,1641906696.1038,0
761.93,2.89,0,0.01,40.9,470420,1641906696.11621,0
761.93,2.89,0,0.01,40.9,470433,1641906696.12866,0
761.93,2.89,0,0.01,40.9,470446,1641906696.14096,0
761.93,2.89,0,0.01,40.9,470458,1641906696.15223,0
761.93,2.89,0,0.01,40.9,470470,1641906696.16456,0
761.93,2.89,0,0.01,40.9,470483,1641906696.17686,0
761.93,2.89,0,0.01,40.9,470496,1641906696.18997,0
761.93,2.89,0,0.01,40.9,470508,1641906696.20892,0
761.93,2.89,0,0.01,40.9,470520,1641906696.21742,0
761.93,2.89,0,0.01,40.9,470534,1641906696.22706,0
761.93,2.89,0,0.01,40.9,470546,1641906696.23837,0
761.93,2.89,0,0.01,40.9,470558,1641906696.25092,0
761.93,2.89,0,0.01,40.9,470571,1641906696.26372,0
761.93,2.89,0,0.01,40.9,470583,1641906696.2795,0
761.93,2.89,0,0.01,40.9,470596,1641906696.29199,0
761.93,2.89,0,0.01,40.9,470608,1641906696.30368,0
761.93,2.89,0,0.01,40.9,470621,1641906696.31593,0
761.93,2.89,0,0.01,40.9,470634,1641906696.32855,0
761.93,2.89,0,0.01,40.9,470646,1641906696.34064,0
761.93,2.89,0,0.01,40.9,470659,1641906696.36446,0
761.93,2.89,0,0.01,40.9,470672,1641906696.36887,0
761.93,2.89,0,0.01,40.9,470684,1641906696.38131,0
761.93,2.89,0,0.01,40.9,470696,1641906696.39188,0
761.93,2.89,0,0.01,40.9,470709,1641906696.40318,0
761.93,2.89,0,0.01,40.9,470722,1641906696.4148,0
761.93,2.89,0,0.01,40.9,470734,1641906696.42696,0
761.93,2.89,0,0.01,40.9,470747,1641906696.4431,0
761.93,2.89,0,0.01,40.9,470759,1641906696.45532,0
761.93,2.89,0,0.01,40.9,470772,1641906696.46792,0
761.93,2.89,0,0.01,40.9,470785,1641906696.4805,0
761.93,2.89,0,0.01,40.9,470797,1641906696.49347,0
761.93,2.89,0,0.01,40.9,470809,1641906696.50488,0
761.93,2.89,0,0.01,40.9,470821,1641906696.51717,0
761.93,2.89,0,0.01,40.9,470835,1641906696.52982,0
761.93,2.89,0,0.01,40.9,470847,1641906696.54229,0
761.93,2.89,0,0.01,40.9,470859,1641906696.55365,0
761.93,2.89,0,0.01,40.9,470872,1641906696.56623,0
761.93,2.89,0,0.01,40.9,470884,1641906696.58826,0
761.93,2.89,0,0.01,40.9,470897,1641906696.59307,0
761.93,2.89,0,0.01,40.9,470909,1641906696.60397,0
761.93,2.89,0,0.01,40.9,470922,1641906696.61594,0
761.93,2.89,0,0.01,40.9,470934,1641906696.62828,0
761.93,2.89,0,0.01,40.9,470946,1641906696.64077,0
761.93,2.89,0,0.01,40.9,470960,1641906696.65316,0
761.93,2.89,0,0.01,40.9,470972,1641906696.66447,0
761.93,2.89,0,0.01,40.9,470984,1641906696.6814,0
761.93,2.89,0,0.01,40.9,470996,1641906696.69379,0
761.93,2.89,0,0.01,40.9,471009,1641906696.70572,0
761.93,2.89,0,0.01,40.9,471022,1641906696.71792,0
761.93,2.89,0,0.01,40.9,471034,1641906696.73586,0
761.93,2.89,0,0.01,40.9,471047,1641906696.74294,0
761.93,2.89,0,0.01,40.9,471059,1641906696.75567,0
761.93,2.89,0,0.01,40.9,471072,1641906696.76741,0
761.93,2.89,0,0.01,40.9,471085,1641906696.77951,0
761.93,2.89,0,0.01,40.9,471097,1641906696.79169,0
761.93,2.89,0,0.01,40.9,471110,1641906696.80354,0
761.93,2.89,0,0.01,40.9,471122,1641906696.81577,0
761.93,2.89,0,0.01,40.9,471135,1641906696.82918,0
761.93,2.89,0,0.01,40.9,471148,1641906696.84038,0
761.93,2.89,0,0.01,40.9,471160,1641906696.85716,0
761.93,2.89,0,0.01,40.9,471173,1641906696.86954,0
761.93,2.89,0,0.01,40.9,471185,1641906696.88196,0
761.93,2.89,0,0.01,40.9,471198,1641906696.89426,0
761.93,2.89,0,0.01,40.9,471211,1641906696.90676,0
761.93,2.89,0,0.01,40.9,471223,1641906696.91818,0
761.93,2.89,0,0.01,40.9,471235,1641906696.93122,0
761.93,2.89,0,0.01,40.9,471248,1641906696.9435,0
761.93,2.89,0,0.01,40.9,471261,1641906696.96121,0
761.93,2.89,0,0.01,40.9,471273,1641906696.97302,0
761.93,2.89,0,0.01,40.9,471285,1641906696.9818,0
761.93,2.89,0,0.01,40.9,471299,1641906696.99282,0
761.93,2.89,0,0.01,40.9,471311,1641906697.00461,0
761.93,2.89,0,0.01,40.9,471323,1641906697.0212,0
761.93,2.89,0,0.01,40.9,471335,1641906697.03771,0
761.93,2.89,0,0.01,40.9,471349,1641906697.04636,0
761.93,2.89,0,0.01,40.9,471361,1641906697.05821,0
761.93,2.89,0,0.01,40.9,471373,1641906697.07086,0
761.93,2.89,0,0.01,40.9,471387,1641906697.08235,0
761.93,2.89,0,0.01,40.9,471399,1641906697.09481,0
761.93,2.89,0,0.01,40.9,471411,1641906697.10716,0
761.93,2.89,0,0.01,40.9,471424,1641906697.12,0
761.93,2.89,0,0.01,40.9,471436,1641906697.13181,0
761.93,2.89,0,0.01,40.9,471449,1641906697.14403,0
761.93,2.89,0,0.01,40.9,471461,1641906697.15645,0
761.93,2.89,0,0.01,40.9,471474,1641906697.16896,0
761.93,2.89,0,0.01,40.9,471487,1641906697.18145,0
761.93,2.89,0,0.01,40.9,471499,1641906697.19278,0
761.93,2.89,0,0.01,40.9,471512,1641906697.209,0
761.93,2.89,0,0.01,40.9,471525,1641906697.2213,0
761.93,2.89,0,0.01,40.9,471537,1641906697.2338,0
761.93,2.89,0,0.01,40.9,471549,1641906697.24702,0
761.93,2.89,0,0.01,40.9,471563,1641906697.25868,0
761.93,2.89,0,0.01,40.9,471575,1641906697.2715,0
761.93,2.89,0,0.01,40.9,471587,1641906697.29461,0
761.93,2.89,0,0.01,40.9,471601,1641906697.29741,0
761.93,2.89,0,0.01,40.9,471613,1641906697.30822,0
761.93,2.89,0,0.01,40.9,471625,1641906697.3205,0
761.93,2.89,0,0.01,40.9,471638,1641906697.33177,0
761.93,2.89,0,0.01,40.9,471651,1641906697.34456,0
761.93,2.89,0,0.01,40.9,471663,1641906697.36047,0
761.93,2.89,0,0.01,40.9,471675,1641906697.37315,0
761.93,2.89,0,0.01,40.9,471689,1641906697.38548,0
761.93,2.89,0,0.01,40.9,471701,1641906697.39773,0
761.93,2.89,0,0.01,40.9,471713,1641906697.41026,0
761.93,2.89,0,0.01,40.9,471726,1641906697.42275,0
761.93,2.89,0,0.01,40.9,471739,1641906697.43481,0
761.93,2.89,0,0.01,40.9,471751,1641906697.44734,0
761.93,2.89,0,0.01,40.9,471763,1641906697.4593,0
761.93,2.89,0,0.01,40.9,471776,1641906697.4813,0
761.93,2.89,0,0.01,40.9,471789,1641906697.48607,0
761.93,2.89,0,0.01,40.9,471801,1641906697.49674,0
761.93,2.89,0,0.01,40.9,471814,1641906697.5087,0
761.93,2.89,0,0.01,40.9,471826,1641906697.52077,0
761.93,2.89,0,0.01,40.9,471838,1641906697.53362,0
761.93,2.89,0,0.01,40.9,471852,1641906697.55703,0
761.93,2.89,0,0.01,40.9,471864,1641906697.56619,0
761.93,2.89,0,0.01,40.9,471876,1641906697.57433,0
761.93,2.89,0,0.01,40.9,471888,1641906697.58608,0
761.93,2.89,0,0.01,40.9,471902,1641906697.59926,0
761.93,2.89,0,0.01,40.9,471914,1641906697.61089,0
761.93,2.89,0,0.01,40.9,471927,1641906697.62375,0
761.93,2.89,0,0.01,40.9,471940,1641906697.63584,0
761.93,2.89,0,0.01,40.9,471952,1641906697.64813,0
761.93,2.89,0,0.01,40.9,471964,1641906697.66042,0
761.93,2.89,0,0.01,40.9,471977,1641906697.67298,0
761.93,2.89,0,0.01,40.9,471990,1641906697.68426,0
761.93,2.89,0,0.01,40.9,472002,1641906697.69642,0
761.93,2.89,0,0.01,40.9,472014,1641906697.71524,0
761.93,2.89,0,0.01,40.9,472027,1641906697.72816,0
761.93,2.89,0,0.01,40.9,472039,1641906697.73864,0
761.93,2.89,0,0.01,40.9,472052,1641906697.75067,0
761.93,2.89,0,0.01,40.9,472065,1641906697.76316,0
761.93,2.89,0,0.01,40.9,472077,1641906697.77533,0
761.93,2.89,0,0.01,40.9,472090,1641906697.78668,0
761.93,2.89,0,0.01,40.9,472102,1641906697.79896,0
761.93,2.89,0,0.01,40.9,472120,1641906697.81605,0
761.93,2.89,0,0.01,40.9,472140,1641906697.83626,0
761.93,2.89,0,0.01,40.9,472160,1641906697.85696,0
761.93,2.89,0,0.01,40.9,472180,1641906697.87734,0
761.93,2.89,0,0.01,40.9,472200,1641906697.89811,0
761.93,2.89,0,0.01,40.9,472220,1641906697.91893,0
761.93,2.89,0,0.01,40.9,472240,1641906697.93938,0
761.93,2.89,0,0.01,40.9,472260,1641906697.96009,0
761.93,2.89,0,0.01,40.9,472280,1641906697.97606,0
761.93,2.89,0,0.01,40.9,472300,1641906697.99636,0
761.93,2.89,0,0.01,40.9,472321,1641906698.01691,0
761.93,2.89,0,0.01,40.9,472340,1641906698.03738,0
761.93,2.89,0,0.01,40.9,472360,1641906698.05785,0
761.93,2.89,0,0.01,40.9,472380,1641906698.07835,0
761.93,2.89,0,0.01,40.9,472400,1641906698.09932,0
761.93,2.89,0,0.01,40.9,472420,1641906698.11893,0
761.93,2.89,0,0.01,40.9,472440,1641906698.13557,0
761.93,2.89,0,0.01,40.9,472460,1641906698.15578,0
761.93,2.89,0,0.01,40.9,472480,1641906698.17697,0
761.93,2.89,0,0.01,40.9,472500,1641906698.19739,0
761.93,2.89,0,0.01,40.9,472520,1641906698.21768,0
761.93,2.89,0,0.01,40.9,472540,1641906698.23833,0
761.93,2.89,0,0.01,40.9,472560,1641906698.25872,0
761.93,2.89,0,0.01,40.9,472581,1641906698.27892,0
761.93,2.89,0,0.01,40.9,472600,1641906698.29889,0
761.93,2.89,0,0.01,40.9,472621,1641906698.32033,0
761.93,2.89,0,0.01,40.9,472640,1641906698.3408,0
761.93,2.89,0,0.01,40.9,472660,1641906698.36172,0
761.93,2.89,0,0.01,40.9,472680,1641906698.37658,0
761.93,2.89,0,0.01,40.9,472700,1641906698.39741,0
761.93,2.89,0,0.01,40.9,472720,1641906698.41821,0
761.93,2.89,0,0.01,40.9,472740,1641906698.43855,0
761.93,2.89,0,0.01,40.9,472760,1641906698.45911,0
761.93,2.89,0,0.01,40.9,472780,1641906698.47931,0
761.93,2.89,0,0.01,40.9,472800,1641906698.49985,0
761.93,2.89,0,0.01,40.9,472820,1641906698.51665,0
761.93,2.89,0,0.01,40.9,472840,1641906698.53706,0
761.93,2.89,0,0.01,40.9,472860,1641906698.56032,0
761.93,2.89,0,0.01,40.9,472880,1641906698.57874,0
761.93,2.89,0,0.01,40.9,472900,1641906698.59743,0
761.93,2.89,0,0.01,40.9,472920,1641906698.62538,0
761.93,2.89,0,0.01,40.9,472940,1641906698.63953,0
761.93,2.89,0,0.01,40.9,472961,1641906698.65885,0
761.93,2.89,0,0.01,40.9,472980,1641906698.6881,0
761.93,2.89,0,0.01,40.9,473000,1641906698.69686,0
761.93,2.89,0,0.01,40.9,473020,1641906698.71718,0
761.93,2.89,0,0.01,40.9,473040,1641906698.7372,0
761.93,2.89,0,0.01,40.9,473060,1641906698.75864,0
761.93,2.89,0,0.01,40.9,473080,1641906698.77924,0
761.93,2.89,0,0.01,40.9,473100,1641906698.80371,0
761.93,2.89,0,0.01,40.9,473120,1641906698.82009,0
761.93,2.89,0,0.01,40.9,473140,1641906698.8403,0
761.93,2.89,0,0.01,40.9,473160,1641906698.86078,0
761.93,2.89,0,0.01,40.9,473180,1641906698.87669,0
761.93,2.89,0,0.01,40.9,473200,1641906698.8969,0
761.93,2.89,0,0.01,40.9,473220,1641906698.92226,0
761.93,2.89,0,0.01,40.9,473240,1641906698.93989,0
761.93,2.89,0,0.01,40.9,473261,1641906698.95917,0
761.93,2.89,0,0.01,40.9,473280,1641906698.97939,0
761.93,2.89,0,0.01,40.9,473300,1641906699.00108,0
761.93,2.89,0,0.01,40.9,473320,1641906699.02042,0
761.93,2.89,0,0.01,40.9,473340,1641906699.04064,0
761.93,2.89,0,0.01,40.9,473360,1641906699.05771,0
761.93,2.89,0,0.01,40.9,473380,1641906699.07812,0
761.93,2.89,0,0.01,40.9,473400,1641906699.09876,0
761.93,2.89,0,0.01,40.9,473420,1641906699.119,0
761.93,2.89,0,0.01,40.9,473440,1641906699.13943,0
761.93,2.89,0,0.01,40.9,473460,1641906699.16007,0
761.93,2.89,0,0.01,40.9,473480,1641906699.18062,0
761.93,2.89,0,0.01,40.9,473500,1641906699.20814,0
761.93,2.89,0,0.01,40.9,473520,1641906699.22462,0
761.93,2.89,0,0.01,40.9,473540,1641906699.23707,0
761.93,2.89,0,0.01,40.9,473561,1641906699.25744,0
761.93,2.89,0,0.01,40.9,473580,1641906699.28784,0
761.93,2.89,0,0.01,40.9,473601,1641906699.30038,0
761.93,2.89,0,0.01,40.9,473620,1641906699.32832,0
761.93,2.89,0,0.01,40.9,473640,1641906699.34027,0
761.93,2.89,0,0.01,40.9,473660,1641906699.36036,0
761.93,2.89,0,0.01,40.9,473680,1641906699.3812,0
761.93,2.89,0,0.01,40.9,473700,1641906699.40137,0
761.93,2.89,0,0.01,40.9,473720,1641906699.41715,0
761.93,2.89,0,0.01,40.9,473740,1641906699.44702,0
761.93,2.89,0,0.01,40.9,473760,1641906699.46732,0
761.93,2.89,0,0.01,40.9,473780,1641906699.48,0
761.93,2.89,0,0.01,40.9,473800,1641906699.49957,0
761.93,2.89,0,0.01,40.9,473820,1641906699.51987,0
761.93,2.89,0,0.01,40.9,473840,1641906699.54004,0
761.93,2.89,0,0.01,40.9,473861,1641906699.56045,0
761.93,2.89,0,0.01,40.9,473880,1641906699.58098,0
761.93,2.89,0,0.01,40.9,473901,1641906699.59916,0
761.93,2.89,0,0.01,40.9,473920,1641906699.62571,0
761.93,2.89,0,0.01,40.9,473940,1641906699.63976,0
761.93,2.89,0,0.01,40.9,473960,1641906699.66059,0
761.93,2.89,0,0.01,40.9,473980,1641906699.67983,0
761.93,2.89,0,0.01,40.9,474000,1641906699.70137,0
761.93,2.89,0,0.01,40.9,474020,1641906699.72674,0
761.93,2.89,0,0.01,40.9,474040,1641906699.7411,0
761.93,2.89,0,0.01,40.9,474060,1641906699.76169,0
761.93,2.89,0,0.01,40.9,474080,1641906699.77739,0
761.93,2.89,0,0.01,40.9,474100,1641906699.8022,0
761.93,2.89,0,0.01,40.9,474120,1641906699.82004,0
761.93,2.89,0,0.01,40.9,474140,1641906699.83875,0
761.93,2.89,0,0.01,40.9,474160,1641906699.85936,0
761.93,2.89,0,0.01,40.9,474180,1641906699.88077,0
761.93,2.89,0,0.01,40.9,474200,1641906699.90108,0
761.93,2.89,0,0.01,40.9,474220,1641906699.9214,0
761.93,2.89,0,0.01,40.9,474241,1641906699.94187,0
761.93,2.89,0,0.01,40.9,474260,1641906699.96232,0
761.93,2.89,0,0.01,40.9,474280,1641906699.97873,0
761.93,2.89,0,0.01,40.9,474300,1641906699.99918,0
761.93,2.89,0,0.01,40.9,474320,1641906700.01921,0
761.93,2.89,0,0.01,40.9,474340,1641906700.04078,0
761.93,2.89,0,0.01,40.9,474360,1641906700.06051,0
761.93,2.89,0,0.01,40.9,474380,1641906700.0816,0
761.93,2.89,0,0.01,40.9,474400,1641906700.10163,0
761.93,2.89,0,0.01,40.9,474420,1641906700.12279,0
761.93,2.89,0,0.01,40.9,474440,1641906700.14275,0
761.93,2.89,0,0.01,40.9,474460,1641906700.1596,0
761.93,2.89,0,0.01,40.9,474480,1641906700.18025,0
761.93,2.89,0,0.01,40.9,474500,1641906700.20755,0
761.93,2.89,0,0.01,40.9,474520,1641906700.22078,0
761.93,2.89,0,0.01,40.9,474541,1641906700.24336,0
761.93,2.89,0,0.01,40.9,474560,1641906700.26462,0
761.93,2.89,0,0.01,40.9,474580,1641906700.28255,0
761.93,2.89,0,0.01,40.9,474600,1641906700.30278,0
761.93,2.89,0,0.01,40.9,474620,1641906700.32308,0
761.93,2.89,0,0.01,40.9,474640,1641906700.33953,0
761.93,2.89,0,0.01,40.9,474660,1641906700.36014,0
761.93,2.89,0,0.01,40.9,474680,1641906700.38557,0
761.93,2.89,0,0.01,40.9,474700,1641906700.40173,0
761.93,2.89,0,0.01,40.9,474720,1641906700.42144,0
761.93,2.89,0,0.01,40.9,474740,1641906700.44088,0
761.93,2.89,0,0.01,40.9,474760,1641906700.46567,0
761.93,2.89,0,0.01,40.9,474780,1641906700.482,0
761.93,2.89,0,0.01,40.9,474800,1641906700.5031,0
761.93,2.89,0,0.01,40.9,474820,1641906700.51959,0
761.93,2.89,0,0.01,40.9,474841,1641906700.54079,0
761.93,2.89,0,0.01,40.9,474860,1641906700.56147,0
761.93,2.89,0,0.01,40.9,474881,1641906700.58002,0
761.93,2.89,0,0.01,40.9,474900,1641906700.60065,0
761.93,2.89,0,0.01,40.9,474920,1641906700.62148,0
761.93,2.89,0,0.01,40.9,474940,1641906700.64736,0
761.93,2.89,0,0.01,40.9,474960,1641906700.66308,0
761.93,2.89,0,0.01,40.9,474980,1641906700.68327,0
761.93,2.89,0,0.01,40.9,475000,1641906700.69902,0
761.93,2.89,0,0.01,40.9,475020,1641906700.71975,0
761.93,2.89,0,0.01,40.9,475040,1641906700.75008,0
761.93,2.89,0,0.01,40.9,475060,1641906700.76262,0
761.93,2.89,0,0.01,40.9,475080,1641906700.78211,0
761.93,2.89,0,0.01,40.9,475100,1641906700.80173,0
761.93,2.89,0,0.01,40.9,475120,1641906700.82231,0
761.93,2.89,0,0.01,40.9,475140,1641906700.84278,0
761.93,2.89,0,0.01,40.9,475160,1641906700.86384,0
761.93,2.89,0,0.01,40.9,475181,1641906700.87991,0
761.93,2.89,0,0.01,40.9,475200,1641906700.90004,0
761.93,2.89,0,0.01,40.9,475220,1641906700.92069,0
761.93,2.89,0,0.01,40.9,475240,1641906700.94226,0
761.93,2.89,0,0.01,40.9,475260,1641906700.96283,0
761.93,2.89,0,0.01,40.9,475280,1641906700.98314,0
761.93,2.89,0,0.01,40.9,475300,1641906701.0076,0
761.93,2.89,0,0.01,40.9,475320,1641906701.02351,0
761.93,2.89,0,0.01,40.9,475340,1641906701.04421,0
761.93,2.89,0,0.01,40.9,475360,1641906701.06052,0
761.93,2.89,0,0.01,40.9,475380,1641906701.08107,0
761.93,2.89,0,0.01,40.9,475400,1641906701.10059,0
761.93,2.89,0,0.01,40.9,475420,1641906701.12123,0
761.93,2.89,0,0.01,40.9,475440,1641906701.14176,0
761.93,2.89,0,0.01,40.9,475460,1641906701.16315,0
761.93,2.89,0,0.01,40.9,475480,1641906701.18356,0
761.93,2.89,0,0.01,40.9,475500,1641906701.20421,0
761.93,2.89,0,0.01,40.9,475520,1641906701.22344,0
761.93,2.89,0,0.01,40.9,475540,1641906701.24727,0
761.93,2.89,0,0.01,40.9,475560,1641906701.26169,0
761.93,2.89,0,0.01,40.9,475580,1641906701.28112,0
761.93,2.89,0,0.01,40.9,475600,1641906701.30213,0
761.93,2.89,0,0.01,40.9,475620,1641906701.32297,0
761.93,2.89,0,0.01,40.9,475640,1641906701.34335,0
761.93,2.89,0,0.01,40.9,475660,1641906701.36848,0
761.93,2.89,0,0.01,40.9,475680,1641906701.38479,0
761.93,2.89,0,0.01,40.9,475700,1641906701.40389,0
761.93,2.89,0,0.01,40.9,475720,1641906701.42416,0
761.93,2.89,0,0.01,40.9,475740,1641906701.4431,0
761.93,2.89,0,0.01,40.9,475760,1641906701.46179,0
761.93,2.89,0,0.01,40.9,475780,1641906701.48258,0
761.93,2.89,0,0.01,40.9,475800,1641906701.50261,0
761.93,2.89,0,0.01,40.9,475821,1641906701.52294,0
761.93,2.89,0,0.01,40.9,475840,1641906701.54425,0
761.93,2.89,0,0.01,40.9,475860,1641906701.56365,0
761.93,2.89,0,0.01,40.9,475880,1641906701.58399,0
761.93,2.89,0,0.01,40.9,475900,1641906701.60102,0
761.93,2.89,0,0.01,40.9,475920,1641906701.62108,0
761.93,2.89,0,0.01,40.9,475940,1641906701.65141,0
761.93,2.89,0,0.01,40.9,475960,1641906701.66735,0
761.93,2.89,0,0.01,40.9,475980,1641906701.68419,0
761.93,2.89,0,0.01,40.9,476000,1641906701.70219,0
761.93,2.89,0,0.01,40.9,476020,1641906701.73153,0
761.93,2.89,0,0.01,40.9,476040,1641906701.74611,0
761.93,2.89,0,0.01,40.9,476060,1641906701.76397,0
761.93,2.89,0,0.01,40.9,476080,1641906701.7804,0
761.93,2.89,0,0.01,40.9,476100,1641906701.80047,0
761.93,2.89,0,0.01,40.9,476120,1641906701.82828,0
761.93,2.89,0,0.01,40.9,476140,1641906701.84728,0
761.93,2.89,0,0.01,40.9,476160,1641906701.86543,0
761.93,2.89,0,0.01,40.9,476180,1641906701.88392,0
761.93,2.89,0,0.01,40.9,476200,1641906701.90652,0
761.93,2.89,0,0.01,40.9,476220,1641906701.92507,0
761.93,2.89,0,0.01,40.9,476240,1641906701.94525,0
761.93,2.89,0,0.01,40.9,476260,1641906701.96587,0
761.93,2.89,0,0.01,40.9,476280,1641906701.98169,0
761.93,2.89,0,0.01,40.9,476300,1641906702.0031,0
761.93,2.89,0,0.01,40.9,476320,1641906702.02349,0
761.93,2.89,0,0.01,40.9,476340,1641906702.04369,0
761.93,2.89,0,0.01,40.9,476360,1641906702.06416,0
761.93,2.89,0,0.01,40.9,476380,1641906702.08436,0
761.93,2.89,0,0.01,40.9,476400,1641906702.10511,0
761.93,2.89,0,0.01,40.9,476421,1641906702.12527,0
761.93,2.89,0,0.01,40.9,476440,1641906702.14579,0
761.93,2.89,0,0.01,40.9,476461,1641906702.16286,0
761.93,2.89,0,0.01,40.9,476480,1641906702.18195,0
761.93,2.89,0,0.01,40.9,476500,1641906702.2033,0
761.93,2.89,0,0.01,40.9,476520,1641906702.223,0
761.93,2.89,0,0.01,40.9,476540,1641906702.24345,0
761.93,2.89,0,0.01,40.9,476560,1641906702.26402,0
761.93,2.89,0,0.01,40.9,476580,1641906702.28522,0
761.93,2.89,0,0.01,40.9,476600,1641906702.31009,0
761.93,2.89,0,0.01,40.9,476620,1641906702.32637,0
761.93,2.89,0,0.01,40.9,476640,1641906702.3423,0
761.93,2.89,0,0.01,40.9,476660,1641906702.36314,0
761.93,2.89,0,0.01,40.9,476680,1641906702.38309,0
761.93,2.89,0,0.01,40.9,476700,1641906702.40348,0
761.93,2.89,0,0.01,40.9,476720,1641906702.43445,0
761.93,2.89,0,0.01,40.9,476740,1641906702.44494,0
761.93,2.89,0,0.01,40.9,476760,1641906702.46528,0
761.93,2.89,0,0.01,40.9,476780,1641906702.48542,0
761.93,2.89,0,0.01,40.9,476801,1641906702.51705,0
761.93,2.89,0,0.01,40.9,476820,1641906702.5279,0
761.93,2.89,0,0.01,40.9,476840,1641906702.54815,0
761.93,2.89,0,0.01,40.9,476860,1641906702.56367,0
761.93,2.89,0,0.01,40.9,476880,1641906702.58379,0
761.93,2.89,0,0.01,40.9,476900,1641906702.61136,0
761.93,2.89,0,0.01,40.9,476920,1641906702.62563,0
761.93,2.89,0,0.01,40.9,476940,1641906702.64581,0
761.93,2.89,0,0.01,40.9,476960,1641906702.66563,0
761.93,2.89,0,0.01,40.9,476980,1641906702.68624,0
761.93,2.89,0,0.01,40.9,477000,1641906702.70289,0
761.93,2.89,0,0.01,40.9,477020,1641906702.73127,0
761.93,2.89,0,0.01,40.9,477040,1641906702.74894,0
761.93,2.89,0,0.01,40.9,477061,1641906702.76378,0
761.93,2.89,0,0.01,40.9,477080,1641906702.78374,0
761.93,2.89,0,0.01,40.9,477101,1641906702.80386,0
761.93,2.89,0,0.01,40.9,477120,1641906702.82489,0
761.93,2.89,0,0.01,40.9,477140,1641906702.84557,0
761.93,2.89,0,0.01,40.9,477160,1641906702.86539,0
761.93,2.89,0,0.01,40.9,477180,1641906702.88302,0
761.93,2.89,0,0.01,40.9,477200,1641906702.90339,0
761.93,2.89,0,0.01,40.9,477220,1641906702.92346,0
761.93,2.89,0,0.01,40.9,477240,1641906702.94374,0
761.93,2.89,0,0.01,40.9,477260,1641906702.9639,0
761.93,2.89,0,0.01,40.9,477280,1641906702.986,0
761.93,2.89,0,0.01,40.9,477300,1641906703.00644,0
761.93,2.89,0,0.01,40.9,477320,1641906703.02698,0
761.93,2.89,0,0.01,40.9,477340,1641906703.04752,0
761.93,2.89,0,0.01,40.9,477360,1641906703.0639,0
761.93,2.89,0,0.01,40.9,477380,1641906703.08437,0
761.93,2.89,0,0.01,40.9,477400,1641906703.10967,0
761.93,2.89,0,0.01,40.9,477420,1641906703.12461,0
761.93,2.89,0,0.01,40.9,477441,1641906703.14475,0
761.93,2.89,0,0.01,40.9,477460,1641906703.16523,0
761.93,2.89,0,0.01,40.9,477480,1641906703.1919,0
761.93,2.89,0,0.01,40.9,477500,1641906703.20858,0
761.93,2.89,0,0.01,40.9,477520,1641906703.22627,0
761.93,2.89,0,0.01,40.9,477540,1641906703.24298,0
761.93,2.89,0,0.01,40.9,477560,1641906703.2632,0
761.93,2.89,0,0.01,40.9,477580,1641906703.2838,0
761.93,2.89,0,0.01,40.9,477600,1641906703.304,0
761.93,2.89,0,0.01,40.9,477620,1641906703.32556,0
761.93,2.89,0,0.01,40.9,477640,1641906703.34604,0
761.93,2.89,0,0.01,40.9,477660,1641906703.3663,0
761.93,2.89,0,0.01,40.9,477680,1641906703.38643,0
761.93,2.89,0,0.01,40.9,477700,1641906703.40625,0
761.93,2.89,0,0.01,40.9,477720,1641906703.42741,0
761.93,2.89,0,0.01,40.9,477740,1641906703.44426,0
761.93,2.89,0,0.01,40.9,477760,1641906703.46429,0
761.93,2.89,0,0.01,40.9,477780,1641906703.48437,0
761.93,2.89,0,0.01,40.9,477800,1641906703.50577,0
761.93,2.89,0,0.01,40.9,477820,1641906703.52619,0
761.93,2.89,0,0.01,40.9,477840,1641906703.54676,0
761.93,2.89,0,0.01,40.9,477860,1641906703.56641,0
761.93,2.89,0,0.01,40.9,477880,1641906703.5874,0
761.93,2.89,0,0.01,40.9,477900,1641906703.60411,0
761.93,2.89,0,0.01,40.9,477920,1641906703.62428,0
761.93,2.89,0,0.01,40.9,477940,1641906703.64361,0
761.93,2.89,0,0.01,40.9,477960,1641906703.66485,0
761.93,2.89,0,0.01,40.9,477980,1641906703.68475,0
761.93,2.89,0,0.01,40.9,478000,1641906703.70506,0
761.93,2.89,0,0.01,40.9,478020,1641906703.72625,0
761.93,2.89,0,0.01,40.9,478041,1641906703.74661,0
761.93,2.89,0,0.01,40.9,478060,1641906703.76668,0
761.93,2.89,0,0.01,40.9,478080,1641906703.78386,0
761.93,2.89,0,0.01,40.9,478100,1641906703.80398,0
761.93,2.89,0,0.01,40.9,478120,1641906703.8247,0
761.93,2.89,0,0.01,40.9,478140,1641906703.84543,0
761.93,2.89,0,0.01,40.9,478160,1641906703.87005,0
761.93,2.89,0,0.01,40.9,478180,1641906703.8868,0
761.93,2.89,0,0.01,40.9,478200,1641906703.90628,0
761.93,2.89,0,0.01,40.9,478220,1641906703.92622,0
761.93,2.89,0,0.01,40.9,478240,1641906703.94725,0
761.93,2.89,0,0.01,40.9,478260,1641906703.97208,0
761.93,2.89,0,0.01,40.9,478280,1641906703.98965,0
761.93,2.89,0,0.01,40.9,478301,1641906704.00468,0
761.93,2.89,0,0.01,40.9,478320,1641906704.02532,0
761.93,2.89,0,0.01,40.9,478340,1641906704.04568,0
761.93,2.89,0,0.01,40.9,478360,1641906704.07008,0
761.93,2.89,0,0.01,40.9,478381,1641906704.08928,0
761.93,2.89,0,0.01,40.9,478400,1641906704.10699,0
761.93,2.89,0,0.01,40.9,478419,1641906704.1335,0
761.93,2.89,0,0.01,40.9,478440,1641906704.14729,0
761.93,2.89,0,0.01,40.9,478460,1641906704.1654,0
761.93,2.89,0,0.01,40.9,478480,1641906704.18557,0
761.93,2.89,0,0.01,40.9,478500,1641906704.20608,0
761.93,2.89,0,0.01,40.9,478520,1641906704.22631,0
761.93,2.89,0,0.01,40.9,478540,1641906704.24749,0
761.93,2.89,0,0.01,40.9,478560,1641906704.26734,0
761.93,2.89,0,0.01,40.9,478580,1641906704.2922,0
761.93,2.89,0,0.01,40.9,478600,1641906704.30788,0
761.93,2.89,0,0.01,40.9,478620,1641906704.32827,0
761.93,2.89,0,0.01,40.9,478640,1641906704.34519,0
761.93,2.89,0,0.01,40.9,478660,1641906704.3651,0
761.93,2.89,0,0.01,40.9,478680,1641906704.38642,0
761.93,2.89,0,0.01,40.9,478700,1641906704.40687,0
761.93,2.89,0,0.01,40.9,478720,1641906704.42699,0
761.93,2.89,0,0.01,40.9,478740,1641906704.44828,0
761.93,2.89,0,0.01,40.9,478760,1641906704.47171,0
761.93,2.89,0,0.01,40.9,478780,1641906704.48801,0
761.93,2.89,0,0.01,40.9,478800,1641906704.514,0
761.93,2.89,0,0.01,40.9,478820,1641906704.52682,0
761.93,2.89,0,0.01,40.9,478840,1641906704.54593,0
761.93,2.89,0,0.01,40.9,478860,1641906704.57023,0
761.93,2.89,0,0.01,40.9,478880,1641906704.58804,0
761.93,2.89,0,0.01,40.9,478900,1641906704.60785,0
761.93,2.89,0,0.01,40.9,478920,1641906704.62787,0
761.93,2.89,0,0.01,40.9,478940,1641906704.64733,0
761.93,2.89,0,0.01,40.9,478960,1641906704.66822,0
761.93,2.89,0,0.01,40.9,478980,1641906704.68533,0
761.93,2.89,0,0.01,40.9,479000,1641906704.71682,0
761.93,2.89,0,0.01,40.9,479021,1641906704.72799,0
761.93,2.89,0,0.01,40.9,479040,1641906704.74661,0
761.93,2.89,0,0.01,40.9,479060,1641906704.76645,0
761.93,2.89,0,0.01,40.9,479080,1641906704.78683,0
761.93,2.89,0,0.01,40.9,479100,1641906704.80778,0
761.93,2.89,0,0.01,40.9,479120,1641906704.83518,0
761.93,2.89,0,0.01,40.9,479140,1641906704.84912,0
761.93,2.89,0,0.01,40.9,479160,1641906704.86902,0
761.93,2.89,0,0.01,40.9,479180,1641906704.88612,0
761.93,2.89,0,0.01,40.9,479200,1641906704.90587,0
761.93,2.89,0,0.01,40.9,479220,1641906704.93155,0
761.93,2.89,0,0.01,40.9,479240,1641906704.94669,0
761.93,2.89,0,0.01,40.9,479260,1641906704.96785,0
761.93,2.89,0,0.01,40.9,479280,1641906704.9872,0
761.93,2.89,0,0.01,40.9,479300,1641906705.00901,0
761.93,2.89,0,0.01,40.9,479320,1641906705.03579,0
761.93,2.89,0,0.01,40.9,479340,1641906705.04903,0
761.93,2.89,0,0.01,40.9,479360,1641906705.06625,0
761.93,2.89,0,0.01,40.9,479380,1641906705.08636,0
761.93,2.89,0,0.01,40.9,479400,1641906705.115,0
761.93,2.89,0,0.01,40.9,479420,1641906705.12809,0
761.93,2.89,0,0.01,40.9,479440,1641906705.14749,0
761.93,2.89,0,0.01,40.9,479460,1641906705.16752,0
761.93,2.89,0,0.01,40.9,479480,1641906705.18821,0
761.93,2.89,0,0.01,40.9,479500,1641906705.20837,0
761.93,2.89,0,0.01,40.9,479520,1641906705.22916,0
761.93,2.89,0,0.01,40.9,479540,1641906705.24715,0
761.93,2.89,0,0.01,40.9,479560,1641906705.2758,0
761.93,2.89,0,0.01,40.9,479580,1641906705.28989,0
761.93,2.89,0,0.01,40.9,479600,1641906705.30709,0
761.93,2.89,0,0.01,40.9,479620,1641906705.32738,0
761.93,2.89,0,0.01,40.9,479640,1641906705.34756,0
761.93,2.89,0,0.01,40.9,479661,1641906705.36822,0
761.93,2.89,0,0.01,40.9,479680,1641906705.3887,0
761.93,2.89,0,0.01,40.9,479700,1641906705.40951,0
761.93,2.89,0,0.01,40.9,479720,1641906705.4289,0
761.93,2.89,0,0.01,40.9,479740,1641906705.44933,0
761.93,2.89,0,0.01,40.9,479760,1641906705.47013,0
761.93,2.89,0,0.01,40.9,479780,1641906705.48993,0
761.93,2.89,0,0.01,40.9,479800,1641906705.51057,0
761.93,2.89,0,0.01,40.9,479820,1641906705.53167,0
761.93,2.89,0,0.01,40.9,479840,1641906705.55399,0
761.93,2.89,0,0.01,40.9,479860,1641906705.56967,0
761.93,2.89,0,0.01,40.9,479880,1641906705.5903,0
761.93,2.89,0,0.01,40.9,479900,1641906705.61007,0
761.93,2.89,0,0.01,40.9,479920,1641906705.62811,0
761.93,2.89,0,0.01,40.9,479940,1641906705.64982,0
761.93,2.89,0,0.01,40.9,479961,1641906705.67017,0
761.93,2.89,0,0.01,40.9,479980,1641906705.69013,0
761.93,2.89,0,0.01,40.9,480001,1641906705.70924,0
761.93,2.89,0,0.01,40.9,480020,1641906705.72894,0
761.93,2.89,0,0.01,40.9,480040,1641906705.7502,0
761.93,2.89,0,0.01,40.9,480060,1641906705.76959,0
761.93,2.89,0,0.01,40.9,480080,1641906705.78628,0
761.93,2.89,0,0.01,40.9,480100,1641906705.81694,0
761.93,2.89,0,0.01,40.9,480120,1641906705.83108,0
761.93,2.89,0,0.01,40.9,480140,1641906705.84829,0
761.93,2.89,0,0.01,40.9,480160,1641906705.86843,0
761.93,2.89,0,0.01,40.9,480180,1641906705.88857,0
761.93,2.89,0,0.01,40.9,480200,1641906705.9088,0
761.93,2.89,0,0.01,40.9,480220,1641906705.93033,0
761.93,2.89,0,0.01,40.9,480240,1641906705.95006,0
761.93,2.89,0,0.01,40.9,480260,1641906705.96704,0
761.93,2.89,0,0.01,40.9,480280,1641906705.98773,0
761.93,2.89,0,0.01,40.9,480300,1641906706.0184,0
761.93,2.89,0,0.01,40.9,480320,1641906706.02906,0
761.93,2.89,0,0.01,40.9,480339,1641906706.04918,0
761.93,2.89,0,0.01,40.9,480360,1641906706.06963,0
761.93,2.89,0,0.01,40.9,480380,1641906706.09098,0
761.93,2.89,0,0.01,40.9,480400,1641906706.11014,0
761.93,2.89,0,0.01,40.9,480420,1641906706.13061,0
761.93,2.89,0,0.01,40.9,480440,1641906706.1476,0
761.93,2.89,0,0.01,40.9,480460,1641906706.16792,0
761.93,2.89,0,0.01,40.9,480480,1641906706.19005,0
761.93,2.89,0,0.01,40.9,480500,1641906706.21113,0
761.93,2.89,0,0.01,40.9,480520,1641906706.2294,0
761.93,2.89,0,0.01,40.9,480540,1641906706.2496,0
761.93,2.89,0,0.01,40.9,480560,1641906706.26977,0
761.93,2.89,0,0.01,40.9,480580,1641906706.28989,0
761.93,2.89,0,0.01,40.9,480600,1641906706.3157,0
761.93,2.89,0,0.01,40.9,480620,1641906706.33073,0
761.93,2.89,0,0.01,40.9,480640,1641906706.34804,0
761.93,2.89,0,0.01,40.9,480660,1641906706.36741,0
761.93,2.89,0,0.01,40.9,480680,1641906706.38869,0
761.93,2.89,0,0.01,40.9,480700,1641906706.41509,0
761.93,2.89,0,0.01,40.9,480720,1641906706.43119,0
761.93,2.89,0,0.01,40.9,480740,1641906706.45025,0
761.93,2.89,0,0.01,40.9,480760,1641906706.47169,0
761.93,2.89,0,0.01,40.9,480780,1641906706.49305,0
761.93,2.89,0,0.01,40.9,480800,1641906706.50876,0
761.93,2.89,0,0.01,40.9,480820,1641906706.53674,0
761.93,2.89,0,0.01,40.9,480840,1641906706.54958,0
761.93,2.89,0,0.01,40.9,480860,1641906706.56914,0
761.93,2.89,0,0.01,40.9,480880,1641906706.58973,0
761.93,2.89,0,0.01,40.9,480900,1641906706.60949,0
761.93,2.89,0,0.01,40.9,480920,1641906706.63588,0
761.93,2.89,0,0.01,40.9,480941,1641906706.65141,0
761.93,2.89,0,0.01,40.9,480960,1641906706.67101,0
761.93,2.89,0,0.01,40.9,480979,1641906706.6879,0
761.93,2.89,0,0.01,40.9,481000,1641906706.70796,0
761.93,2.89,0,0.01,40.9,481020,1641906706.72848,0
761.93,2.89,0,0.01,40.9,481040,1641906706.74858,0
761.93,2.89,0,0.01,40.9,481060,1641906706.77518,0
761.93,2.89,0,0.01,40.9,481080,1641906706.79014,0
761.93,2.89,0,0.01,40.9,481100,1641906706.81037,0
761.93,2.89,0,0.01,40.9,481120,1641906706.83153,0
761.93,2.89,0,0.01,40.9,481140,1641906706.85094,0
761.93,2.89,0,0.01,40.9,481160,1641906706.87196,0
761.93,2.89,0,0.01,40.9,481180,1641906706.88875,0
761.93,2.89,0,0.01,40.9,481200,1641906706.90961,0
761.93,2.89,0,0.01,40.9,481220,1641906706.93064,0
761.93,2.89,0,0.01,40.9,481241,1641906706.94987,0
761.93,2.89,0,0.01,40.9,481260,1641906706.96978,0
761.93,2.89,0,0.01,40.9,481280,1641906706.99097,0
761.93,2.89,0,0.01,40.9,481300,1641906707.01137,0
761.93,2.89,0,0.01,40.9,481320,1641906707.03222,0
761.93,2.89,0,0.01,40.9,481340,1641906707.05883,0
761.93,2.89,0,0.01,40.9,481360,1641906707.07099,0
761.93,2.89,0,0.01,40.9,481380,1641906707.09054,0
761.93,2.89,0,0.01,40.9,481400,1641906707.11016,0
761.93,2.89,0,0.01,40.9,481420,1641906707.13055,0
761.93,2.89,0,0.01,40.9,481440,1641906707.15152,0
761.93,2.89,0,0.01,40.9,481460,1641906707.17126,0
761.93,2.89,0,0.01,40.9,481480,1641906707.19203,0
761.93,2.89,0,0.01,40.9,481500,1641906707.21235,0
761.93,2.89,0,0.01,40.9,481520,1641906707.23969,0
761.93,2.89,0,0.01,40.9,481540,1641906707.25043,0
761.93,2.89,0,0.01,40.9,481560,1641906707.27453,0
761.93,2.89,0,0.01,40.9,481580,1641906707.29068,0
761.93,2.89,0,0.01,40.9,481600,1641906707.31004,0
761.93,2.89,0,0.01,40.9,481619,1641906707.33242,0
761.93,2.89,0,0.01,40.9,481640,1641906707.35166,0
761.93,2.89,0,0.01,40.9,481660,1641906707.37214,0
761.93,2.89,0,0.01,40.9,481680,1641906707.39265,0
761.93,2.89,0,0.01,40.9,481700,1641906707.41328,0
761.93,2.89,0,0.01,40.9,481720,1641906707.42896,0
761.93,2.89,0,0.01,40.9,481740,1641906707.44924,0
761.93,2.89,0,0.01,40.9,481760,1641906707.47885,0
761.93,2.89,0,0.01,40.9,481780,1641906707.49154,0
761.93,2.89,0,0.01,40.9,481800,1641906707.51056,0
761.93,2.89,0,0.01,40.9,481820,1641906707.53116,0
761.93,2.89,0,0.01,40.9,481840,1641906707.55241,0
761.93,2.89,0,0.01,40.9,481860,1641906707.57298,0
761.93,2.89,0,0.01,40.9,481880,1641906707.59335,0
761.93,2.89,0,0.01,40.9,481900,1641906707.60866,0
761.93,2.89,0,0.01,40.9,481921,1641906707.63049,0
761.93,2.89,0,0.01,40.9,481940,1641906707.65816,0
761.93,2.89,0,0.01,40.9,481960,1641906707.67158,0
761.93,2.89,0,0.01,40.9,481980,1641906707.69186,0
761.93,2.89,0,0.01,40.9,482000,1641906707.71084,0
761.93,2.89,0,0.01,40.9,482020,1641906707.73219,0
761.93,2.89,0,0.01,40.9,482040,1641906707.75239,0
761.93,2.89,0,0.01,40.9,482060,1641906707.77254,0
761.93,2.89,0,0.01,40.9,482080,1641906707.78949,0
761.93,2.89,0,0.01,40.9,482100,1641906707.81256,0
761.93,2.89,0,0.01,40.9,482120,1641906707.84342,0
761.93,2.89,0,0.01,40.9,482140,1641906707.85469,0
761.93,2.89,0,0.01,40.9,482160,1641906707.87189,0
761.93,2.89,0,0.01,40.9,482181,1641906707.89313,0
761.93,2.89,0,0.01,40.9,482200,1641906707.91526,0
761.93,2.89,0,0.01,40.9,482221,1641906707.93316,0
761.93,2.89,0,0.01,40.9,482240,1641906707.95319,0
761.93,2.89,0,0.01,40.9,482260,1641906707.97352,0
761.93,2.89,0,0.01,40.9,482280,1641906707.99058,0
761.93,2.89,0,0.01,40.9,482300,1641906708.01128,0
761.93,2.89,0,0.01,40.9,482320,1641906708.03138,0
761.93,2.89,0,0.01,40.9,482340,1641906708.05122,0
761.93,2.89,0,0.01,40.9,482360,1641906708.07182,0
761.93,2.89,0,0.01,40.9,482380,1641906708.09195,0
761.93,2.89,0,0.01,40.9,482400,1641906708.11379,0
761.93,2.89,0,0.01,40.9,482420,1641906708.13373,0
761.93,2.89,0,0.01,40.9,482440,1641906708.14947,0
761.93,2.89,0,0.01,40.9,482460,1641906708.16998,0
761.93,2.89,0,0.01,40.9,482480,1641906708.19108,0
761.93,2.89,0,0.01,40.9,482500,1641906708.21546,0
761.93,2.89,0,0.01,40.9,482520,1641906708.23745,0
761.93,2.89,0,0.01,40.9,482540,1641906708.25228,0
761.93,2.89,0,0.01,40.9,482560,1641906708.27308,0
761.93,2.89,0,0.01,40.9,482580,1641906708.29347,0
761.93,2.89,0,0.01,40.9,482600,1641906708.31504,0
761.93,2.89,0,0.01,40.9,482620,1641906708.33089,0
761.93,2.89,0,0.01,40.9,482640,1641906708.35073,0
761.93,2.89,0,0.01,40.9,482660,1641906708.37133,0
761.93,2.89,0,0.01,40.9,482680,1641906708.39586,0
761.93,2.89,0,0.01,40.9,482700,1641906708.41378,0
761.93,2.89,0,0.01,40.9,482720,1641906708.43189,0
761.93,2.89,0,0.01,40.9,482741,1641906708.45717,0
761.93,2.89,0,0.01,40.9,482760,1641906708.47551,0
761.93,2.89,0,0.01,40.9,482780,1641906708.49387,0
761.93,2.89,0,0.01,40.9,482800,1641906708.51459,0
761.93,2.89,0,0.01,40.9,482821,1641906708.53039,0
761.93,2.89,0,0.01,40.9,482840,1641906708.5506,0
761.93,2.89,0,0.01,40.9,482860,1641906708.57228,0
761.93,2.89,0,0.01,40.9,482880,1641906708.59318,0
761.93,2.89,0,0.01,40.9,482900,1641906708.61447,0
761.93,2.89,0,0.01,40.9,482920,1641906708.63446,0
761.93,2.89,0,0.01,40.9,482940,1641906708.65485,0
761.93,2.89,0,0.01,40.9,482960,1641906708.67498,0
761.93,2.89,0,0.01,40.9,482980,1641906708.69606,0
761.93,2.89,0,0.01,40.9,483000,1641906708.71092,0
761.93,2.89,0,0,40.9,483020,1641906708.74088,0
761.93,2.89,0,0,40.9,483040,1641906708.7528,0
761.93,2.89,0,0,40.9,483060,1641906708.77436,0
761.93,2.89,0,0,40.9,483080,1641906708.79337,0
761.93,2.89,0,0.01,40.9,483100,1641906708.81369,0
761.93,2.89,0,0,40.9,483120,1641906708.83339,0
761.93,2.89,0,0,40.9,483140,1641906708.85507,0
761.93,2.89,0,0,40.9,483160,1641906708.87069,0
761.93,2.89,0,0,40.9,483180,1641906708.89114,0
761.93,2.89,0,0.01,40.9,483200,1641906708.91155,0
761.93,2.89,0,0,40.9,483220,1641906708.93184,0
761.93,2.89,0,0,40.9,483240,1641906708.95684,0
761.93,2.89,0,0,40.9,483260,1641906708.97624,0
761.93,2.89,0,0,40.9,483279,1641906708.99328,0
761.93,2.89,0,0.01,40.9,483300,1641906709.0141,0
761.93,2.89,0,0,40.9,483320,1641906709.0344,0
761.93,2.89,0,0,40.9,483340,1641906709.05512,0
761.93,2.89,0,0,40.9,483360,1641906709.07101,0
761.93,2.89,0,0,40.9,483380,1641906709.09205,0
761.93,2.89,0,0.01,40.9,483400,1641906709.11261,0
761.93,2.89,0,0,40.9,483420,1641906709.13308,0
761.93,2.89,0,0,40.9,483440,1641906709.15361,0
761.93,2.89,0,0,40.9,483460,1641906709.17423,0
761.93,2.89,0,0.01,40.9,483480,1641906709.19454,0
761.93,2.89,0,0.01,40.9,483500,1641906709.21545,0
761.93,2.89,0,0,40.9,483520,1641906709.23563,0
761.93,2.89,0,0,40.9,483540,1641906709.2516,0
761.93,2.89,0,0,40.9,483560,1641906709.27182,0
761.93,2.89,0,0.01,40.9,483580,1641906709.29921,0
761.93,2.89,0,0.01,40.9,483600,1641906709.31526,0
761.93,2.89,0,0,40.9,483620,1641906709.33335,0
761.93,2.89,0,0,40.9,483640,1641906709.35386,0
761.93,2.89,0,0,40.9,483660,1641906709.3742,0
761.93,2.89,0,0.01,40.9,483680,1641906709.40389,0
761.93,2.89,0,0.01,40.9,483700,1641906709.41929,0
761.93,2.89,0,0.01,40.9,483720,1641906709.43152,0
761.93,2.89,0,0,40.9,483740,1641906709.45175,0
761.93,2.89,0,0.01,40.9,483760,1641906709.47294,0
761.93,2.89,0,0.01,40.9,483780,1641906709.49384,0
761.93,2.89,0,0.01,40.9,483800,1641906709.51905,0
761.93,2.89,0,0.01,40.9,483820,1641906709.53393,0
761.93,2.89,0,0.01,40.9,483840,1641906709.55398,0
761.93,2.89,0,0.01,40.9,483860,1641906709.57431,0
761.93,2.89,0,0.01,40.9,483880,1641906709.59526,0
761.93,2.89,0,0.01,40.9,483900,1641906709.61189,0
761.93,2.89,0,0.01,40.9,483920,1641906709.63261,0
761.93,2.89,0,0.01,40.9,483940,1641906709.65292,0
761.93,2.89,0,0.01,40.9,483960,1641906709.67308,0
761.93,2.89,0,0.01,40.9,483980,1641906709.69387,0
761.93,2.89,0,0.01,40.9,484000,1641906709.71433,0
761.93,2.89,0,0.01,40.9,484020,1641906709.74063,0
761.93,2.89,0,0.01,40.9,484040,1641906709.75885,0
761.93,2.89,0,0.01,40.9,484060,1641906709.77649,0
761.93,2.89,0,0.01,40.9,484080,1641906709.79279,0
761.93,2.89,0,0.01,40.9,484100,1641906709.81377,0
761.93,2.89,0,0.01,40.9,484120,1641906709.84327,0
761.93,2.89,0,0.01,40.9,484140,1641906709.85694,0
761.93,2.89,0,0.01,40.9,484160,1641906709.87444,0
761.93,2.89,0,0.01,40.9,484180,1641906709.90153,0
761.93,2.89,0,0.01,40.9,484200,1641906709.91799,0
761.93,2.89,0,0.01,40.9,484220,1641906709.93684,0
761.93,2.89,0,0.01,40.9,484240,1641906709.95633,0
761.93,2.89,0,0.01,40.9,484260,1641906709.97362,0
761.93,2.89,0,0.01,40.9,484280,1641906709.99377,0
761.93,2.89,0,0.01,40.9,484300,1641906710.01419,0
761.93,2.89,0,0.01,40.9,484321,1641906710.03517,0
761.93,2.89,0,0.01,40.9,484340,1641906710.05576,0
761.93,2.89,0,0.01,40.9,484360,1641906710.07627,0
761.93,2.89,0,0.01,40.9,484380,1641906710.09649,0
761.93,2.89,0,0.01,40.9,484400,1641906710.1168,0
761.93,2.89,0,0.01,40.9,484420,1641906710.13653,0
761.93,2.89,0,0.01,40.9,484440,1641906710.15217,0
761.93,2.89,0,0.01,40.9,484460,1641906710.17262,0
761.93,2.89,0,0.01,40.9,484480,1641906710.19435,0
761.93,2.89,0,0.01,40.9,484500,1641906710.21494,0
761.93,2.89,0,0.01,40.9,484520,1641906710.23499,0
761.93,2.89,0,0.01,40.9,484540,1641906710.25539,0
761.93,2.89,0,0.01,40.9,484560,1641906710.27585,0
761.93,2.89,0,0.01,40.9,484580,1641906710.29628,0
761.93,2.89,0,0.01,40.9,484600,1641906710.31732,0
761.93,2.89,0,0.01,40.9,484620,1641906710.33629,0
761.93,2.89,0,0.01,40.9,484640,1641906710.35444,0
761.93,2.89,0,0.01,40.9,484660,1641906710.37476,0
761.93,2.89,0,0.01,40.9,484680,1641906710.39522,0
761.93,2.89,0,0.01,40.9,484700,1641906710.41596,0
761.93,2.89,0,0.01,40.9,484720,1641906710.43613,0
761.93,2.89,0,0.01,40.9,484740,1641906710.45607,0
761.93,2.89,0,0.01,40.9,484760,1641906710.47639,0
761.93,2.89,0,0.01,40.9,484781,1641906710.49701,0
761.93,2.89,0,0.01,40.9,484800,1641906710.51959,0
761.93,2.89,0,0.01,40.9,484820,1641906710.53839,0
761.93,2.89,0,0.01,40.9,484840,1641906710.5587,0
761.93,2.89,0,0.01,40.9,484860,1641906710.57389,0
761.93,2.89,0,0.01,40.9,484880,1641906710.59669,0
761.93,2.89,0,0.01,40.9,484900,1641906710.6185,0
761.93,2.89,0,0.01,40.9,484920,1641906710.63609,0
761.93,2.89,0,0.01,40.9,484940,1641906710.65623,0
761.93,2.89,0,0.01,40.9,484960,1641906710.67763,0
761.93,2.89,0,0.01,40.9,484980,1641906710.69811,0
761.93,2.89,0,0.01,40.9,485000,1641906710.71481,0
761.93,2.89,0,0.01,40.9,485020,1641906710.73439,0
761.93,2.89,0,0.01,40.9,485040,1641906710.75546,0
761.93,2.89,0,0.01,40.9,485060,1641906710.77569,0
761.93,2.89,0,0.01,40.9,485081,1641906710.79664,0
761.93,2.89,0,0.01,40.9,485100,1641906710.82103,0
761.93,2.89,0,0.01,40.9,485120,1641906710.83679,0
761.93,2.89,0,0.01,40.9,485140,1641906710.85894,0
761.93,2.89,0,0.01,40.9,485160,1641906710.8779,0
761.93,2.89,0,0.01,40.9,485180,1641906710.89462,0
761.93,2.89,0,0.01,40.9,485200,1641906710.92641,0
761.93,2.89,0,0.01,40.9,485220,1641906710.93467,0
761.93,2.89,0,0.01,40.9,485240,1641906710.95917,0
761.93,2.89,0,0.01,40.9,485260,1641906710.97595,0
761.93,2.89,0,0.01,40.9,485280,1641906710.99647,0
761.93,2.89,0,0.01,40.9,485300,1641906711.01611,0
761.93,2.89,0,0.01,40.9,485320,1641906711.03638,0
761.93,2.89,0,0.01,40.9,485340,1641906711.05702,0
761.93,2.89,0,0.01,40.9,485360,1641906711.0743,0
761.93,2.89,0,0.01,40.9,485380,1641906711.09523,0
761.93,2.89,0,0.01,40.9,485400,1641906711.11659,0
761.93,2.89,0,0.01,40.9,485420,1641906711.13697,0
761.93,2.89,0,0.01,40.9,485440,1641906711.15709,0
761.93,2.89,0,0.01,40.9,485460,1641906711.17743,0
761.93,2.89,0,0.01,40.9,485480,1641906711.20127,0
761.93,2.89,0,0.01,40.9,485500,1641906711.22055,0
761.93,2.89,0,0.01,40.9,485520,1641906711.23743,0
761.93,2.89,0,0.01,40.9,485540,1641906711.25878,0
761.93,2.89,0,0.01,40.9,485560,1641906711.27462,0
761.93,2.89,0,0.01,40.9,485580,1641906711.29518,0
761.93,2.89,0,0.01,40.9,485600,1641906711.3159,0
761.93,2.89,0,0.01,40.9,485620,1641906711.34057,0
761.93,2.89,0,0.01,40.9,485640,1641906711.35712,0
761.93,2.89,0,0.01,40.9,485660,1641906711.37782,0
761.93,2.89,0,0.01,40.9,485680,1641906711.39833,0
761.93,2.89,0,0.01,40.9,485700,1641906711.41717,0
761.93,2.89,0,0.01,40.9,485720,1641906711.43491,0
761.93,2.89,0,0.01,40.9,485740,1641906711.45544,0
761.93,2.89,0,0.01,40.9,485761,1641906711.4755,0
761.93,2.89,0,0.01,40.9,485780,1641906711.49606,0
761.93,2.89,0,0.01,40.9,485800,1641906711.51733,0
761.93,2.89,0,0.01,40.9,485820,1641906711.53743,0
761.93,2.89,0,0.01,40.9,485840,1641906711.55813,0
761.93,2.89,0,0.01,40.9,485860,1641906711.57853,0
761.93,2.89,0,0.01,40.9,485880,1641906711.59936,0
761.93,2.89,0,0.01,40.9,485900,1641906711.6257,0
761.93,2.89,0,0.01,40.9,485920,1641906711.63743,0
761.93,2.89,0,0.01,40.9,485940,1641906711.66165,0
761.93,2.89,0,0.01,40.9,485960,1641906711.67629,0
761.93,2.89,0,0.01,40.9,485980,1641906711.69644,0
761.93,2.89,0,0.01,40.9,486000,1641906711.71838,0
761.93,2.89,0,0.01,40.9,486021,1641906711.73873,0
761.93,2.89,0,0.01,40.9,486040,1641906711.75868,0
761.93,2.89,0,0.01,40.9,486060,1641906711.77878,0
761.93,2.89,0,0.01,40.9,486080,1641906711.80314,0
761.93,2.89,0,0.01,40.9,486100,1641906711.8163,0
761.93,2.89,0,0.01,40.9,486120,1641906711.83688,0
761.93,2.89,0,0.01,40.9,486140,1641906711.85721,0
761.93,2.89,0,0.01,40.9,486160,1641906711.87756,0
761.93,2.89,0,0.01,40.9,486180,1641906711.89818,0
761.93,2.89,0,0.01,40.9,486200,1641906711.91815,0
761.93,2.89,0,0.01,40.9,486220,1641906711.93876,0
761.93,2.89,0,0.01,40.9,486240,1641906711.95899,0
761.93,2.89,0,0.01,40.9,486260,1641906711.97568,0
761.93,2.89,0,0.01,40.9,486280,1641906711.99576,0
761.93,2.89,0,0.01,40.9,486300,1641906712.01996,0
761.93,2.89,0,0.01,40.9,486320,1641906712.03997,0
761.93,2.89,0,0.01,40.9,486340,1641906712.05807,0
761.93,2.89,0,0.01,40.9,486360,1641906712.07862,0
761.93,2.89,0,0.01,40.9,486380,1641906712.09915,0
761.93,2.89,0,0.01,40.9,486400,1641906712.11911,0
761.93,2.89,0,0.01,40.9,486420,1641906712.13944,0
761.93,2.89,0,0.01,40.9,486440,1641906712.15538,0
761.93,2.89,0,0.01,40.9,486460,1641906712.17665,0
761.93,2.89,0,0.01,40.9,486480,1641906712.1969,0
761.93,2.89,0,0.01,40.9,486500,1641906712.21708,0
761.93,2.89,0,0.01,40.9,486520,1641906712.23739,0
761.93,2.89,0,0.01,40.9,486540,1641906712.25779,0
761.93,2.89,0,0.01,40.9,486560,1641906712.27925,0
761.93,2.89,0,0.01,40.9,486580,1641906712.29943,0
761.93,2.89,0,0.01,40.9,486600,1641906712.32002,0
761.93,2.89,0,0.01,40.9,486620,1641906712.34034,0
761.93,2.89,0,0.01,40.9,486640,1641906712.35614,0
761.93,2.89,0,0.01,40.9,486660,1641906712.37694,0
761.93,2.89,0,0.01,40.9,486680,1641906712.39803,0
761.93,2.89,0,0.01,40.9,486700,1641906712.4186,0
761.93,2.89,0,0.01,40.9,486720,1641906712.43881,0
761.93,2.89,0,0.01,40.9,486739,1641906712.4591,0
761.93,2.89,0,0.01,40.9,486760,1641906712.48449,0
761.93,2.89,0,0.01,40.9,486779,1641906712.50144,0
761.93,2.89,0,0.01,40.9,486800,1641906712.51576,0
761.93,2.89,0,0.01,40.9,486820,1641906712.53576,0
761.93,2.89,0,0.01,40.9,486840,1641906712.55665,0
761.93,2.89,0,0.01,40.9,486860,1641906712.57731,0
761.93,2.89,0,0.01,40.9,486880,1641906712.59852,0
761.93,2.89,0,0.01,40.9,486900,1641906712.61943,0
761.93,2.89,0,0.01,40.9,486920,1641906712.63805,0
761.93,2.89,0,0.01,40.9,486940,1641906712.65902,0
761.93,2.89,0,0.01,40.9,486960,1641906712.67906,0
761.93,2.89,0,0.01,40.9,486980,1641906712.69918,0
761.93,2.89,0,0.01,40.9,487000,1641906712.71656,0
761.93,2.89,0,0.01,40.9,487020,1641906712.73701,0
761.93,2.89,0,0.01,40.9,487041,1641906712.75835,0
761.93,2.89,0,0.01,40.9,487060,1641906712.77897,0
761.93,2.89,0,0.01,40.9,487080,1641906712.80119,0
761.93,2.89,0,0.01,40.9,487100,1641906712.82357,0
761.93,2.89,0,0.01,40.9,487120,1641906712.83961,0
761.93,2.89,0,0.01,40.9,487140,1641906712.86019,0
761.93,2.89,0,0.01,40.9,487160,1641906712.88032,0
761.93,2.89,0,0.01,40.9,487180,1641906712.89661,0
761.93,2.89,0,0.01,40.9,487200,1641906712.91646,0
761.93,2.89,0,0.01,40.9,487220,1641906712.93845,0
761.93,2.89,0,0.01,40.9,487240,1641906712.95808,0
761.93,2.89,0,0.01,40.9,487260,1641906712.97837,0
761.93,2.89,0,0.01,40.9,487280,1641906713.00065,0
761.93,2.89,0,0.01,40.9,487300,1641906713.0204,0
761.93,2.89,0,0.01,40.9,487320,1641906713.04349,0
761.93,2.89,0,0.01,40.9,487340,1641906713.06161,0
761.93,2.89,0,0.01,40.9,487360,1641906713.0775,0
761.93,2.89,0,0.01,40.9,487379,1641906713.0994,0
761.93,2.89,0,0.01,40.9,487400,1641906713.11939,0
761.93,2.89,0,0.01,40.9,487420,1641906713.13963,0
761.93,2.89,0,0.01,40.9,487440,1641906713.15999,0
761.93,2.89,0,0.01,40.9,487460,1641906713.18063,0
761.93,2.89,0,0.01,40.9,487480,1641906713.20061,0
761.93,2.89,0,0.01,40.9,487500,1641906713.22174,0
761.93,2.89,0,0.01,40.9,487520,1641906713.24162,0
761.93,2.89,0,0.01,40.9,487540,1641906713.2577,0
761.93,2.89,0,0.01,40.9,487560,1641906713.27819,0
761.93,2.89,0,0.01,40.9,487580,1641906713.29953,0
761.93,2.89,0,0.01,40.9,487601,1641906713.31993,0
761.93,2.89,0,0.01,40.9,487620,1641906713.34019,0
761.93,2.89,0,0.01,40.9,487640,1641906713.3631,0
761.93,2.89,0,0.01,40.9,487660,1641906713.38061,0
761.93,2.89,0,0.01,40.9,487681,1641906713.40087,0
761.93,2.89,0,0.01,40.9,487700,1641906713.42853,0
761.93,2.89,0,0.01,40.9,487720,1641906713.44078,0
761.93,2.89,0,0.01,40.9,487740,1641906713.45858,0
761.93,2.89,0,0.01,40.9,487760,1641906713.47867,0
761.93,2.89,0,0.01,40.9,487780,1641906713.49927,0
761.93,2.89,0,0.01,40.9,487800,1641906713.52104,0
761.93,2.89,0,0.01,40.9,487820,1641906713.54038,0
761.93,2.89,0,0.01,40.9,487840,1641906713.56599,0
761.93,2.89,0,0.01,40.9,487860,1641906713.58111,0
761.93,2.89,0,0.01,40.9,487880,1641906713.60053,0
761.93,2.89,0,0.01,40.9,487900,1641906713.61789,0
761.93,2.89,0,0.01,40.9,487920,1641906713.63816,0
761.93,2.89,0,0.01,40.9,487941,1641906713.65833,0
761.93,2.89,0,0.01,40.9,487960,1641906713.67872,0
761.93,2.89,0,0.01,40.9,487980,1641906713.70014,0
761.93,2.89,0,0.01,40.9,488000,1641906713.71987,0
761.93,2.89,0,0.01,40.9,488020,1641906713.7409,0
761.93,2.89,0,0.01,40.9,488040,1641906713.76085,0
761.93,2.89,0,0.01,40.9,488059,1641906713.78112,0
761.93,2.89,0,0.01,40.9,488080,1641906713.80696,0
761.93,2.89,0,0.01,40.9,488100,1641906713.82115,0
761.93,2.89,0,0.01,40.9,488120,1641906713.83888,0
761.93,2.89,0,0.01,40.9,488140,1641906713.85905,0
761.93,2.89,0,0.01,40.9,488160,1641906713.8795,0
761.93,2.89,0,0.01,40.9,488180,1641906713.89997,0
761.93,2.89,0,0.01,40.9,488200,1641906713.92024,0
761.93,2.89,0,0.01,40.9,488220,1641906713.94107,0
761.93,2.89,0,0.01,40.9,488240,1641906713.9616,0
761.93,2.89,0,0.01,40.9,488260,1641906713.97888,0
761.93,2.89,0,0.01,40.9,488281,1641906713.99899,0
761.93,2.89,0,0.01,40.9,488300,1641906714.01966,0
761.93,2.89,0,0.01,40.9,488321,1641906714.04017,0
761.93,2.89,0,0.01,40.9,488340,1641906714.06486,0
761.93,2.89,0,0.01,40.9,488360,1641906714.0841,0
761.93,2.89,0,0.01,40.9,488380,1641906714.1051,0
761.93,2.89,0,0.01,40.9,488400,1641906714.12255,0
761.93,2.89,0,0.01,40.9,488420,1641906714.14246,0
761.93,2.89,0,0.01,40.9,488440,1641906714.16789,0
761.93,2.89,0,0.01,40.9,488460,1641906714.17918,0
761.93,2.89,0,0.01,40.9,488480,1641906714.19932,0
761.93,2.89,0,0.01,40.9,488500,1641906714.21967,0
761.93,2.89,0,0.01,40.9,488520,1641906714.24057,0
761.93,2.89,0,0.01,40.9,488540,1641906714.26065,0
761.93,2.89,0,0.01,40.9,488560,1641906714.28116,0
761.93,2.89,0,0.01,40.9,488580,1641906714.30185,0
761.93,2.89,0,0.01,40.9,488600,1641906714.32249,0
761.93,2.89,0,0.01,40.9,488621,1641906714.34378,0
761.93,2.89,0,0.01,40.9,488640,1641906714.36762,0
761.93,2.89,0,0.01,40.9,488660,1641906714.38627,0
761.93,2.89,0,0.01,40.9,488680,1641906714.40013,0
761.93,2.89,0,0.01,40.9,488699,1641906714.42412,0
761.93,2.89,0,0.01,40.9,488720,1641906714.44164,0
761.93,2.89,0,0.01,40.9,488740,1641906714.46193,0
761.93,2.89,0,0.01,40.9,488760,1641906714.48186,0
761.93,2.89,0,0.01,40.9,488780,1641906714.50215,0
761.93,2.89,0,0.01,40.9,488800,1641906714.51893,0
761.93,2.89,0,0.01,40.9,488820,1641906714.53902,0
761.93,2.89,0,0.01,40.9,488840,1641906714.56066,0
761.93,2.89,0,0.01,40.9,488860,1641906714.58128,0
761.93,2.89,0,0.01,40.9,488880,1641906714.60188,0
761.93,2.89,0,0.01,40.9,488900,1641906714.6228,0
761.93,2.89,0,0.01,40.9,488920,1641906714.6432,0
761.93,2.89,0,0.01,40.9,488940,1641906714.66643,0
761.93,2.89,0,0.01,40.9,488961,1641906714.6832,0
761.93,2.89,0,0.01,40.9,488980,1641906714.70292,0
761.93,2.89,0,0.01,40.9,489000,1641906714.71986,0
761.93,2.89,0,0.01,40.9,489020,1641906714.73962,0
761.93,2.89,0,0.01,40.9,489040,1641906714.76034,0
761.93,2.89,0,0.01,40.9,489060,1641906714.78111,0
761.93,2.89,0,0.01,40.9,489080,1641906714.80146,0
761.93,2.89,0,0.01,40.9,489100,1641906714.82853,0
761.93,2.89,0,0.01,40.9,489120,1641906714.84282,0
761.93,2.89,0,0.01,40.9,489140,1641906714.86321,0
761.93,2.89,0,0.01,40.9,489160,1641906714.88328,0
761.93,2.89,0,0.01,40.9,489180,1641906714.90002,0
761.93,2.89,0,0.01,40.9,489200,1641906714.91962,0
761.93,2.89,0,0.01,40.9,489220,1641906714.94085,0
761.93,2.89,0,0.01,40.9,489240,1641906714.96586,0
761.93,2.89,0,0.01,40.9,489261,1641906714.98152,0
761.93,2.89,0,0.01,40.9,489280,1641906715.00232,0
761.93,2.89,0,0.01,40.9,489299,1641906715.02289,0
761.93,2.89,0,0.01,40.9,489320,1641906715.04835,0
761.93,2.89,0,0.01,40.9,489340,1641906715.06391,0
761.93,2.89,0,0.01,40.9,489360,1641906715.08401,0
761.93,2.89,0,0.01,40.9,489380,1641906715.10391,0
761.93,2.89,0,0.01,40.9,489400,1641906715.12321,0
761.93,2.89,0,0.01,40.9,489420,1641906715.14132,0
761.93,2.89,0,0.01,40.9,489440,1641906715.16154,0
761.93,2.89,0,0.01,40.9,489460,1641906715.18168,0
761.93,2.89,0,0.01,40.9,489480,1641906715.20279,0
761.93,2.89,0,0.01,40.9,489500,1641906715.22371,0
761.93,2.89,0,0.01,40.9,489520,1641906715.24837,0
761.93,2.89,0,0.01,40.9,489540,1641906715.26296,0
761.93,2.89,0,0.01,40.9,489560,1641906715.28046,0
761.93,2.89,0,0.01,40.9,489580,1641906715.30261,0
761.93,2.89,0,0.01,40.9,489600,1641906715.32117,0
761.93,2.89,0,0.01,40.9,489620,1641906715.34262,0
761.93,2.89,0,0.01,40.9,489640,1641906715.36323,0
761.93,2.89,0,0.01,40.9,489660,1641906715.3897,0
761.93,2.89,0,0.01,40.9,489680,1641906715.4115,0
761.93,2.89,0,0.01,40.9,489700,1641906715.42445,0
761.93,2.89,0,0.01,40.9,489720,1641906715.44173,0
761.93,2.89,0,0.01,40.9,489740,1641906715.46159,0
761.93,2.89,0,0.01,40.9,489760,1641906715.48213,0
761.93,2.89,0,0.01,40.9,489780,1641906715.50181,0
761.93,2.89,0,0.01,40.9,489800,1641906715.52183,0
761.93,2.89,0,0.01,40.9,489820,1641906715.54345,0
761.93,2.89,0,0.01,40.9,489840,1641906715.56399,0
761.93,2.89,0,0.01,40.9,489860,1641906715.58419,0
761.93,2.89,0,0.01,40.9,489880,1641906715.60516,0
761.93,2.89,0,0.01,40.9,489900,1641906715.62198,0
761.93,2.89,0,0.01,40.9,489920,1641906715.64128,0
761.93,2.89,0,0.01,40.9,489940,1641906715.66277,0
761.93,2.89,0,0.01,40.9,489960,1641906715.68335,0
761.93,2.89,0,0.01,40.9,489979,1641906715.70381,0
761.93,2.89,0,0.01,40.9,490000,1641906715.72403,0
761.93,2.89,0,0.01,40.9,490020,1641906715.74418,0
761.93,2.89,0,0.01,40.9,490040,1641906715.76445,0
761.93,2.89,0,0.01,40.9,490060,1641906715.78471,0
761.93,2.89,0,0.01,40.9,490080,1641906715.80137,0
761.93,2.89,0,0.01,40.9,490100,1641906715.82177,0
761.93,2.89,0,0.01,40.9,490120,1641906715.84942,0
761.93,2.89,0,0.01,40.9,490140,1641906715.8649,0
761.93,2.89,0,0.01,40.9,490160,1641906715.88244,0
761.93,2.89,0,0.01,40.9,490180,1641906715.90971,0
761.93,2.89,0,0.01,40.9,490200,1641906715.92406,0
761.93,2.89,0,0.01,40.9,490220,1641906715.94625,0
761.93,2.89,0,0.01,40.9,490240,1641906715.96588,0
761.93,2.89,0,0.01,40.9,490260,1641906715.982,0
761.93,2.89,0,0.01,40.9,490280,1641906716.00232,0
761.93,2.89,0,0.01,40.9,490300,1641906716.02279,0
761.93,2.89,0,0.01,40.9,490320,1641906716.04427,0
761.93,2.89,0,0.01,40.9,490340,1641906716.06441,0
761.93,2.89,0,0.01,40.9,490360,1641906716.08485,0
761.93,2.89,0,0.01,40.9,490380,1641906716.10506,0
761.93,2.89,0,0.01,40.9,490400,1641906716.12631,0
761.93,2.89,0,0.01,40.9,490420,1641906716.14472,0
761.93,2.89,0,0.01,40.9,490440,1641906716.16056,0
761.93,2.89,0,0.01,40.9,490460,1641906716.18228,0
761.93,2.89,0,0.01,40.9,490480,1641906716.20261,0
761.93,2.89,0,0.01,40.9,490500,1641906716.22315,0
761.93,2.89,0,0.01,40.9,490520,1641906716.24344,0
761.93,2.89,0,0.01,40.9,490540,1641906716.26465,0
761.93,2.89,0,0.01,40.9,490560,1641906716.28423,0
761.93,2.89,0,0.01,40.9,490580,1641906716.3049,0
761.93,2.89,0,0.01,40.9,490600,1641906716.3252,0
761.93,2.89,0,0.01,40.9,490620,1641906716.34638,0
761.93,2.89,0,0.01,40.9,490640,1641906716.36319,0
761.93,2.89,0,0.01,40.9,490660,1641906716.38385,0
761.93,2.89,0,0.01,40.9,490680,1641906716.40387,0
761.93,2.89,0,0.01,40.9,490700,1641906716.42416,0
761.93,2.89,0,0.01,40.9,490720,1641906716.44404,0
761.93,2.89,0,0.01,40.9,490740,1641906716.46813,0
761.93,2.89,0,0.01,40.9,490760,1641906716.48525,0
761.93,2.89,0,0.01,40.9,490780,1641906716.50797,0
761.93,2.89,0,0.01,40.9,490800,1641906716.52454,0
761.93,2.89,0,0.01,40.9,490820,1641906716.54352,0
761.93,2.89,0,0.01,40.9,490840,1641906716.56398,0
761.93,2.89,0,0.01,40.9,490860,1641906716.58461,0
761.93,2.89,0,0.01,40.9,490880,1641906716.60489,0
761.93,2.89,0,0.01,40.9,490900,1641906716.62586,0
761.93,2.89,0,0.01,40.9,490920,1641906716.64655,0
761.93,2.89,0,0.01,40.9,490940,1641906716.66631,0
761.93,2.89,0,0.01,40.9,490960,1641906716.68578,0
761.93,2.89,0,0.01,40.9,490980,1641906716.70714,0
761.93,2.89,0,0.01,40.9,491000,1641906716.72424,0
761.93,2.89,0,0.01,40.9,491020,1641906716.74396,0
761.93,2.89,0,0.01,40.9,491040,1641906716.76423,0
761.93,2.89,0,0.01,40.9,491060,1641906716.78407,0
761.93,2.89,0,0.01,40.9,491080,1641906716.80571,0
761.93,2.89,0,0.01,40.9,491100,1641906716.82676,0
761.93,2.89,0,0.01,40.9,491120,1641906716.84612,0
761.93,2.89,0,0.01,40.9,491140,1641906716.87073,0
761.93,2.89,0,0.01,40.9,491160,1641906716.88722,0
761.93,2.89,0,0.01,40.9,491180,1641906716.90311,0
761.93,2.89,0,0.01,40.9,491200,1641906716.92269,0
761.93,2.89,0,0.01,40.9,491220,1641906716.95361,0
761.93,2.89,0,0.01,40.9,491240,1641906716.96808,0
761.93,2.89,0,0.01,40.9,491260,1641906716.98458,0
761.93,2.89,0,0.01,40.9,491280,1641906717.00487,0
761.93,2.89,0,0.01,40.9,491300,1641906717.03106,0
761.93,2.89,0,0.01,40.9,491320,1641906717.04812,0
761.93,2.89,0,0.01,40.9,491340,1641906717.06813,0
761.93,2.89,0,0.01,40.9,491360,1641906717.08323,0
761.93,2.89,0,0.01,40.9,491380,1641906717.10345,0
761.93,2.89,0,0.01,40.9,491400,1641906717.12374,0
761.93,2.89,0,0.01,40.9,491420,1641906717.14485,0
761.93,2.89,0,0.01,40.9,491440,1641906717.16521,0
761.93,2.89,0,0.01,40.9,491460,1641906717.18526,0
761.93,2.89,0,0.01,40.9,491480,1641906717.20579,0
761.93,2.89,0,0.01,40.9,491500,1641906717.22609,0
761.93,2.89,0,0.01,40.9,491520,1641906717.24709,0
761.93,2.89,0,0.01,40.9,491540,1641906717.26343,0
761.93,2.89,0,0.01,40.9,491560,1641906717.28399,0
761.93,2.89,0,0.01,40.9,491580,1641906717.3089,0
761.93,2.89,0,0.01,40.9,491600,1641906717.32668,0
761.93,2.89,0,0.01,40.9,491620,1641906717.34543,0
761.93,2.89,0,0.01,40.9,491640,1641906717.37025,0
761.93,2.89,0,0.01,40.9,491660,1641906717.38638,0
761.93,2.89,0,0.01,40.9,491680,1641906717.40629,0
761.93,2.89,0,0.01,40.9,491700,1641906717.42633,0
761.93,2.89,0,0.01,40.9,491720,1641906717.443,0
761.93,2.89,0,0.01,40.9,491740,1641906717.46352,0
761.93,2.89,0,0.01,40.9,491760,1641906717.48457,0
761.93,2.89,0,0.01,40.9,491780,1641906717.50479,0
761.93,2.89,0,0.01,40.9,491800,1641906717.5262,0
761.93,2.89,0,0.01,40.9,491820,1641906717.54625,0
761.93,2.89,0,0.01,40.9,491840,1641906717.56637,0
761.93,2.89,0,0.01,40.9,491859,1641906717.58781,0
761.93,2.89,0,0.01,40.9,491880,1641906717.60709,0
761.93,2.89,0,0.01,40.9,491899,1641906717.6251,0
761.93,2.89,0,0.01,40.9,491920,1641906717.64456,0
761.93,2.89,0,0.01,40.9,491940,1641906717.66606,0
761.93,2.89,0,0.01,40.9,491960,1641906717.68593,0
761.93,2.89,0,0.01,40.9,491980,1641906717.70598,0
761.93,2.89,0,0.01,40.9,492000,1641906717.72613,0
761.93,2.89,0,0.01,40.9,492020,1641906717.74618,0
761.93,2.89,0,0.01,40.9,492040,1641906717.7663,0
761.93,2.89,0,0.01,40.9,492060,1641906717.78679,0
761.93,2.89,0,0.01,40.9,492081,1641906717.8075,0
761.93,2.89,0,0.01,40.9,492100,1641906717.82404,0
761.93,2.89,0,0.01,40.9,492120,1641906717.84435,0
761.93,2.89,0,0.01,40.9,492140,1641906717.86557,0
761.93,2.89,0,0.01,40.9,492160,1641906717.88626,0
761.93,2.89,0,0.01,40.9,492180,1641906717.90648,0
761.93,2.89,0,0.01,40.9,492199,1641906717.93172,0
761.93,2.89,0,0.01,40.9,492220,1641906717.94934,0
761.93,2.89,0,0.01,40.9,492240,1641906717.9676,0
761.93,2.89,0,0.01,40.9,492260,1641906717.98425,0
761.93,2.89,0,0.01,40.9,492280,1641906718.00436,0
761.93,2.89,0,0.01,40.9,492300,1641906718.02483,0
761.93,2.89,0,0.01,40.9,492320,1641906718.04601,0
761.93,2.89,0,0.01,40.9,492340,1641906718.06666,0
761.93,2.89,0,0.01,40.9,492360,1641906718.08761,0
761.93,2.89,0,0.01,40.9,492380,1641906718.10929,0
761.93,2.89,0,0.01,40.9,492400,1641906718.13463,0
761.93,2.89,0,0.01,40.9,492420,1641906718.15054,0
761.93,2.89,0,0.01,40.9,492440,1641906718.16456,0
761.93,2.89,0,0.01,40.9,492461,1641906718.18476,0
761.93,2.89,0,0.01,40.9,492480,1641906718.2064,0
761.93,2.89,0,0.01,40.9,492499,1641906718.22591,0
761.93,2.89,0,0.01,40.9,492520,1641906718.24638,0
761.93,2.89,0,0.01,40.9,492540,1641906718.26749,0
761.93,2.89,0,0.01,40.9,492560,1641906718.28792,0
761.93,2.89,0,0.01,40.9,492580,1641906718.30829,0
761.93,2.89,0,0.01,40.9,492600,1641906718.3328,0
761.93,2.89,0,0.01,40.9,492620,1641906718.34812,0
761.93,2.89,0,0.01,40.9,492640,1641906718.36516,0
761.93,2.89,0,0.01,40.9,492660,1641906718.38543,0
761.93,2.89,0,0.01,40.9,492680,1641906718.40607,0
761.93,2.89,0,0.01,40.9,492700,1641906718.42575,0
761.93,2.89,0,0.01,40.9,492720,1641906718.44641,0
761.93,2.89,0,0.01,40.9,492740,1641906718.46701,0
761.93,2.89,0,0.01,40.9,492760,1641906718.48777,0
761.93,2.89,0,0.01,40.9,492780,1641906718.50816,0
761.93,2.89,0,0.01,40.9,492800,1641906718.52423,0
761.93,2.89,0,0.01,40.9,492820,1641906718.554,0
761.93,2.89,0,0.01,40.9,492839,1641906718.5757,0
761.93,2.89,0,0.01,40.9,492860,1641906718.58719,0
761.93,2.89,0,0.01,40.9,492880,1641906718.60929,0
761.93,2.89,0,0.01,40.9,492900,1641906718.62664,0
761.93,2.89,0,0.01,40.9,492920,1641906718.64704,0
761.93,2.89,0,0.01,40.9,492940,1641906718.66719,0
761.93,2.89,0,0.01,40.9,492960,1641906718.68843,0
761.93,2.89,0,0.01,40.9,492980,1641906718.70876,0
761.93,2.89,0,0.01,40.9,493000,1641906718.73442,0
761.93,2.89,0,0.01,40.9,493020,1641906718.7466,0
761.93,2.89,0,0.01,40.9,493040,1641906718.77096,0
761.93,2.89,0,0.01,40.9,493061,1641906718.79008,0
761.93,2.89,0,0.01,40.9,493080,1641906718.8076,0
761.93,2.89,0,0.01,40.9,493100,1641906718.8279,0
761.93,2.89,0,0.01,40.9,493120,1641906718.84811,0
761.93,2.89,0,0.01,40.9,493140,1641906718.86846,0
761.93,2.89,0,0.01,40.9,493160,1641906718.88876,0
761.93,2.89,0,0.01,40.9,493180,1641906718.90577,0
761.93,2.89,0,0.01,40.9,493200,1641906718.92626,0
761.93,2.89,0,0.01,40.9,493220,1641906718.94655,0
761.93,2.89,0,0.01,40.9,493240,1641906718.9671,0
761.93,2.89,0,0.01,40.9,493260,1641906718.988,0
761.93,2.89,0,0.01,40.9,493280,1641906719.00825,0
761.93,2.89,0,0.01,40.9,493300,1641906719.02882,0
761.93,2.89,0,0.01,40.9,493320,1641906719.0495,0
761.93,2.89,0,0.01,40.9,493340,1641906719.06959,0
761.93,2.89,0,0.01,40.9,493360,1641906719.08592,0
761.93,2.89,0,0.01,40.9,493380,1641906719.10935,0
761.93,2.89,0,0.01,40.9,493400,1641906719.12698,0
761.93,2.89,0,0.01,40.9,493420,1641906719.14727,0
761.93,2.89,0,0.01,40.9,493441,1641906719.17181,0
761.93,2.89,0,0.01,40.9,493460,1641906719.1904,0
761.93,2.89,0,0.01,40.9,493480,1641906719.20838,0
761.93,2.89,0,0.01,40.9,493500,1641906719.23293,0
761.93,2.89,0,0.01,40.9,493520,1641906719.24988,0
761.93,2.89,0,0.01,40.9,493540,1641906719.26578,0
761.93,2.89,0,0.01,40.9,493560,1641906719.2953,0
761.93,2.89,0,0.01,40.9,493580,1641906719.30792,0
761.93,2.89,0,0.01,40.9,493600,1641906719.32845,0
761.93,2.89,0,0.01,40.9,493620,1641906719.34865,0
761.93,2.89,0,0.01,40.9,493640,1641906719.36893,0
761.93,2.89,0,0.01,40.9,493660,1641906719.39079,0
761.93,2.89,0,0.01,40.9,493680,1641906719.40979,0
761.93,2.89,0,0.01,40.9,493701,1641906719.43519,0
761.93,2.89,0,0.01,40.9,493720,1641906719.44674,0
761.93,2.89,0,0.01,40.9,493740,1641906719.4666,0
761.93,2.89,0,0.01,40.9,493760,1641906719.4866,0
761.93,2.89,0,0.01,40.9,493780,1641906719.50707,0
761.93,2.89,0,0.01,40.9,493800,1641906719.52863,0
761.93,2.89,0,0.01,40.9,493820,1641906719.54885,0
761.93,2.89,0,0.01,40.9,493840,1641906719.56845,0
761.93,2.89,0,0.01,40.9,493860,1641906719.58973,0
761.93,2.89,0,0.01,40.9,493880,1641906719.60972,0
761.93,2.89,0,0.01,40.9,493900,1641906719.62701,0
761.93,2.89,0,0.01,40.9,493920,1641906719.64715,0
761.93,2.89,0,0.01,40.9,493940,1641906719.6675,0
761.93,2.89,0,0.01,40.9,493960,1641906719.68766,0
761.93,2.89,0,0.01,40.9,493980,1641906719.71438,0
761.93,2.89,0,0.01,40.9,494000,1641906719.73276,0
761.93,2.89,0,0.01,40.9,494020,1641906719.74963,0
761.93,2.89,0,0.01,40.9,494040,1641906719.76949,0
761.93,2.89,0,0.01,40.9,494060,1641906719.79019,0
761.93,2.89,0,0.01,40.9,494080,1641906719.81814,0
761.93,2.89,0,0.01,40.9,494100,1641906719.82828,0
761.93,2.89,0,0.01,40.9,494120,1641906719.84747,0
761.93,2.89,0,0.01,40.9,494140,1641906719.86798,0
761.93,2.89,0,0.01,40.9,494160,1641906719.88872,0
761.93,2.89,0,0.01,40.9,494180,1641906719.90831,0
761.93,2.89,0,0.01,40.9,494200,1641906719.92958,0
761.93,2.89,0,0.01,40.9,494220,1641906719.95,0
761.93,2.89,0,0.01,40.9,494240,1641906719.97057,0
761.93,2.89,0,0.01,40.9,494260,1641906719.98738,0
761.93,2.89,0,0.01,40.9,494280,1641906720.00851,0
761.93,2.89,0,0.01,40.9,494300,1641906720.02919,0
761.93,2.89,0,0.01,40.9,494320,1641906720.0496,0
761.93,2.89,0,0.01,40.9,494340,1641906720.06993,0
761.93,2.89,0,0.01,40.9,494360,1641906720.09023,0
761.93,2.89,0,0.01,40.9,494381,1641906720.1106,0
761.93,2.89,0,0.01,40.9,494400,1641906720.1328,0
761.93,2.89,0,0.01,40.9,494419,1641906720.15086,0
761.93,2.89,0,0.01,40.9,494440,1641906720.16803,0
761.93,2.89,0,0.01,40.9,494460,1641906720.18759,0
761.93,2.89,0,0.01,40.9,494480,1641906720.208,0
761.93,2.89,0,0.01,40.9,494500,1641906720.22881,0
761.93,2.89,0,0.01,40.9,494520,1641906720.24921,0
761.93,2.89,0,0.01,40.9,494540,1641906720.27051,0
761.93,2.89,0,0.01,40.9,494560,1641906720.29086,0
761.93,2.89,0,0.01,40.9,494580,1641906720.31021,0
761.93,2.89,0,0.01,40.9,494600,1641906720.33241,0
761.93,2.89,0,0.01,40.9,494620,1641906720.35153,0
761.93,2.89,0,0.01,40.9,494640,1641906720.37303,0
761.93,2.89,0,0.01,40.9,494660,1641906720.3961,0
761.93,2.89,0,0.01,40.9,494680,1641906720.40865,0
761.93,2.89,0,0.01,40.9,494700,1641906720.42878,0
761.93,2.89,0,0.01,40.9,494721,1641906720.44904,0
761.93,2.89,0,0.01,40.9,494740,1641906720.46973,0
761.93,2.89,0,0.01,40.9,494760,1641906720.49064,0
761.93,2.89,0,0.01,40.9,494780,1641906720.51192,0
761.93,2.89,0,0.01,40.9,494800,1641906720.5332,0
761.93,2.89,0,0.01,40.9,494820,1641906720.54956,0
761.93,2.89,0,0.01,40.9,494840,1641906720.56964,0
761.93,2.89,0,0.01,40.9,494860,1641906720.59022,0
761.93,2.89,0,0.01,40.9,494880,1641906720.61069,0
761.93,2.89,0,0.01,40.9,494900,1641906720.63185,0
761.93,2.89,0,0.01,40.9,494920,1641906720.65163,0
761.93,2.89,0,0.01,40.9,494940,1641906720.67197,0
761.93,2.89,0,0.01,40.9,494960,1641906720.69273,0
761.93,2.89,0,0.01,40.9,494980,1641906720.71639,0
761.93,2.89,0,0.01,40.9,495000,1641906720.72911,0
761.93,2.89,0,0.01,40.9,495020,1641906720.74814,0
761.93,2.89,0,0.01,40.9,495040,1641906720.76851,0
761.93,2.89,0,0.01,40.9,495059,1641906720.79001,0
761.93,2.89,0,0.01,40.9,495080,1641906720.81037,0
761.93,2.89,0,0.01,40.9,495100,1641906720.83147,0
761.93,2.89,0,0.01,40.9,495120,1641906720.85127,0
761.93,2.89,0,0.01,40.9,495140,1641906720.87167,0
761.93,2.89,0,0.01,40.9,495160,1641906720.89188,0
761.93,2.89,0,0.01,40.9,495180,1641906720.90878,0
761.93,2.89,0,0.01,40.9,495200,1641906720.92925,0
761.93,2.89,0,0.01,40.9,495220,1641906720.95579,0
761.93,2.89,0,0.01,40.9,495240,1641906720.97182,0
761.93,2.89,0,0.01,40.9,495260,1641906720.99081,0
761.93,2.89,0,0.01,40.9,495280,1641906721.01144,0
761.93,2.89,0,0.01,40.9,495300,1641906721.03155,0
761.93,2.89,0,0.01,40.9,495320,1641906721.05163,0
761.93,2.89,0,0.01,40.9,495340,1641906721.07236,0
761.93,2.89,0,0.01,40.9,495361,1641906721.08982,0
761.93,2.89,0,0.01,40.9,495380,1641906721.10983,0
761.93,2.89,0,0.01,40.9,495400,1641906721.13017,0
761.93,2.89,0,0.01,40.9,495420,1641906721.15027,0
761.93,2.89,0,0.01,40.9,495440,1641906721.1708,0
761.93,2.89,0,0.01,40.9,495460,1641906721.19085,0
761.93,2.89,0,0.01,40.9,495480,1641906721.21329,0
761.93,2.89,0,0.01,40.9,495500,1641906721.23378,0
761.93,2.89,0,0.01,40.9,495520,1641906721.25398,0
761.93,2.89,0,0.01,40.9,495540,1641906721.26976,0
761.93,2.89,0,0.01,40.9,495560,1641906721.29046,0
761.93,2.89,0,0.01,40.9,495580,1641906721.31161,0
761.93,2.89,0,0.01,40.9,495600,1641906721.33416,0
761.93,2.89,0,0.01,40.9,495620,1641906721.3506,0
761.93,2.89,0,0.01,40.9,495640,1641906721.37062,0
761.93,2.89,0,0.01,40.9,495661,1641906721.39125,0
761.93,2.89,0,0.01,40.9,495680,1641906721.42003,0
761.93,2.89,0,0.01,40.9,495700,1641906721.44027,0
761.93,2.89,0,0.01,40.9,495720,1641906721.4494,0
761.93,2.89,0,0.01,40.9,495740,1641906721.4696,0
761.93,2.89,0,0.01,40.9,495760,1641906721.48984,0
761.93,2.89,0,0.01,40.9,495780,1641906721.50989,0
761.93,2.89,0,0.01,40.9,495800,1641906721.53135,0
761.93,2.89,0,0.01,40.9,495820,1641906721.55146,0
761.93,2.89,0,0.01,40.9,495840,1641906721.57296,0
761.93,2.89,0,0.01,40.9,495860,1641906721.59305,0
761.93,2.89,0,0.01,40.9,495880,1641906721.6137,0
761.93,2.89,0,0.01,40.9,495900,1641906721.63347,0
761.93,2.89,0,0.01,40.9,495920,1641906721.65066,0
761.93,2.89,0,0.01,40.9,495940,1641906721.67096,0
761.93,2.89,0,0.01,40.9,495960,1641906721.69209,0
761.93,2.89,0,0.01,40.9,495980,1641906721.71281,0
761.93,2.89,0,0.01,40.9,496000,1641906721.73439,0
761.93,2.89,0,0.01,40.9,496020,1641906721.75284,0
761.93,2.89,0,0.01,40.9,496040,1641906721.77319,0
761.93,2.89,0,0.01,40.9,496060,1641906721.79331,0
761.93,2.89,0,0.01,40.9,496080,1641906721.81015,0
761.93,2.89,0,0.01,40.9,496100,1641906721.83038,0
761.93,2.89,0,0.01,40.9,496120,1641906721.84999,0
761.93,2.89,0,0.01,40.9,496140,1641906721.87145,0
761.93,2.89,0,0.01,40.9,496160,1641906721.8915,0
761.93,2.89,0,0.01,40.9,496180,1641906721.91182,0
761.93,2.89,0,0.01,40.9,496200,1641906721.93254,0
761.93,2.89,0,0.01,40.9,496220,1641906721.95296,0
761.93,2.89,0,0.01,40.9,496240,1641906721.973,0
761.93,2.89,0,0.01,40.9,496260,1641906721.98959,0
761.93,2.89,0,0.01,40.9,496280,1641906722.00976,0
761.93,2.89,0,0.01,40.9,496301,1641906722.03119,0
761.93,2.89,0,0.01,40.9,496320,1641906722.05196,0
761.93,2.89,0,0.01,40.9,496340,1641906722.07271,0
761.93,2.89,0,0.01,40.9,496360,1641906722.09216,0
761.93,2.89,0,0.01,40.9,496380,1641906722.11439,0
761.93,2.89,0,0.01,40.9,496400,1641906722.13404,0
761.93,2.89,0,0.01,40.9,496420,1641906722.15425,0
761.93,2.89,0,0.01,40.9,496440,1641906722.179,0
761.93,2.89,0,0.01,40.9,496460,1641906722.1946,0
761.93,2.89,0,0.01,40.9,496480,1641906722.21323,0
761.93,2.89,0,0.01,40.9,496500,1641906722.23219,0
761.93,2.89,0,0.01,40.9,496520,1641906722.25278,0
761.93,2.89,0,0.01,40.9,496540,1641906722.27343,0
761.93,2.89,0,0.01,40.9,496560,1641906722.3025,0
761.93,2.89,0,0.01,40.9,496580,1641906722.3162,0
761.93,2.89,0,0.01,40.9,496601,1641906722.33633,0
761.93,2.89,0,0.01,40.9,496620,1641906722.35553,0
761.93,2.89,0,0.01,40.9,496640,1641906722.37142,0
761.93,2.89,0,0.01,40.9,496660,1641906722.39309,0
761.93,2.89,0,0.01,40.9,496680,1641906722.41259,0
761.93,2.89,0,0.01,40.9,496700,1641906722.4336,0
761.93,2.89,0,0.01,40.9,496720,1641906722.45351,0
761.93,2.89,0,0.01,40.9,496740,1641906722.47422,0
761.93,2.89,0,0.01,40.9,496760,1641906722.49437,0
761.93,2.89,0,0.01,40.9,496780,1641906722.51592,0
761.93,2.89,0,0.01,40.9,496800,1641906722.53563,0
761.93,2.89,0,0.01,40.9,496820,1641906722.55216,0
761.93,2.89,0,0.01,40.9,496840,1641906722.57914,0
761.93,2.89,0,0.01,40.9,496860,1641906722.5923,0
761.93,2.89,0,0.01,40.9,496880,1641906722.61236,0
761.93,2.89,0,0.01,40.9,496900,1641906722.63198,0
761.93,2.89,0,0.01,40.9,496920,1641906722.65247,0
761.93,2.89,0,0.01,40.9,496940,1641906722.67757,0
761.93,2.89,0,0.01,40.9,496960,1641906722.69569,0
761.93,2.89,0,0.01,40.9,496979,1641906722.71433,0
761.93,2.89,0,0.01,40.9,497000,1641906722.73031,0
761.93,2.89,0,0.01,40.9,497020,1641906722.75194,0
761.93,2.89,0,0.01,40.9,497040,1641906722.77144,0
761.93,2.89,0,0.01,40.9,497060,1641906722.7919,0
761.93,2.89,0,0.01,40.9,497080,1641906722.81345,0
761.93,2.89,0,0.01,40.9,497100,1641906722.83325,0
761.93,2.89,0,0.01,40.9,497120,1641906722.85368,0
761.93,2.89,0,0.01,40.9,497140,1641906722.87465,0
761.93,2.89,0,0.01,40.9,497160,1641906722.89927,0
761.93,2.89,0,0.01,40.9,497180,1641906722.91304,0
761.93,2.89,0,0.01,40.9,497200,1641906722.93305,0
761.93,2.89,0,0.01,40.9,497220,1641906722.95331,0
761.93,2.89,0,0.01,40.9,497240,1641906722.97369,0
761.93,2.89,0,0.01,40.9,497260,1641906722.9947,0
761.93,2.89,0,0.01,40.9,497281,1641906723.01482,0
761.93,2.89,0,0.01,40.9,497300,1641906723.03478,0
761.93,2.89,0,0.01,40.9,497319,1641906723.05545,0
761.93,2.89,0,0.01,40.9,497340,1641906723.07585,0
761.93,2.89,0,0.01,40.9,497360,1641906723.09324,0
761.93,2.89,0,0.01,40.9,497380,1641906723.11409,0
761.93,2.89,0,0.01,40.9,497400,1641906723.13376,0
761.93,2.89,0,0.01,40.9,497420,1641906723.15416,0
761.93,2.89,0,0.01,40.9,497440,1641906723.17368,0
761.93,2.89,0,0.01,40.9,497460,1641906723.19515,0
761.93,2.89,0,0.01,40.9,497480,1641906723.21461,0
761.93,2.89,0,0.01,40.9,497500,1641906723.23433,0
761.93,2.89,0,0.01,40.9,497520,1641906723.25531,0
761.93,2.89,0,0.01,40.9,497540,1641906723.27239,0
761.93,2.89,0,0.01,40.9,497560,1641906723.29178,0
761.93,2.89,0,0.01,40.9,497580,1641906723.31345,0
761.93,2.89,0,0.01,40.9,497600,1641906723.33719,0
761.93,2.89,0,0.01,40.9,497620,1641906723.35561,0
761.93,2.89,0,0.01,40.9,497640,1641906723.37364,0
761.93,2.89,0,0.01,40.9,497660,1641906723.39412,0
761.93,2.89,0,0.01,40.9,497680,1641906723.41564,0
761.93,2.89,0,0.01,40.9,497700,1641906723.44241,0
761.93,2.89,0,0.01,40.9,497720,1641906723.45167,0
761.93,2.89,0,0.01,40.9,497740,1641906723.47328,0
761.93,2.89,0,0.01,40.9,497760,1641906723.49336,0
761.93,2.89,0,0.01,40.9,497780,1641906723.51378,0
761.93,2.89,0,0.01,40.9,497800,1641906723.5403,0
761.93,2.89,0,0.01,40.9,497820,1641906723.55676,0
761.93,2.89,0,0.01,40.9,497840,1641906723.57514,0
761.93,2.89,0,0.01,40.9,497860,1641906723.59548,0
761.93,2.89,0,0.01,40.9,497880,1641906723.61606,0
761.93,2.89,0,0.01,40.9,497900,1641906723.63574,0
761.93,2.89,0,0.01,40.9,497921,1641906723.65418,0
761.93,2.89,0,0.01,40.9,497940,1641906723.67428,0
761.93,2.89,0,0.01,40.9,497959,1641906723.69489,0
761.93,2.89,0,0.01,40.9,497980,1641906723.71827,0
761.93,2.89,0,0.01,40.9,498000,1641906723.73476,0
761.93,2.89,0,0.01,40.9,498020,1641906723.75474,0
761.93,2.89,0,0.01,40.9,498040,1641906723.77475,0
761.93,2.89,0,0.01,40.9,498060,1641906723.79603,0
761.93,2.89,0,0.01,40.9,498080,1641906723.81766,0
761.93,2.89,0,0.01,40.9,498100,1641906723.83323,0
761.93,2.89,0,0.01,40.9,498120,1641906723.85566,0
761.93,2.89,0,0.01,40.9,498140,1641906723.87525,0
761.93,2.89,0,0.01,40.9,498160,1641906723.89446,0
761.93,2.89,0,0.01,40.9,498181,1641906723.91569,0
761.93,2.89,0,0.01,40.9,498200,1641906723.93559,0
761.93,2.89,0,0.01,40.9,498221,1641906723.95604,0
761.93,2.89,0,0.01,40.9,498240,1641906723.97633,0
761.93,2.89,0,0.01,40.9,498260,1641906723.9965,0
761.93,2.89,0,0.01,40.9,498280,1641906724.01397,0
761.93,2.89,0,0.01,40.9,498300,1641906724.0336,0
761.93,2.89,0,0.01,40.9,498320,1641906724.05393,0
761.93,2.89,0,0.01,40.9,498340,1641906724.07426,0
761.93,2.89,0,0.01,40.9,498360,1641906724.09454,0
761.93,2.89,0,0.01,40.9,498380,1641906724.11493,0
761.93,2.89,0,0.01,40.9,498400,1641906724.14079,0
761.93,2.89,0,0.01,40.9,498420,1641906724.15839,0
761.93,2.89,0,0.01,40.9,498440,1641906724.17509,0
761.93,2.89,0,0.01,40.9,498460,1641906724.19544,0
761.93,2.89,0,0.01,40.9,498480,1641906724.21728,0
761.93,2.89,0,0.01,40.9,498500,1641906724.23411,0
761.93,2.89,0,0.01,40.9,498520,1641906724.25543,0
761.93,2.89,0,0.01,40.9,498540,1641906724.27616,0
761.93,2.89,0,0.01,40.9,498560,1641906724.29566,0
761.93,2.89,0,0.01,40.9,498580,1641906724.31605,0
761.93,2.89,0,0.01,40.9,498600,1641906724.33614,0
761.93,2.89,0,0.01,40.9,498620,1641906724.35679,0
761.93,2.89,0,0.01,40.9,498640,1641906724.37456,0
761.93,2.89,0,0.01,40.9,498660,1641906724.39605,0
761.93,2.89,0,0.01,40.9,498680,1641906724.41887,0
761.93,2.89,0,0.01,40.9,498700,1641906724.43651,0
761.93,2.89,0,0.01,40.9,498720,1641906724.45583,0
761.93,2.89,0,0.01,40.9,498740,1641906724.47617,0
761.93,2.89,0,0.01,40.9,498760,1641906724.49616,0
761.93,2.89,0,0.01,40.9,498780,1641906724.51704,0
761.93,2.89,0,0.01,40.9,498800,1641906724.53803,0
761.93,2.89,0,0.01,40.9,498820,1641906724.55391,0
761.93,2.89,0,0.01,40.9,498840,1641906724.57503,0
761.93,2.89,0,0.01,40.9,498860,1641906724.5953,0
761.93,2.89,0,0.01,40.9,498880,1641906724.61566,0
761.93,2.89,0,0.01,40.9,498900,1641906724.63586,0
761.93,2.89,0,0.01,40.9,498920,1641906724.65533,0
761.93,2.89,0,0.01,40.9,498940,1641906724.67607,0
761.93,2.89,0,0.01,40.9,498960,1641906724.69649,0
761.93,2.89,0,0.01,40.9,498980,1641906724.71699,0
761.93,2.89,0,0.01,40.9,499000,1641906724.73409,0
761.93,2.89,0,0.01,40.9,499020,1641906724.75467,0
761.93,2.89,0,0.01,40.9,499040,1641906724.7757,0
761.93,2.89,0,0.01,40.9,499060,1641906724.79644,0
761.93,2.89,0,0.01,40.9,499080,1641906724.81635,0
761.93,2.89,0,0.01,40.9,499100,1641906724.84152,0
761.93,2.89,0,0.01,40.9,499120,1641906724.85746,0
761.93,2.89,0,0.01,40.9,499140,1641906724.87727,0
761.93,2.89,0,0.01,40.9,499160,1641906724.89827,0
761.93,2.89,0,0.01,40.9,499180,1641906724.91475,0
761.93,2.89,0,0.01,40.9,499200,1641906724.93518,0
761.93,2.89,0,0.01,40.9,499220,1641906724.95559,0
761.93,2.89,0,0.01,40.9,499240,1641906724.97581,0
761.93,2.89,0,0.01,40.9,499260,1641906724.99604,0
761.93,2.89,0,0.01,40.9,499280,1641906725.01672,0
761.93,2.89,0,0.01,40.9,499300,1641906725.03697,0
761.93,2.89,0,0.01,40.9,499320,1641906725.05716,0
761.93,2.89,0,0.01,40.9,499340,1641906725.07808,0
761.93,2.89,0,0.01,40.9,499360,1641906725.09501,0
761.93,2.89,0,0.01,40.9,499380,1641906725.11783,0
761.93,2.89,0,0.01,40.9,499400,1641906725.13856,0
761.93,2.89,0,0.01,40.9,499420,1641906725.15648,0
761.93,2.89,0,0.01,40.9,499440,1641906725.17673,0
761.93,2.89,0,0.01,40.9,499460,1641906725.1972,0
761.93,2.89,0,0.01,40.9,499480,1641906725.21772,0
761.93,2.89,0,0.01,40.9,499500,1641906725.23792,0
761.93,2.89,0,0.01,40.9,499520,1641906725.25847,0
761.93,2.89,0,0.01,40.9,499540,1641906725.27558,0
761.93,2.89,0,0.01,40.9,499560,1641906725.29604,0
761.93,2.89,0,0.01,40.9,499580,1641906725.31627,0
761.93,2.89,0,0.01,40.9,499600,1641906725.33607,0
761.93,2.89,0,0.01,40.9,499620,1641906725.3566,0
761.93,2.89,0,0.01,40.9,499640,1641906725.37691,0
761.93,2.89,0,0.01,40.9,499660,1641906725.3986,0
761.93,2.89,0,0.01,40.9,499680,1641906725.41874,0
761.93,2.89,0,0.01,40.9,499700,1641906725.43913,0
761.93,2.89,0,0.01,40.9,499720,1641906725.45485,0
761.93,2.89,0,0.01,40.9,499740,1641906725.47527,0
761.93,2.89,0,0.01,40.9,499760,1641906725.49665,0
761.93,2.89,0,0.01,40.9,499780,1641906725.51709,0
761.93,2.89,0,0.01,40.9,499800,1641906725.53707,0
761.93,2.89,0,0.01,40.9,499820,1641906725.55733,0
761.93,2.89,0,0.01,40.9,499840,1641906725.57811,0
761.93,2.89,0,0.01,40.9,499860,1641906725.59894,0
761.93,2.89,0,0.01,40.9,499879,1641906725.61905,0
761.93,2.89,0,0.01,40.9,499900,1641906725.63534,0
761.93,2.89,0,0.01,40.9,499920,1641906725.65559,0
761.93,2.89,0,0.01,40.9,499940,1641906725.67598,0
761.93,2.89,0,0.01,40.9,499960,1641906725.69718,0
761.93,2.89,0,0.01,40.9,499980,1641906725.71771,0
761.93,2.89,0,0.01,40.9,500000,1641906725.73781,0
761.93,2.89,0,0.01,40.9,500020,1641906725.75829,0
761.93,2.89,0,0.01,40.9,500040,1641906725.77861,0
761.93,2.89,0,0.01,40.9,500060,1641906725.79969,0
761.93,2.89,0,0.01,40.9,500080,1641906725.81569,0
761.93,2.89,0,0.01,40.9,500100,1641906725.83607,0
761.93,2.89,0,0.01,40.9,500120,1641906725.85638,0
761.93,2.89,0,0.01,40.9,500140,1641906725.88092,0
761.93,2.89,0,0.01,40.9,500160,1641906725.8983,0
761.93,2.89,0,0.01,40.9,500179,1641906725.91892,0
761.93,2.89,0,0.01,40.9,500200,1641906725.93775,0
761.93,2.89,0,0.01,40.9,500220,1641906725.95917,0
761.93,2.89,0,0.01,40.9,500240,1641906725.97847,0
761.93,2.89,0,0.01,40.9,500260,1641906725.99635,0
761.93,2.89,0,0.01,40.9,500280,1641906726.025,0
761.93,2.89,0,0.01,40.9,500300,1641906726.03779,0
761.93,2.89,0,0.01,40.9,500320,1641906726.0574,0
761.93,2.89,0,0.01,40.9,500340,1641906726.0777,0
761.93,2.89,0,0.01,40.9,500360,1641906726.0975,0
761.93,2.89,0,0.01,40.9,500380,1641906726.12401,0
761.93,2.89,0,0,40.9,500400,1641906726.14038,0
761.93,2.89,0,0,40.9,500420,1641906726.15875,0
761.93,2.89,0,0.01,40.9,500440,1641906726.18335,0
761.93,2.89,0,0.01,40.9,500460,1641906726.19647,0
761.93,2.89,0,0.01,40.9,500481,1641906726.21593,0
761.93,2.89,0,0,40.9,500500,1641906726.24107,0
761.93,2.89,0,0,40.9,500519,1641906726.25804,0
761.93,2.89,0,0.01,40.9,500540,1641906726.27847,0
761.93,2.89,0,0.01,40.9,500559,1641906726.29901,0
761.93,2.89,0,0,40.9,500580,1641906726.32532,0
761.93,2.89,0,0,40.9,500600,1641906726.34095,0
761.93,2.89,0,0,40.9,500620,1641906726.35606,0
761.93,2.89,0,0.01,40.9,500640,1641906726.37607,0
761.93,2.89,0,0.01,40.9,500660,1641906726.39646,0
761.93,2.89,0,0,40.9,500680,1641906726.42221,0
761.93,2.89,0,0,40.9,500700,1641906726.43841,0
761.93,2.89,0,0,40.9,500720,1641906726.46438,0
761.93,2.89,0,0.01,40.9,500740,1641906726.47831,0
761.93,2.89,0,0.01,40.9,500760,1641906726.49946,0
761.93,2.89,0,0,40.9,500780,1641906726.527,0
761.93,2.89,0,0,40.9,500800,1641906726.54342,0
761.93,2.89,0,0,40.9,500820,1641906726.55617,0
761.93,2.89,0,0.01,40.9,500840,1641906726.57662,0
761.93,2.89,0,0.01,40.9,500859,1641906726.60131,0
761.93,2.89,0,0,40.9,500880,1641906726.62092,0
761.93,2.89,0,0,40.9,500900,1641906726.63948,0
761.93,2.89,0,0,40.9,500920,1641906726.66028,0
761.93,2.89,0,0.01,40.9,500940,1641906726.68085,0
761.93,2.89,0,0.01,40.9,500960,1641906726.70101,0
761.93,2.89,0,0.01,40.9,500980,1641906726.72187,0
761.93,2.89,0,0,40.9,501000,1641906726.73729,0
761.93,2.89,0,0,40.9,501020,1641906726.75725,0
761.93,2.89,0,0.01,40.9,501040,1641906726.77861,0
761.93,2.89,0,0.01,40.9,501060,1641906726.79831,0
761.93,2.89,0,0.01,40.9,501080,1641906726.82018,0
761.93,2.89,0,0,40.9,501100,1641906726.83919,0
761.93,2.89,0,0,40.9,501120,1641906726.86023,0
761.93,2.89,0,0.01,40.9,501140,1641906726.88039,0
761.93,2.89,0,0.01,40.9,501159,1641906726.89751,0
761.93,2.89,0,0,40.9,501180,1641906726.91905,0
761.93,2.89,0,0,40.9,501200,1641906726.93824,0
761.93,2.89,0,0,40.9,501220,1641906726.95897,0
761.93,2.89,0,0.01,40.9,501240,1641906726.97909,0
761.93,2.89,0,0.01,40.9,501260,1641906726.99937,0
761.93,2.89,0,0.01,40.9,501280,1641906727.01997,0
761.93,2.89,0,0.01,40.9,501300,1641906727.03983,0
761.93,2.89,0,0.01,40.9,501320,1641906727.06132,0
761.93,2.89,0,0.01,40.9,501340,1641906727.08178,0
761.93,2.89,0,0.01,40.9,501360,1641906727.09707,0
761.93,2.89,0,0.01,40.9,501380,1641906727.11959,0
761.93,2.89,0,0.01,40.9,501400,1641906727.13931,0
761.93,2.89,0,0.01,40.9,501421,1641906727.15971,0
761.93,2.89,0,0.01,40.9,501440,1641906727.18047,0
761.93,2.89,0,0.01,40.9,501459,1641906727.20091,0
761.93,2.89,0,0.01,40.9,501480,1641906727.22102,0
761.93,2.89,0,0,40.9,501500,1641906727.24659,0
761.93,2.89,0,0,40.9,501520,1641906727.26158,0
761.93,2.89,0,0.01,40.9,501540,1641906727.27699,0
761.93,2.89,0,0.01,40.9,501560,1641906727.29763,0
761.93,2.89,0,0,40.9,501580,1641906727.33002,0
761.93,2.89,0,0,40.9,501600,1641906727.3403,0
761.93,2.89,0,0,40.9,501620,1641906727.35925,0
761.93,2.89,0,0.01,40.9,501640,1641906727.37971,0
761.93,2.89,0,0.01,40.9,501660,1641906727.40798,0
761.93,2.89,0,0,40.9,501680,1641906727.42228,0
761.93,2.89,0,0,40.9,501700,1641906727.4418,0
761.93,2.89,0,0,40.9,501720,1641906727.45862,0
761.93,2.89,0,0.01,40.9,501740,1641906727.478,0
761.93,2.89,0,0.01,40.9,501760,1641906727.49905,0
761.93,2.89,0,0,40.9,501780,1641906727.5195,0
761.93,2.89,0,0,40.9,501799,1641906727.53979,0
761.93,2.89,0,0,40.9,501820,1641906727.56125,0
761.93,2.89,0,0.01,40.9,501840,1641906727.58036,0
761.93,2.89,0,0,40.9,501860,1641906727.60106,0
761.93,2.89,0,0,40.9,501880,1641906727.62107,0
761.93,2.89,0,0,40.9,501900,1641906727.63789,0
761.93,2.89,0,0,40.9,501920,1641906727.65821,0
761.93,2.89,0,0.01,40.9,501940,1641906727.67889,0
761.93,2.89,0,0,40.9,501960,1641906727.6992,0
761.93,2.89,0,0,40.9,501980,1641906727.72059,0
761.93,2.89,0,0,40.9,502000,1641906727.74003,0
761.93,2.89,0,0,40.9,502020,1641906727.76047,0
761.93,2.89,0,0.01,40.9,502040,1641906727.78101,0
761.93,2.89,0,0,40.9,502060,1641906727.80233,0
761.93,2.89,0,0,40.9,502080,1641906727.82254,0
761.93,2.89,0,0,40.9,502099,1641906727.83904,0
761.93,2.89,0,0,40.9,502120,1641906727.85967,0
761.93,2.89,0,0.01,40.9,502140,1641906727.88004,0
761.93,2.89,0,0,40.9,502160,1641906727.90013,0
761.93,2.89,0,0,40.9,502180,1641906727.92102,0
761.93,2.89,0,0,40.9,502200,1641906727.9466,0
761.93,2.89,0,0,40.9,502220,1641906727.96173,0
761.93,2.89,0,0.01,40.9,502240,1641906727.98131,0
761.93,2.89,0,0,40.9,502260,1641906727.9984,0
761.93,2.89,0,0,40.9,502280,1641906728.02311,0
761.93,2.89,0,0,40.9,502300,1641906728.04048,0
761.93,2.89,0,0,40.9,502320,1641906728.05979,0
761.93,2.89,0,0.01,40.9,502340,1641906728.0802,0
761.93,2.89,0,0,40.9,502360,1641906728.10054,0
761.93,2.89,0,0,40.9,502380,1641906728.12121,0
761.93,2.89,0,0,40.9,502400,1641906728.14166,0
761.93,2.89,0,0,40.9,502420,1641906728.1617,0
761.93,2.89,0,0.01,40.9,502439,1641906728.17905,0
761.93,2.89,0,0,40.9,502460,1641906728.19996,0
761.93,2.89,0,0,40.9,502480,1641906728.22015,0
761.93,2.89,0,0,40.9,502500,1641906728.24059,0
761.93,2.89,0,0,40.9,502520,1641906728.26117,0
761.93,2.89,0,0.01,40.9,502540,1641906728.28169,0
761.93,2.89,0,0,40.9,502560,1641906728.30179,0
761.93,2.89,0,0,40.9,502580,1641906728.32269,0
761.93,2.89,0,0,40.9,502600,1641906728.34276,0
761.93,2.89,0,0,40.9,502620,1641906728.35952,0
761.93,2.89,0,0.01,40.9,502640,1641906728.38018,0
761.93,2.89,0,0,40.9,502660,1641906728.40068,0
761.93,2.89,0,0,40.9,502680,1641906728.42075,0
761.93,2.89,0,0,40.9,502700,1641906728.44084,0
761.93,2.89,0,0,40.9,502720,1641906728.46129,0
761.93,2.89,0,0.01,40.9,502739,1641906728.48168,0
761.93,2.89,0,0,40.9,502760,1641906728.50377,0
761.93,2.89,0,0,40.9,502780,1641906728.52277,0
761.93,2.89,0,0,40.9,502800,1641906728.53955,0
761.93,2.89,0,0,40.9,502820,1641906728.56,0
761.93,2.89,0,0.01,40.9,502840,1641906728.58026,0
761.93,2.89,0,0,40.9,502859,1641906728.60235,0
761.93,2.89,0,0,40.9,502880,1641906728.62134,0
761.93,2.89,0,0,40.9,502900,1641906728.64168,0
761.93,2.89,0,0,40.9,502920,1641906728.66199,0
761.93,2.89,0,0.01,40.9,502940,1641906728.68278,0
761.93,2.89,0,0,40.9,502960,1641906728.7038,0
761.93,2.89,0,0,40.9,502980,1641906728.72399,0
761.93,2.89,0,0,40.9,503000,1641906728.74042,0
761.93,2.89,0,0,40.9,503020,1641906728.76063,0
761.93,2.89,0,0.01,40.9,503040,1641906728.78093,0
761.93,2.89,0,0,40.9,503060,1641906728.80218,0
761.93,2.89,0,0,40.9,503080,1641906728.82223,0
761.93,2.89,0,0,40.9,503100,1641906728.84229,0
761.93,2.89,0,0,40.9,503120,1641906728.86364,0
761.93,2.89,0,0.01,40.9,503140,1641906728.88417,0
761.93,2.89,0,0,40.9,503159,1641906728.90082,0
761.93,2.89,0,0,40.9,503180,1641906728.92062,0
761.93,2.89,0,0,40.9,503200,1641906728.941,0
761.93,2.89,0,0,40.9,503220,1641906728.96146,0
761.93,2.89,0,0.01,40.9,503240,1641906728.98204,0
761.93,2.89,0,0,40.9,503260,1641906729.00231,0
761.93,2.89,0,0,40.9,503280,1641906729.02363,0
761.93,2.89,0,0,40.9,503300,1641906729.0438,0
761.93,2.89,0,0,40.9,503320,1641906729.06455,0
761.93,2.89,0,0.01,40.9,503340,1641906729.08468,0
761.93,2.89,0,0,40.9,503360,1641906729.10471,0
761.93,2.89,0,0,40.9,503380,1641906729.12366,0
761.93,2.89,0,0,40.9,503400,1641906729.14098,0
761.93,2.89,0,0,40.9,503419,1641906729.16164,0
761.93,2.89,0,0.01,40.9,503440,1641906729.18186,0
761.93,2.89,0,0,40.9,503460,1641906729.2025,0
761.93,2.89,0,0,40.9,503480,1641906729.22285,0
761.93,2.89,0,0,40.9,503500,1641906729.24295,0
761.93,2.89,0,0,40.9,503520,1641906729.26417,0
761.93,2.89,0,0.01,40.9,503540,1641906729.28024,0
761.93,2.89,0,0,40.9,503560,1641906729.30039,0
761.93,2.89,0,0,40.9,503580,1641906729.32152,0
761.93,2.89,0,0,40.9,503600,1641906729.34705,0
761.93,2.89,0,0,40.9,503620,1641906729.36408,0
761.93,2.89,0,0.01,40.9,503640,1641906729.3827,0
761.93,2.89,0,0,40.9,503660,1641906729.40493,0
761.93,2.89,0,0,40.9,503681,1641906729.42356,0
761.93,2.89,0,0,40.9,503700,1641906729.44391,0
761.93,2.89,0,0,40.9,503719,1641906729.46038,0
761.93,2.89,0,0.01,40.9,503740,1641906729.4805,0
761.93,2.89,0,0,40.9,503760,1641906729.50083,0
761.93,2.89,0,0,40.9,503780,1641906729.52459,0
761.93,2.89,0,0,40.9,503800,1641906729.54663,0
761.93,2.89,0,0,40.9,503820,1641906729.56315,0
761.93,2.89,0,0.01,40.9,503840,1641906729.58368,0
761.93,2.89,0,0,40.9,503860,1641906729.60414,0
761.93,2.89,0,0,40.9,503880,1641906729.62461,0
761.93,2.89,0,0,40.9,503900,1641906729.64113,0
761.93,2.89,0,0,40.9,503920,1641906729.66777,0
761.93,2.89,0,0.01,40.9,503940,1641906729.68369,0
761.93,2.89,0,0,40.9,503960,1641906729.70375,0
761.93,2.89,0,0,40.9,503980,1641906729.72276,0
761.93,2.89,0,0,40.9,504000,1641906729.74338,0
761.93,2.89,0,0,40.9,504019,1641906729.76411,0
761.93,2.89,0,0.01,40.9,504040,1641906729.78333,0
761.93,2.89,0,0,40.9,504060,1641906729.80694,0
761.93,2.89,0,0,40.9,504080,1641906729.82308,0
761.93,2.89,0,0,40.9,504100,1641906729.84357,0
761.93,2.89,0,0,40.9,504120,1641906729.86486,0
761.93,2.89,0,0.01,40.9,504140,1641906729.882,0
761.93,2.89,0,0,40.9,504160,1641906729.90296,0
761.93,2.89,0,0,40.9,504180,1641906729.92358,0
761.93,2.89,0,0,40.9,504200,1641906729.94329,0
761.93,2.89,0,0,40.9,504220,1641906729.96475,0
761.93,2.89,0,0.01,40.9,504240,1641906729.99113,0
761.93,2.89,0,0,40.9,504260,1641906730.00529,0
761.93,2.89,0,0,40.9,504280,1641906730.02215,0
761.93,2.89,0,0,40.9,504300,1641906730.04224,0
761.93,2.89,0,0,40.9,504320,1641906730.06512,0
761.93,2.89,0,0.01,40.9,504340,1641906730.08281,0
761.93,2.89,0,0,40.9,504360,1641906730.10329,0
761.93,2.89,0,0,40.9,504380,1641906730.14061,0
761.93,2.89,0,0,40.9,504400,1641906730.14875,0
761.93,2.89,0,0,40.9,504420,1641906730.16533,0
761.93,2.89,0,0.01,40.9,504440,1641906730.18226,0
761.93,2.89,0,0,40.9,504460,1641906730.20235,0
761.93,2.89,0,0,40.9,504480,1641906730.22358,0
761.93,2.89,0,0,40.9,504500,1641906730.24357,0
761.93,2.89,0,0,40.9,504520,1641906730.26679,0
761.93,2.89,0,0,40.9,504540,1641906730.28401,0
761.93,2.89,0,0,40.9,504560,1641906730.30428,0
761.93,2.89,0,0,40.9,504580,1641906730.33563,0
761.93,2.89,0,0,40.9,504600,1641906730.34748,0
761.93,2.89,0,0.01,40.9,504620,1641906730.36526,0
761.93,2.89,0,0,40.9,504640,1641906730.38215,0
761.93,2.89,0,0,40.9,504659,1641906730.40396,0
761.93,2.89,0,0,40.9,504680,1641906730.42359,0
761.93,2.89,0,0,40.9,504699,1641906730.44386,0
761.93,2.89,0,0.01,40.9,504720,1641906730.46385,0
761.93,2.89,0,0,40.9,504739,1641906730.48392,0
761.93,2.89,0,0,40.9,504760,1641906730.50925,0
761.93,2.89,0,0,40.9,504780,1641906730.52753,0
761.93,2.89,0,0,40.9,504800,1641906730.54722,0
761.93,2.89,0,0.01,40.9,504820,1641906730.56224,0
761.93,2.89,0,0,40.9,504840,1641906730.58267,0
761.93,2.89,0,0,40.9,504860,1641906730.60367,0
761.93,2.89,0,0,40.9,504880,1641906730.62388,0
761.93,2.89,0,0,40.9,504900,1641906730.64376,0
