733.14,4.36,0,0,55.51,2874929,1642182225.96922,-2.79
733.14,4.36,0,0,55.51,2874948,1642182225.97021,-2.79
733.14,4.36,0,0,55.51,2874969,1642182225.97116,-2.79
733.14,4.36,0,0,55.51,2874989,1642182225.97209,-2.79
733.14,4.36,0,0,55.51,2875009,1642182225.97314,-2.79
733.14,4.36,0,0,55.51,2875029,1642182225.97415,-2.79
733.14,4.36,0,0,55.51,2875048,1642182225.97501,-2.79
733.14,4.36,0,0,55.51,2875069,1642182225.97654,-2.79
733.14,4.36,0,0,55.51,2875088,1642182225.99726,-2.79
733.14,4.36,0,0,55.51,2875109,1642182226.09225,-2.79
733.14,4.36,0,0,55.51,2875128,1642182226.09411,-2.79
733.14,4.36,0,0,55.51,2875149,1642182226.09813,-2.79
733.14,4.36,0,0,55.51,2875168,1642182226.10151,-2.79
733.14,4.36,0,0,55.51,2875189,1642182226.10437,-2.79
733.14,4.36,0,0,55.51,2875208,1642182226.13127,-2.79
733.14,4.36,0,0,55.51,2875229,1642182226.13344,-2.79
733.14,4.36,0,0,55.51,2875248,1642182226.15199,-2.79
733.14,4.36,0,0,55.51,2875269,1642182226.172,-2.79
733.14,4.36,0,0,55.51,2875289,1642182226.1928,-2.79
733.14,4.36,0,0,55.51,2875309,1642182226.21611,-2.79
733.14,4.36,0,0,55.51,2875329,1642182226.23515,-2.79
733.14,4.36,0,0,55.51,2875348,1642182226.25458,-2.79
733.14,4.36,0,0,55.51,2875369,1642182226.27413,-2.79
733.14,4.36,0,0,55.51,2875388,1642182226.29128,-2.79
733.14,4.36,0,0,55.51,2875409,1642182226.31185,-2.79
733.14,4.36,0,0,55.51,2875428,1642182226.33372,-2.79
733.14,4.36,0,0,55.51,2875449,1642182226.35391,-2.79
733.14,4.36,0,0,55.51,2875468,1642182226.37574,-2.79
733.14,4.36,0,0,55.51,2875489,1642182226.39493,-2.79
733.14,4.36,0,0,55.51,2875508,1642182226.41862,-2.79
733.14,4.36,0,0,55.51,2875529,1642182226.43453,-2.79
733.14,4.36,0,0,55.51,2875548,1642182226.46,-2.79
733.14,4.36,0,0,55.51,2875569,1642182226.47292,-2.79
733.14,4.36,0,0,55.51,2875588,1642182226.49383,-2.79
733.14,4.36,0,0,55.51,2875609,1642182226.52306,-2.79
733.14,4.36,0,0,55.51,2875629,1642182226.54586,-2.79
733.14,4.36,0,0,55.51,2875649,1642182226.55899,-2.79
733.14,4.36,0,0,55.51,2875669,1642182226.57611,-2.79
733.14,4.36,0,0,55.51,2875688,1642182226.59415,-2.79
733.14,4.36,0,0,55.51,2875709,1642182226.61578,-2.79
733.14,4.36,0,0,55.51,2875728,1642182226.63533,-2.79
733.14,4.36,0,0,55.51,2875749,1642182226.65131,-2.79
733.14,4.36,0,0,55.51,2875768,1642182226.67219,-2.79
733.14,4.36,0,0,55.51,2875789,1642182226.6937,-2.79
733.14,4.36,0,0,55.51,2875808,1642182226.71734,-2.79
733.14,4.36,0,0,55.51,2875829,1642182226.73708,-2.79
733.14,4.36,0,0,55.51,2875848,1642182226.75742,-2.79
733.14,4.36,0,0,55.51,2875869,1642182226.77709,-2.79
733.14,4.36,0,0,55.51,2875888,1642182226.79534,-2.79
733.14,4.36,0,0,55.51,2875909,1642182226.81583,-2.79
733.14,4.36,0,0,55.51,2875929,1642182226.83228,-2.79
733.14,4.36,0,0,55.51,2875949,1642182226.85318,-2.79
733.14,4.36,0,0,55.51,2875969,1642182226.87359,-2.79
733.14,4.36,0,0,55.51,2875988,1642182226.8938,-2.79
733.14,4.36,0,0,55.51,2876009,1642182226.91466,-2.79
733.14,4.36,0,0,55.51,2876028,1642182226.93415,-2.79
733.14,4.36,0,0,55.51,2876049,1642182226.95454,-2.79
733.14,4.36,0,0,55.51,2876068,1642182226.97487,-2.79
733.14,4.36,0,0,55.51,2876089,1642182226.99549,-2.79
733.14,4.36,0,0,55.51,2876108,1642182227.01268,-2.79
733.14,4.36,0,0,55.51,2876129,1642182227.03311,-2.79
733.14,4.36,0,0,55.51,2876148,1642182227.05356,-2.79
733.14,4.36,0,0,55.51,2876169,1642182227.07377,-2.79
733.14,4.36,0,0,55.51,2876188,1642182227.09445,-2.79
733.14,4.36,0,0,55.51,2876209,1642182227.11495,-2.79
733.14,4.36,0,0,55.51,2876228,1642182227.13518,-2.79
733.14,4.36,0,0,55.51,2876249,1642182227.15636,-2.79
733.14,4.36,0,0,55.51,2876269,1642182227.17648,-2.79
733.14,4.36,0,0,55.51,2876289,1642182227.19226,-2.79
733.14,4.36,0,0,55.51,2876309,1642182227.21266,-2.79
733.14,4.36,0,0,55.51,2876328,1642182227.23312,-2.79
733.14,4.36,0,0,55.51,2876349,1642182227.25418,-2.79
733.14,4.36,0,0,55.51,2876368,1642182227.27465,-2.79
733.14,4.36,0,0,55.51,2876389,1642182227.30267,-2.79
733.14,4.36,0,0,55.51,2876408,1642182227.31617,-2.79
733.14,4.36,0,0,55.51,2876429,1642182227.33594,-2.79
733.14,4.36,0,0,55.51,2876448,1642182227.3559,-2.79
733.14,4.36,0,0,55.51,2876469,1642182227.37264,-2.79
733.14,4.36,0,0,55.51,2876489,1642182227.39267,-2.79
733.14,4.36,0,0,55.51,2876509,1642182227.41299,-2.79
733.14,4.36,0,0,55.51,2876529,1642182227.43488,-2.79
733.14,4.36,0,0,55.51,2876549,1642182227.45476,-2.79
733.14,4.36,0,0,55.51,2876569,1642182227.47549,-2.79
733.14,4.36,0,0,55.51,2876589,1642182227.49607,-2.79
733.14,4.36,0,0,55.51,2876609,1642182227.52215,-2.79
733.14,4.36,0,0,55.51,2876628,1642182227.54567,-2.79
733.14,4.36,0,0,55.51,2876649,1642182227.5545,-2.79
733.14,4.36,0,0,55.51,2876668,1642182227.57337,-2.79
733.14,4.36,0,0,55.51,2876689,1642182227.59347,-2.79
733.14,4.36,0,0,55.51,2876708,1642182227.61411,-2.79
733.14,4.36,0,0,55.51,2876729,1642182227.63417,-2.79
733.14,4.36,0,0,55.51,2876748,1642182227.6556,-2.79
733.14,4.36,0,0,55.51,2876769,1642182227.67575,-2.79
733.14,4.36,0,0,55.51,2876788,1642182227.69643,-2.79
733.14,4.36,0,-0.01,55.51,2876809,1642182227.71677,-2.79
733.14,4.36,0,0,55.51,2876829,1642182227.73675,-2.79
733.14,4.36,0,0,55.51,2876849,1642182227.7536,-2.79
733.14,4.36,0,0,55.51,2876869,1642182227.77417,-2.79
733.14,4.36,0,0,55.51,2876889,1642182227.79447,-2.79
733.14,4.36,0,-0.01,55.51,2876909,1642182227.81468,-2.79
733.14,4.36,0,-0.01,55.51,2876930,1642182227.83505,-2.79
733.14,4.36,0,-0.01,55.51,2876949,1642182227.85536,-2.79
733.14,4.36,0,-0.01,55.51,2876969,1642182227.87667,-2.79
733.14,4.36,0,-0.01,55.51,2876989,1642182227.89698,-2.79
733.14,4.36,0,-0.01,55.51,2877009,1642182227.91731,-2.79
733.14,4.36,0,-0.01,55.51,2877029,1642182227.93349,-2.79
733.14,4.36,0,-0.01,55.51,2877049,1642182227.95448,-2.79
733.14,4.36,0,-0.01,55.51,2877069,1642182227.97482,-2.79
733.14,4.36,0,-0.01,55.51,2877089,1642182227.99549,-2.79
733.14,4.36,0,-0.01,55.51,2877109,1642182228.01593,-2.79
733.14,4.36,0,-0.01,55.51,2877129,1642182228.03586,-2.79
733.14,4.36,0,-0.01,55.51,2877149,1642182228.05615,-2.79
733.14,4.36,0,-0.01,55.51,2877169,1642182228.07656,-2.79
733.14,4.36,0,-0.01,55.51,2877190,1642182228.09787,-2.79
733.14,4.36,0,-0.01,55.51,2877209,1642182228.11879,-2.79
733.14,4.36,0,-0.01,55.51,2877230,1642182228.13402,-2.79
733.14,4.36,0,-0.01,55.51,2877249,1642182228.1616,-2.79
733.14,4.36,0,-0.01,55.51,2877270,1642182228.17569,-2.79
733.14,4.36,0,-0.01,55.51,2877289,1642182228.19553,-2.79
733.14,4.36,0,-0.01,55.51,2877309,1642182228.22197,-2.79
733.14,4.36,0,-0.01,55.51,2877329,1642182228.237,-2.79
733.14,4.36,0,-0.01,55.51,2877349,1642182228.25694,-2.79
733.14,4.36,0,0,55.51,2877369,1642182228.27744,-2.79
733.14,4.36,0,-0.01,55.51,2877389,1642182228.29803,-2.79
733.14,4.36,0,-0.01,55.51,2877409,1642182228.31544,-2.79
733.14,4.36,0,-0.01,55.51,2877429,1642182228.33554,-2.79
733.14,4.36,0,-0.01,55.51,2877449,1642182228.35594,-2.79
733.14,4.36,0,0,55.51,2877469,1642182228.37661,-2.79
733.14,4.36,0,-0.01,55.51,2877489,1642182228.39725,-2.79
733.14,4.36,0,-0.01,55.53,2877509,1642182228.41898,-2.79
733.14,4.36,0,-0.01,55.53,2877530,1642182228.43793,-2.79
733.14,4.36,0,-0.01,55.53,2877549,1642182228.45861,-2.79
733.14,4.36,0,0,55.55,2877570,1642182228.47933,-2.79
733.14,4.36,0,-0.01,55.58,2877589,1642182228.49535,-2.79
733.14,4.36,0,-0.01,55.7,2877609,1642182228.51691,-2.79
733.14,4.36,0,-0.01,55.83,2877629,1642182228.53614,-2.79
733.14,4.36,0,-0.01,55.9,2877649,1642182228.55631,-2.79
733.14,4.36,0,0,55.96,2877669,1642182228.57651,-2.79
733.14,4.36,0,-0.01,56.03,2877689,1642182228.59836,-2.79
733.14,4.36,0,-0.01,56.08,2877709,1642182228.61855,-2.79
733.14,4.36,0,-0.01,56.16,2877729,1642182228.63884,-2.79
733.14,4.36,0,-0.01,56.25,2877749,1642182228.6588,-2.79
733.14,4.36,0,0,56.31,2877769,1642182228.67541,-2.79
733.14,4.36,0,-0.01,56.4,2877789,1642182228.69615,-2.79
733.14,4.36,0,-0.01,56.48,2877809,1642182228.71715,-2.79
733.14,4.36,0,-0.01,56.56,2877830,1642182228.73753,-2.79
733.14,4.36,0,-0.01,56.65,2877849,1642182228.75767,-2.79
733.14,4.36,0,0,56.75,2877870,1642182228.77827,-2.79
733.14,4.36,0,-0.01,56.91,2877889,1642182228.79846,-2.79
733.14,4.36,0,-0.01,57.2,2877910,1642182228.81873,-2.79
733.14,4.36,0,-0.01,57.51,2877929,1642182228.8388,-2.79
733.14,4.36,0,-0.01,57.81,2877949,1642182228.85925,-2.79
733.14,4.36,0,0,58.1,2877969,1642182228.87614,-2.79
733.14,4.36,0,-0.01,58.43,2877989,1642182228.89675,-2.79
733.14,4.36,0,-0.01,58.73,2878009,1642182228.92382,-2.79
733.14,4.36,0,-0.01,58.75,2878029,1642182228.94202,-2.79
733.14,4.36,0,-0.01,58.75,2878050,1642182228.95843,-2.79
733.14,4.36,0,0,58.75,2878069,1642182228.97872,-2.79
733.14,4.36,0,-0.01,58.75,2878090,1642182228.99962,-2.79
733.14,4.36,0,-0.01,58.75,2878109,1642182229.01942,-2.79
733.14,4.36,0,-0.01,58.75,2878130,1642182229.03976,-2.79
733.14,4.36,0,-0.01,58.75,2878149,1642182229.06033,-2.79
733.14,4.36,0,-0.01,58.75,2878170,1642182229.07615,-2.79
733.14,4.36,0,-0.01,58.75,2878190,1642182229.09682,-2.79
733.14,4.36,0,-0.01,58.73,2878210,1642182229.11723,-2.79
733.14,4.36,0,-0.01,58.73,2878229,1642182229.14346,-2.79
733.14,4.36,0,-0.01,58.73,2878249,1642182229.16104,-2.79
733.14,4.36,0,0,58.7,2878269,1642182229.17965,-2.79
733.14,4.36,0,-0.01,58.68,2878289,1642182229.2004,-2.79
733.14,4.36,0,-0.01,58.68,2878310,1642182229.2204,-2.79
733.14,4.36,0,-0.01,58.68,2878329,1642182229.2404,-2.79
733.14,4.36,0,-0.01,58.68,2878350,1642182229.25687,-2.79
733.14,4.36,0,-0.01,58.68,2878369,1642182229.2773,-2.79
733.14,4.36,0,-0.01,58.68,2878390,1642182229.29769,-2.79
733.14,4.36,0,-0.01,58.66,2878409,1642182229.3233,-2.79
733.14,4.36,0,-0.01,58.63,2878429,1642182229.33907,-2.79
733.14,4.36,0,-0.01,58.63,2878449,1642182229.35901,-2.79
733.14,4.36,0,0,58.63,2878469,1642182229.37949,-2.79
733.14,4.36,0,-0.01,58.63,2878489,1642182229.39663,-2.79
733.14,4.36,0,-0.01,58.63,2878510,1642182229.42003,-2.79
733.14,4.36,0,-0.01,58.63,2878529,1642182229.43799,-2.79
733.14,4.36,0,-0.01,58.63,2878550,1642182229.45764,-2.79
733.14,4.36,0,-0.01,58.61,2878570,1642182229.47795,-2.79
733.14,4.36,0,-0.01,58.6,2878589,1642182229.498,-2.79
733.14,4.36,0,-0.01,58.56,2878609,1642182229.51897,-2.79
733.14,4.36,0,-0.01,58.5,2878629,1642182229.53939,-2.79
733.14,4.36,0,-0.01,58.43,2878649,1642182229.55961,-2.79
733.14,4.36,0,0,58.36,2878669,1642182229.57663,-2.79
733.14,4.36,0,-0.01,58.31,2878689,1642182229.59685,-2.79
733.14,4.36,0,-0.01,58.25,2878709,1642182229.61727,-2.79
733.14,4.36,0,-0.01,58.18,2878730,1642182229.63706,-2.79
733.14,4.36,0,-0.01,58.1,2878749,1642182229.66243,-2.79
733.14,4.36,0,-0.01,58,2878770,1642182229.67897,-2.79
733.14,4.36,0,-0.01,57.88,2878789,1642182229.69902,-2.79
733.14,4.36,0,-0.01,57.75,2878810,1642182229.71999,-2.79
733.14,4.36,0,-0.01,57.61,2878829,1642182229.7455,-2.79
733.14,4.36,0,-0.01,57.5,2878850,1642182229.76207,-2.79
733.14,4.36,0,-0.01,57.41,2878869,1642182229.77915,-2.79
733.14,4.36,0,-0.01,57.35,2878889,1642182229.79833,-2.79
733.14,4.36,0,-0.01,57.28,2878909,1642182229.81775,-2.79
733.14,4.36,0,-0.01,57.21,2878929,1642182229.83851,-2.79
733.14,4.36,0,-0.01,57.13,2878949,1642182229.85921,-2.79
733.14,4.36,0,-0.01,57.01,2878969,1642182229.8831,-2.79
733.14,4.36,0,-0.01,56.86,2878989,1642182229.90001,-2.79
733.14,4.36,0,-0.01,56.73,2879009,1642182229.92038,-2.79
733.14,4.36,0,-0.01,56.6,2879030,1642182229.93979,-2.79
733.14,4.36,0,-0.01,56.43,2879049,1642182229.9667,-2.79
733.14,4.36,0,-0.01,56.25,2879070,1642182229.97838,-2.79
733.14,4.36,0,-0.01,56.1,2879089,1642182229.99794,-2.79
733.14,4.36,0,-0.01,55.96,2879110,1642182230.01873,-2.79
733.14,4.36,0,-0.01,55.83,2879129,1642182230.03917,-2.79
733.14,4.36,0,-0.01,55.61,2879150,1642182230.05932,-2.79
733.14,4.36,0,-0.01,55.33,2879169,1642182230.07974,-2.79
733.14,4.36,0,-0.01,54.96,2879190,1642182230.1013,-2.79
733.14,4.36,0,-0.01,54.51,2879209,1642182230.12135,-2.79
733.14,4.36,0,-0.01,54,2879229,1642182230.13811,-2.79
733.14,4.36,0,-0.01,53.45,2879249,1642182230.15866,-2.79
733.14,4.36,0,-0.01,52.83,2879269,1642182230.17866,-2.79
733.14,4.36,0,-0.01,52.2,2879289,1642182230.19989,-2.79
733.14,4.36,0,-0.01,51.5,2879309,1642182230.21958,-2.79
733.14,4.36,0,-0.01,50.73,2879330,1642182230.23974,-2.79
733.14,4.36,0,-0.01,49.93,2879349,1642182230.26028,-2.79
733.14,4.36,0,-0.01,49.12,2879370,1642182230.28104,-2.79
733.14,4.36,0,-0.01,48.3,2879389,1642182230.3012,-2.79
733.14,4.36,0,-0.01,47.45,2879410,1642182230.32179,-2.79
733.14,4.36,0,-0.01,46.58,2879429,1642182230.33808,-2.79
733.14,4.36,0,-0.01,45.68,2879450,1642182230.3584,-2.79
733.14,4.36,0,-0.01,44.8,2879469,1642182230.37954,-2.79
733.14,4.36,0,-0.01,44.02,2879490,1642182230.40048,-2.79
733.14,4.36,0,-0.01,43.28,2879509,1642182230.41999,-2.79
733.14,4.36,0,-0.01,42.65,2879529,1642182230.44025,-2.79
733.14,4.36,0,-0.01,42.17,2879549,1642182230.46075,-2.79
733.14,4.36,0,-0.01,41.75,2879569,1642182230.48123,-2.79
733.14,4.36,0,-0.01,41.4,2879589,1642182230.49839,-2.79
733.14,4.36,0,-0.01,41.15,2879609,1642182230.51883,-2.79
733.14,4.36,0,-0.01,41.02,2879630,1642182230.54548,-2.79
733.14,4.36,0,-0.01,40.92,2879649,1642182230.56542,-2.79
733.14,4.36,0,-0.01,40.82,2879670,1642182230.57972,-2.79
733.14,4.36,0,-0.01,40.7,2879689,1642182230.59981,-2.79
733.14,4.36,0,-0.01,40.58,2879710,1642182230.62022,-2.79
733.14,4.36,0,-0.01,40.4,2879729,1642182230.64042,-2.79
733.14,4.36,0,-0.01,40.13,2879750,1642182230.6619,-2.79
733.14,4.36,0,-0.01,39.82,2879769,1642182230.68187,-2.79
733.14,4.36,0,-0.01,39.45,2879790,1642182230.69897,-2.79
733.14,4.36,0,-0.01,39.08,2879809,1642182230.72269,-2.79
733.14,4.36,0,-0.01,38.77,2879830,1642182230.74015,-2.79
733.14,4.36,0,-0.01,38.5,2879849,1642182230.75997,-2.79
733.14,4.36,0,-0.01,38.28,2879869,1642182230.78029,-2.79
733.14,4.36,0,-0.01,38.08,2879889,1642182230.80052,-2.79
733.14,4.36,0,-0.01,37.88,2879909,1642182230.82097,-2.79
733.14,4.36,0,-0.01,37.65,2879930,1642182230.84097,-2.79
733.14,4.36,0,-0.01,37.4,2879949,1642182230.86211,-2.79
733.14,4.36,0,-0.01,37.05,2879970,1642182230.87927,-2.79
733.14,4.36,0,-0.01,36.62,2879989,1642182230.89855,-2.79
733.14,4.36,0,-0.01,36.03,2880010,1642182230.91997,-2.79
733.14,4.36,0,-0.01,35.35,2880029,1642182230.93988,-2.79
733.14,4.36,0,-0.01,34.52,2880050,1642182230.96017,-2.79
733.14,4.36,0,-0.01,33.58,2880069,1642182230.98082,-2.79
733.14,4.36,0,-0.01,32.63,2880090,1642182231.00142,-2.79
733.14,4.36,0,-0.01,31.55,2880109,1642182231.02324,-2.79
733.14,4.36,0,-0.01,30.43,2880130,1642182231.04286,-2.79
733.14,4.36,0,-0.01,29.25,2880149,1642182231.05963,-2.79
733.14,4.36,0,-0.01,28.07,2880169,1642182231.07998,-2.79
733.14,4.36,0,-0.01,26.88,2880189,1642182231.10025,-2.79
733.14,4.36,0,-0.01,25.72,2880209,1642182231.13047,-2.79
733.14,4.36,0,-0.01,24.62,2880229,1642182231.14238,-2.79
733.14,4.36,0,-0.01,23.68,2880249,1642182231.16109,-2.79
733.14,4.36,0,-0.01,22.98,2880270,1642182231.18152,-2.79
733.14,4.36,0,-0.01,22.62,2880289,1642182231.2027,-2.79
733.14,4.36,0,-0.01,22.52,2880309,1642182231.22339,-2.79
733.14,4.36,0,-0.01,22.52,2880329,1642182231.23956,-2.79
733.14,4.36,0,-0.01,22.52,2880349,1642182231.25975,-2.79
733.14,4.36,0,-0.01,22.52,2880369,1642182231.28064,-2.79
733.14,4.36,0,-0.01,22.5,2880390,1642182231.30606,-2.79
733.14,4.36,0,-0.01,22.5,2880409,1642182231.32866,-2.79
733.14,4.36,0,-0.01,22.5,2880430,1642182231.34198,-2.79
733.14,4.36,0,-0.01,22.5,2880449,1642182231.36173,-2.79
733.14,4.36,0,-0.01,22.47,2880470,1642182231.38209,-2.79
733.14,4.36,0,-0.01,22.38,2880489,1642182231.40202,-2.79
733.14,4.36,0,-0.01,22.28,2880509,1642182231.42006,-2.79
733.14,4.36,0,0,22.17,2880529,1642182231.43961,-2.79
733.14,4.36,0,-0.01,22.02,2880549,1642182231.46017,-2.79
733.14,4.36,0,-0.01,21.77,2880569,1642182231.48072,-2.79
733.14,4.36,0,-0.01,21.4,2880589,1642182231.50088,-2.79
733.14,4.36,0,-0.01,20.97,2880610,1642182231.52132,-2.79
733.14,4.36,0,0,20.53,2880629,1642182231.54163,-2.79
733.14,4.36,0,-0.01,20.13,2880650,1642182231.56306,-2.79
733.14,4.36,0,-0.01,19.77,2880669,1642182231.58347,-2.79
733.14,4.36,0,-0.01,19.48,2880690,1642182231.59928,-2.79
733.14,4.36,0,-0.01,19.3,2880709,1642182231.61965,-2.79
733.14,4.36,0,0,19.2,2880730,1642182231.63988,-2.79
733.14,4.36,0,0,19.13,2880749,1642182231.66123,-2.79
733.14,4.36,0,-0.01,19.12,2880770,1642182231.68192,-2.79
733.14,4.36,0,-0.01,19.12,2880789,1642182231.70186,-2.79
733.14,4.36,0,-0.01,19.1,2880809,1642182231.72194,-2.79
733.14,4.36,0,0,19.1,2880829,1642182231.74205,-2.79
733.14,4.36,0,-0.01,19.1,2880849,1642182231.76309,-2.79
733.14,4.36,0,-0.01,19.08,2880870,1642182231.78345,-2.79
733.14,4.36,0,-0.01,19.07,2880889,1642182231.80058,-2.79
733.14,4.36,0,-0.01,19.02,2880910,1642182231.82091,-2.79
733.14,4.36,0,0,18.9,2880929,1642182231.84156,-2.79
733.14,4.36,0,0,18.73,2880949,1642182231.86184,-2.79
733.14,4.36,0,-0.01,18.52,2880969,1642182231.88196,-2.79
733.14,4.36,0,-0.01,18.27,2880990,1642182231.90284,-2.79
733.14,4.36,0,-0.01,17.98,2881009,1642182231.92313,-2.79
733.14,4.36,0,0,17.65,2881029,1642182231.94481,-2.79
733.14,4.36,0,0,17.27,2881049,1642182231.96064,-2.79
733.14,4.36,0,-0.01,16.87,2881070,1642182231.98109,-2.79
733.14,4.36,0,-0.01,16.52,2881089,1642182232.00114,-2.79
733.14,4.36,0,-0.01,16.22,2881110,1642182232.02147,-2.79
733.14,4.36,0,0,16,2881129,1642182232.04209,-2.79
733.14,4.36,0,-0.01,15.83,2881149,1642182232.06345,-2.79
733.14,4.36,0,-0.01,15.72,2881169,1642182232.08377,-2.79
733.14,4.36,0,-0.01,15.63,2881189,1642182232.10408,-2.79
733.14,4.36,0,-0.01,15.53,2881210,1642182232.12431,-2.79
733.14,4.36,0,-0.01,15.42,2881229,1642182232.1441,-2.79
733.14,4.36,0,-0.01,15.28,2881250,1642182232.16078,-2.79
733.14,4.36,0,-0.01,15.15,2881269,1642182232.18129,-2.79
733.14,4.36,0,-0.01,15.02,2881290,1642182232.20233,-2.79
733.14,4.36,0,-0.01,14.9,2881309,1642182232.22191,-2.79
733.14,4.36,0,-0.01,14.8,2881330,1642182232.24251,-2.79
733.14,4.36,0,-0.01,14.72,2881349,1642182232.26694,-2.79
733.14,4.36,0,-0.01,14.62,2881370,1642182232.28804,-2.79
733.14,4.36,0,-0.01,14.5,2881389,1642182232.30747,-2.79
733.14,4.36,0,-0.01,14.37,2881410,1642182232.32414,-2.79
733.14,4.36,0,-0.01,14.25,2881429,1642182232.34119,-2.79
733.14,4.36,0,-0.01,14.15,2881449,1642182232.36137,-2.79
733.14,4.36,0,-0.01,14.05,2881469,1642182232.38188,-2.79
733.14,4.36,0,-0.01,13.92,2881489,1642182232.40247,-2.79
733.14,4.36,0,-0.01,13.78,2881509,1642182232.42251,-2.79
733.14,4.36,0,-0.01,13.67,2881529,1642182232.44376,-2.79
733.14,4.36,0,-0.01,13.55,2881550,1642182232.46415,-2.79
733.14,4.36,0,-0.01,13.45,2881569,1642182232.48462,-2.79
733.14,4.36,0,-0.01,13.35,2881590,1642182232.50461,-2.79
733.14,4.36,0,-0.01,13.27,2881609,1642182232.52674,-2.79
733.14,4.36,0,-0.01,13.18,2881630,1642182232.54253,-2.79
733.14,4.36,0,-0.01,13.1,2881649,1642182232.56179,-2.79
733.14,4.36,0,-0.01,12.98,2881670,1642182232.58198,-2.79
733.14,4.36,0,-0.01,12.85,2881689,1642182232.60241,-2.79
733.14,4.36,0,-0.01,12.72,2881710,1642182232.62323,-2.79
733.14,4.36,0,-0.01,12.57,2881729,1642182232.6433,-2.79
733.14,4.36,0,-0.01,12.42,2881750,1642182232.66426,-2.79
733.14,4.36,0,-0.01,12.3,2881769,1642182232.68477,-2.79
733.14,4.36,0,-0.01,12.2,2881789,1642182232.70086,-2.79
733.14,4.36,0,-0.01,12.1,2881809,1642182232.7208,-2.79
733.14,4.36,0,-0.01,11.98,2881829,1642182232.74202,-2.79
733.14,4.36,0,-0.01,11.88,2881850,1642182232.76224,-2.79
733.14,4.36,0,-0.01,11.8,2881869,1642182232.78271,-2.79
733.14,4.36,0,-0.01,11.73,2881890,1642182232.8039,-2.79
733.14,4.36,0,-0.01,11.65,2881909,1642182232.82444,-2.79
733.14,4.36,0,-0.01,11.57,2881930,1642182232.84568,-2.79
733.14,4.36,0,-0.01,11.47,2881949,1642182232.86613,-2.79
733.14,4.36,0,-0.01,11.33,2881970,1642182232.88197,-2.79
733.14,4.36,0,-0.01,11.2,2881989,1642182232.90207,-2.79
733.14,4.36,0,-0.01,11.07,2882010,1642182232.92248,-2.79
733.14,4.36,0,-0.01,10.93,2882029,1642182232.94378,-2.79
733.14,4.36,0,-0.01,10.82,2882050,1642182232.96832,-2.79
733.14,4.36,0,-0.01,10.67,2882069,1642182232.98438,-2.79
733.14,4.36,0,-0.01,10.55,2882089,1642182233.00482,-2.79
733.14,4.36,0,-0.01,10.45,2882109,1642182233.02404,-2.79
733.14,4.36,0,-0.01,10.35,2882129,1642182233.05111,-2.79
733.14,4.36,0,-0.01,10.25,2882149,1642182233.06265,-2.79
733.14,4.36,0,-0.01,10.17,2882169,1642182233.08201,-2.79
733.14,4.36,0,-0.01,10.1,2882189,1642182233.10322,-2.79
733.14,4.36,0,-0.01,10.05,2882209,1642182233.12345,-2.79
733.14,4.36,0,-0.01,10.03,2882230,1642182233.14392,-2.79
733.14,4.36,0,-0.01,10.03,2882249,1642182233.16444,-2.79
733.14,4.36,0,-0.01,10.03,2882270,1642182233.18424,-2.79
733.14,4.36,0,-0.01,10.03,2882289,1642182233.20537,-2.79
733.14,4.36,0,-0.01,10.03,2882310,1642182233.22578,-2.79
733.14,4.36,0,-0.01,10.03,2882329,1642182233.24237,-2.79
733.14,4.36,0,-0.01,10.02,2882350,1642182233.26227,-2.79
733.14,4.36,0,-0.01,10.02,2882370,1642182233.2837,-2.79
733.14,4.36,0,-0.01,10.02,2882390,1642182233.30431,-2.79
733.14,4.36,0,-0.01,10.02,2882410,1642182233.32428,-2.79
733.14,4.36,0,-0.01,10.02,2882429,1642182233.34476,-2.79
733.14,4.36,0,-0.01,10.02,2882450,1642182233.36502,-2.79
733.14,4.36,0,-0.01,10.02,2882469,1642182233.38554,-2.79
733.14,4.36,0,-0.01,10.02,2882490,1642182233.40623,-2.79
733.14,4.36,0,-0.01,10.02,2882509,1642182233.4264,-2.79
733.14,4.36,0,-0.01,10.02,2882530,1642182233.44358,-2.79
733.14,4.36,0,-0.01,10.02,2882549,1642182233.46417,-2.79
733.14,4.36,0,-0.01,10.02,2882570,1642182233.48454,-2.79
733.14,4.36,0,-0.01,10.02,2882589,1642182233.50446,-2.79
733.14,4.36,0,-0.01,10.02,2882610,1642182233.52468,-2.79
733.14,4.36,0,-0.01,10.02,2882629,1642182233.54501,-2.79
733.14,4.36,0,-0.01,10.02,2882650,1642182233.56652,-2.79
733.14,4.36,0,-0.01,10.02,2882670,1642182233.58671,-2.79
733.14,4.36,0,-0.01,10.02,2882690,1642182233.60721,-2.79
733.14,4.36,0,-0.01,10.02,2882710,1642182233.623,-2.79
733.14,4.36,0,-0.01,10.02,2882729,1642182233.64457,-2.79
733.14,4.36,0,-0.01,10.02,2882750,1642182233.66438,-2.79
733.14,4.36,0,-0.01,10.02,2882769,1642182233.68545,-2.79
733.14,4.36,0,-0.01,10,2882789,1642182233.70487,-2.79
733.14,4.36,0,-0.01,10,2882809,1642182233.72615,-2.79
733.14,4.36,0,-0.01,10,2882829,1642182233.74713,-2.79
733.14,4.36,0,-0.01,10,2882849,1642182233.76619,-2.79
733.14,4.36,0,-0.01,10,2882870,1642182233.7826,-2.79
733.14,4.36,0,-0.01,10,2882889,1642182233.80323,-2.79
733.14,4.36,0,-0.01,10,2882910,1642182233.82351,-2.79
733.14,4.36,0,-0.01,10,2882929,1642182233.8447,-2.79
733.14,4.36,0,-0.01,10,2882950,1642182233.86497,-2.79
733.14,4.36,0,-0.01,10,2882969,1642182233.88554,-2.79
733.14,4.36,0,-0.01,10,2882990,1642182233.90592,-2.79
733.14,4.36,0,-0.01,10,2883009,1642182233.9268,-2.79
733.14,4.36,0,-0.01,10,2883030,1642182233.94727,-2.79
733.14,4.36,0,-0.01,10,2883049,1642182233.96343,-2.79
733.14,4.36,0,-0.01,10,2883069,1642182233.9838,-2.79
733.14,4.36,0,-0.01,10,2883089,1642182234.00412,-2.79
733.14,4.36,0,-0.01,10,2883109,1642182234.0249,-2.79
733.14,4.36,0,-0.01,10,2883129,1642182234.0476,-2.79
733.14,4.36,0,-0.01,10,2883149,1642182234.0659,-2.79
733.14,4.36,0,-0.01,10,2883170,1642182234.08645,-2.79
733.14,4.36,0,-0.01,10,2883189,1642182234.10685,-2.79
733.14,4.36,0,-0.01,10,2883210,1642182234.12734,-2.79
733.14,4.36,0,-0.01,10,2883229,1642182234.14323,-2.79
733.14,4.36,0,-0.01,10,2883250,1642182234.1633,-2.79
733.14,4.36,0,-0.01,10,2883269,1642182234.18457,-2.79
733.14,4.36,0,-0.01,10,2883290,1642182234.20471,-2.79
733.14,4.36,0,-0.01,10,2883309,1642182234.2266,-2.79
733.14,4.36,0,-0.01,10,2883330,1642182234.25227,-2.79
733.14,4.36,0,-0.01,10,2883349,1642182234.26602,-2.79
733.14,4.36,0,-0.01,10,2883369,1642182234.28596,-2.79
733.14,4.36,0,-0.01,10,2883389,1642182234.30713,-2.79
733.14,4.36,0,-0.01,10,2883409,1642182234.32383,-2.79
733.14,4.36,0,-0.01,10,2883429,1642182234.34323,-2.79
733.14,4.36,0,-0.01,10,2883449,1642182234.36444,-2.79
733.14,4.36,0,-0.01,10,2883469,1642182234.38464,-2.79
733.14,4.36,0,-0.01,10,2883489,1642182234.40544,-2.79
733.14,4.36,0,-0.01,10,2883510,1642182234.42575,-2.79
733.14,4.36,0,-0.01,10,2883529,1642182234.4458,-2.79
733.14,4.36,0,-0.01,10,2883550,1642182234.46711,-2.79
733.14,4.36,0,-0.01,10,2883569,1642182234.48778,-2.79
733.14,4.36,0,-0.01,10,2883590,1642182234.50355,-2.79
733.14,4.36,0,-0.01,10,2883609,1642182234.52426,-2.79
733.14,4.36,0,-0.01,10,2883630,1642182234.54534,-2.79
733.14,4.36,0,-0.01,10,2883649,1642182234.56548,-2.79
733.14,4.36,0,-0.01,10,2883670,1642182234.58574,-2.79
733.14,4.36,0,-0.01,10,2883689,1642182234.60606,-2.79
733.14,4.36,0,-0.01,10,2883709,1642182234.62641,-2.79
733.14,4.36,0,-0.01,10,2883729,1642182234.64671,-2.79
733.14,4.36,0,-0.01,10,2883749,1642182234.6668,-2.79
733.14,4.36,0,-0.01,10,2883769,1642182234.68379,-2.79
733.14,4.36,0,-0.01,10,2883789,1642182234.70408,-2.79
733.14,4.36,0,-0.01,10,2883810,1642182234.72495,-2.79
733.14,4.36,0,-0.01,10,2883829,1642182234.75028,-2.79
733.14,4.36,0,-0.01,9.98,2883849,1642182234.76602,-2.79
733.14,4.36,0,-0.01,9.98,2883869,1642182234.78578,-2.79
733.14,4.36,0,-0.01,9.98,2883889,1642182234.80598,-2.79
733.14,4.36,0,-0.01,9.98,2883909,1642182234.82643,-2.79
733.14,4.36,0,-0.01,9.98,2883929,1642182234.84773,-2.79
733.14,4.36,0,-0.01,9.98,2883949,1642182234.86455,-2.79
733.14,4.36,0,-0.01,9.98,2883970,1642182234.8842,-2.79
733.14,4.36,0,-0.01,9.98,2883989,1642182234.90444,-2.79
733.14,4.36,0,-0.01,9.98,2884009,1642182234.92499,-2.79
733.14,4.36,0,-0.01,9.98,2884029,1642182234.94632,-2.79
733.14,4.36,0,-0.01,9.98,2884049,1642182234.96613,-2.79
733.14,4.36,0,-0.01,9.98,2884069,1642182234.98643,-2.79
733.14,4.36,0,-0.01,9.98,2884089,1642182235.00807,-2.79
733.14,4.36,0,-0.01,9.98,2884109,1642182235.02728,-2.79
733.14,4.36,0,-0.01,9.98,2884129,1642182235.04416,-2.79
733.14,4.36,0,-0.01,9.98,2884149,1642182235.06414,-2.79
733.14,4.36,0,-0.01,9.98,2884169,1642182235.08469,-2.79
733.14,4.36,0,-0.01,9.98,2884189,1642182235.10637,-2.79
733.14,4.36,0,-0.01,9.98,2884209,1642182235.12666,-2.79
733.14,4.36,0,-0.01,9.98,2884229,1642182235.14698,-2.79
733.14,4.36,0,-0.01,9.98,2884249,1642182235.17291,-2.79
733.14,4.36,0,-0.01,9.98,2884269,1642182235.1894,-2.79
733.14,4.36,0,-0.01,9.98,2884289,1642182235.20862,-2.79
733.14,4.36,0,-0.01,9.98,2884310,1642182235.22455,-2.79
733.14,4.36,0,-0.01,9.98,2884329,1642182235.2445,-2.79
733.14,4.36,0,-0.01,9.98,2884349,1642182235.26472,-2.79
733.14,4.36,0,-0.01,9.98,2884369,1642182235.2862,-2.79
733.14,4.36,0,-0.01,9.98,2884389,1642182235.30634,-2.79
733.14,4.36,0,-0.01,9.98,2884409,1642182235.32729,-2.79
733.14,4.36,0,-0.01,9.98,2884429,1642182235.34756,-2.79
733.14,4.36,0,-0.01,9.98,2884449,1642182235.36816,-2.79
733.14,4.36,0,-0.01,9.98,2884469,1642182235.38881,-2.79
733.14,4.36,0,-0.01,9.98,2884489,1642182235.4041,-2.79
733.14,4.36,0,-0.01,9.98,2884509,1642182235.42523,-2.79
733.14,4.36,0,-0.01,9.98,2884529,1642182235.44563,-2.79
733.14,4.36,0,-0.01,9.98,2884549,1642182235.46616,-2.79
733.14,4.36,0,-0.01,9.98,2884569,1642182235.48688,-2.79
733.14,4.36,0,-0.01,9.98,2884589,1642182235.50701,-2.79
733.14,4.36,0,-0.01,9.98,2884610,1642182235.5281,-2.79
733.14,4.36,0,-0.01,9.98,2884629,1642182235.54833,-2.79
733.14,4.36,0,-0.01,9.98,2884649,1642182235.56867,-2.79
733.14,4.36,0,-0.01,9.98,2884669,1642182235.58465,-2.79
733.14,4.36,0,-0.01,9.98,2884689,1642182235.60537,-2.79
733.14,4.36,0,-0.01,9.98,2884709,1642182235.62569,-2.79
733.14,4.36,0,-0.01,9.98,2884729,1642182235.6469,-2.79
733.14,4.36,0,-0.01,9.98,2884749,1642182235.66742,-2.79
733.14,4.36,0,-0.01,9.98,2884769,1642182235.68677,-2.79
733.14,4.36,0,-0.01,9.98,2884789,1642182235.70859,-2.79
733.14,4.36,0,-0.01,9.98,2884809,1642182235.73437,-2.79
733.14,4.36,0,-0.01,9.98,2884829,1642182235.74867,-2.79
733.14,4.36,0,-0.01,9.98,2884849,1642182235.76561,-2.79
733.14,4.36,0,-0.01,9.98,2884869,1642182235.79439,-2.79
733.14,4.36,0,-0.01,9.98,2884889,1642182235.80703,-2.79
733.14,4.36,0,-0.01,9.98,2884909,1642182235.82666,-2.79
733.14,4.36,0,-0.01,9.98,2884929,1642182235.85387,-2.79
733.14,4.36,0,-0.01,9.98,2884950,1642182235.86836,-2.79
733.14,4.36,0,-0.01,9.98,2884969,1642182235.88848,-2.79
733.14,4.36,0,-0.01,9.98,2884989,1642182235.90963,-2.79
733.14,4.36,0,-0.01,9.98,2885009,1642182235.92962,-2.79
733.14,4.36,0,-0.01,9.98,2885029,1642182235.94523,-2.79
733.14,4.36,0,-0.01,9.98,2885049,1642182235.9655,-2.79
733.14,4.36,0,-0.01,9.98,2885069,1642182235.98658,-2.79
733.14,4.36,0,-0.01,9.98,2885089,1642182236.00842,-2.79
733.14,4.36,0,-0.01,9.98,2885109,1642182236.02747,-2.79
733.14,4.36,0,-0.01,9.98,2885129,1642182236.04777,-2.79
733.14,4.36,0,-0.01,9.98,2885149,1642182236.06846,-2.79
733.14,4.36,0,-0.01,9.98,2885169,1642182236.0891,-2.79
733.14,4.36,0,-0.01,9.98,2885189,1642182236.11549,-2.79
733.14,4.36,0,-0.01,9.98,2885209,1642182236.13035,-2.79
733.14,4.36,0,-0.01,9.98,2885229,1642182236.14523,-2.79
733.14,4.36,0,-0.01,9.98,2885250,1642182236.16654,-2.79
733.14,4.36,0,-0.01,9.98,2885269,1642182236.1909,-2.79
733.14,4.36,0,-0.01,9.98,2885289,1642182236.20892,-2.79
733.14,4.36,0,-0.01,9.98,2885309,1642182236.22773,-2.79
733.14,4.36,0,-0.01,9.98,2885329,1642182236.24762,-2.79
733.14,4.36,0,-0.01,9.98,2885349,1642182236.27352,-2.79
733.14,4.36,0,-0.01,9.98,2885369,1642182236.29003,-2.79
733.14,4.36,0,-0.01,9.97,2885389,1642182236.30949,-2.79
733.14,4.36,0,-0.01,9.97,2885409,1642182236.32641,-2.79
733.14,4.36,0,-0.01,9.97,2885429,1642182236.34639,-2.79
733.14,4.36,0,-0.01,9.97,2885449,1642182236.36642,-2.79
733.14,4.36,0,-0.01,9.97,2885469,1642182236.39323,-2.79
733.14,4.36,0,-0.01,9.97,2885489,1642182236.41048,-2.79
733.14,4.36,0,-0.01,9.97,2885510,1642182236.43085,-2.79
733.14,4.36,0,-0.01,9.97,2885529,1642182236.45014,-2.79
733.14,4.36,0,-0.01,9.97,2885550,1642182236.47034,-2.79
733.14,4.36,0,-0.01,9.97,2885569,1642182236.49069,-2.79
733.14,4.36,0,-0.01,9.97,2885590,1642182236.50718,-2.79
733.14,4.36,0,-0.01,9.97,2885609,1642182236.52832,-2.79
733.14,4.36,0,-0.01,9.97,2885629,1642182236.54826,-2.79
733.14,4.36,0,-0.01,9.97,2885649,1642182236.56878,-2.79
733.14,4.36,0,-0.01,9.97,2885669,1642182236.58827,-2.79
733.14,4.36,0,-0.01,9.97,2885689,1642182236.60883,-2.79
733.14,4.36,0,-0.01,9.97,2885709,1642182236.63691,-2.79
733.14,4.36,0,-0.01,9.97,2885729,1642182236.64951,-2.79
733.14,4.36,0,-0.01,9.93,2885749,1642182236.67426,-2.79
733.14,4.36,0,-0.01,9.92,2885769,1642182236.68712,-2.79
733.14,4.36,0,-0.01,9.92,2885789,1642182236.70699,-2.79
733.14,4.36,0,0,9.9,2885809,1642182236.72735,-2.79
733.14,4.36,0,-0.01,9.87,2885829,1642182236.74756,-2.79
733.14,4.36,0,-0.01,9.78,2885850,1642182236.76906,-2.79
733.14,4.36,0,-0.01,9.67,2885869,1642182236.78919,-2.79
733.14,4.36,0,-0.01,9.52,2885890,1642182236.80944,-2.79
733.14,4.36,0,-0.01,9.38,2885909,1642182236.83007,-2.79
733.14,4.36,0,-0.01,9.22,2885929,1642182236.85018,-2.79
733.14,4.36,0,-0.01,9.03,2885949,1642182236.86723,-2.79
733.14,4.36,0,-0.01,8.85,2885969,1642182236.88776,-2.79
733.14,4.36,0,-0.01,8.67,2885989,1642182236.90841,-2.79
733.14,4.36,0,-0.01,8.52,2886009,1642182236.93581,-2.79
733.14,4.36,0,-0.01,8.38,2886029,1642182236.95225,-2.79
733.14,4.36,0,-0.01,8.2,2886049,1642182236.969,-2.79
733.14,4.36,0,-0.01,8.03,2886069,1642182236.98957,-2.79
733.14,4.36,0,-0.01,7.95,2886089,1642182237.00955,-2.79
733.14,4.36,0,-0.01,7.88,2886110,1642182237.03019,-2.79
733.14,4.36,0,-0.01,7.77,2886129,1642182237.0473,-2.79
733.14,4.36,0,-0.01,7.63,2886150,1642182237.06825,-2.79
733.14,4.36,0,-0.01,7.53,2886169,1642182237.08786,-2.79
733.14,4.36,0,0,7.45,2886189,1642182237.10928,-2.79
733.14,4.36,0,-0.01,7.38,2886209,1642182237.13107,-2.79
733.14,4.36,0,-0.01,7.3,2886228,1642182237.15121,-2.79
733.14,4.36,0,-0.01,7.22,2886249,1642182237.17063,-2.79
733.14,4.36,0,-0.01,7.13,2886269,1642182237.19101,-2.79
733.14,4.36,0,0,7.02,2886289,1642182237.211,-2.79
733.14,4.36,0,-0.01,6.83,2886309,1642182237.22877,-2.79
733.14,4.36,0,-0.01,6.65,2886329,1642182237.25275,-2.79
733.14,4.36,0,-0.01,6.47,2886349,1642182237.26856,-2.79
733.14,4.36,0,-0.01,6.3,2886369,1642182237.2908,-2.79
733.14,4.36,0,-0.01,6.13,2886389,1642182237.30857,-2.79
733.14,4.36,0,-0.01,5.95,2886410,1642182237.33137,-2.79
733.14,4.36,0,-0.01,5.73,2886429,1642182237.34946,-2.79
733.14,4.36,0,-0.01,5.53,2886450,1642182237.37538,-2.79
733.14,4.36,0,-0.01,5.35,2886469,1642182237.3919,-2.79
733.14,4.36,0,-0.01,5.18,2886490,1642182237.40738,-2.79
733.14,4.36,0,-0.01,5.05,2886509,1642182237.4286,-2.79
733.14,4.36,0,-0.01,4.93,2886530,1642182237.44869,-2.79
733.14,4.36,0,-0.01,4.83,2886549,1642182237.47028,-2.79
733.14,4.36,0,-0.01,4.73,2886569,1642182237.48917,-2.79
733.14,4.36,0,-0.01,4.65,2886589,1642182237.51058,-2.79
733.14,4.36,0,-0.01,4.57,2886609,1642182237.53122,-2.79
733.14,4.36,0,-0.01,4.5,2886629,1642182237.55075,-2.79
733.14,4.36,0,-0.01,4.43,2886649,1642182237.57202,-2.79
733.14,4.36,0,-0.01,4.38,2886669,1642182237.58823,-2.79
733.14,4.36,0,-0.01,4.35,2886689,1642182237.60836,-2.79
733.14,4.36,0,-0.01,4.32,2886709,1642182237.62911,-2.79
733.14,4.36,0,-0.01,4.32,2886729,1642182237.65421,-2.79
733.14,4.36,0,-0.01,4.3,2886749,1642182237.671,-2.79
733.14,4.36,0,-0.01,4.25,2886769,1642182237.69082,-2.79
733.14,4.36,0,-0.01,4.15,2886790,1642182237.71115,-2.79
733.14,4.36,0,-0.01,4,2886809,1642182237.73255,-2.79
733.14,4.36,0,-0.01,3.78,2886829,1642182237.75149,-2.79
733.14,4.36,0,-0.01,3.53,2886849,1642182237.77163,-2.79
733.14,4.36,0,-0.01,3.3,2886870,1642182237.78843,-2.79
733.14,4.36,0,-0.01,3.07,2886889,1642182237.80977,-2.79
733.14,4.36,0,-0.01,2.9,2886909,1642182237.82949,-2.79
733.14,4.36,0,-0.01,2.75,2886929,1642182237.85054,-2.79
733.14,4.36,0,-0.01,2.63,2886949,1642182237.87105,-2.79
733.14,4.36,0,-0.01,2.52,2886969,1642182237.89126,-2.79
733.14,4.36,0,-0.01,2.42,2886989,1642182237.91168,-2.79
733.14,4.36,0,-0.01,2.3,2887009,1642182237.93264,-2.79
733.14,4.36,0,-0.01,2.15,2887029,1642182237.94908,-2.79
733.14,4.36,0,-0.01,1.97,2887049,1642182237.97667,-2.79
733.14,4.36,0,-0.01,1.77,2887069,1642182237.98926,-2.79
733.14,4.36,0,-0.01,1.58,2887090,1642182238.00953,-2.79
733.14,4.36,0,-0.01,1.4,2887109,1642182238.02954,-2.79
733.14,4.36,0,-0.01,1.25,2887129,1642182238.05051,-2.79
733.14,4.36,0,-0.01,1.12,2887149,1642182238.07092,-2.79
733.14,4.36,0,-0.01,1.03,2887170,1642182238.09118,-2.79
733.14,4.36,0,-0.01,0.92,2887189,1642182238.11152,-2.79
733.14,4.36,0,-0.01,0.77,2887209,1642182238.13972,-2.79
733.14,4.36,0,-0.01,0.6,2887229,1642182238.15069,-2.79
733.14,4.36,0,-0.01,0.4,2887249,1642182238.16939,-2.79
733.14,4.36,0,0,0.23,2887269,1642182238.19583,-2.79
733.14,4.36,0,-0.01,0.07,2887289,1642182238.21144,-2.79
733.14,4.36,0,-0.01,-0.08,2887309,1642182238.23094,-2.79
733.14,4.36,0,-0.01,-0.27,2887329,1642182238.25102,-2.79
733.14,4.36,0,-0.01,-0.47,2887349,1642182238.27436,-2.79
733.14,4.36,0,0,-0.63,2887369,1642182238.29435,-2.79
733.14,4.36,0,-0.01,-0.78,2887389,1642182238.31245,-2.79
733.14,4.36,0,-0.01,-0.95,2887409,1642182238.32928,-2.79
733.14,4.36,0,-0.01,-1.13,2887430,1642182238.34991,-2.79
733.14,4.36,0,-0.01,-1.32,2887449,1642182238.37008,-2.79
733.14,4.36,0,0,-1.53,2887469,1642182238.3905,-2.79
733.14,4.36,0,-0.01,-1.73,2887489,1642182238.41082,-2.79
733.14,4.36,0,-0.01,-1.92,2887510,1642182238.43177,-2.79
733.14,4.36,0,-0.01,-2.1,2887529,1642182238.45126,-2.79
733.14,4.36,0,-0.01,-2.27,2887549,1642182238.4729,-2.79
733.14,4.36,0,0,-2.42,2887569,1642182238.49351,-2.79
733.14,4.36,0,-0.01,-2.57,2887589,1642182238.50963,-2.79
733.14,4.36,0,-0.01,-2.7,2887609,1642182238.53102,-2.79
733.14,4.36,0,-0.01,-2.83,2887629,1642182238.55014,-2.79
733.14,4.36,0,-0.01,-2.95,2887649,1642182238.57065,-2.79
733.14,4.36,0,0,-3.07,2887669,1642182238.59122,-2.79
733.14,4.36,0,-0.01,-3.18,2887689,1642182238.61237,-2.79
733.14,4.36,0,-0.01,-3.3,2887709,1642182238.63261,-2.79
733.14,4.36,0,-0.01,-3.42,2887730,1642182238.65278,-2.79
733.14,4.36,0,-0.01,-3.57,2887749,1642182238.67334,-2.79
733.14,4.36,0,0,-3.7,2887769,1642182238.68948,-2.79
733.14,4.36,0,-0.01,-3.87,2887789,1642182238.70989,-2.79
733.14,4.36,0,-0.01,-4.05,2887810,1642182238.73159,-2.79
733.14,4.36,0,-0.01,-4.22,2887829,1642182238.7505,-2.79
733.14,4.36,0,-0.01,-4.37,2887849,1642182238.77109,-2.79
733.14,4.36,0,0,-4.5,2887869,1642182238.79142,-2.79
733.14,4.36,0,-0.01,-4.65,2887889,1642182238.81389,-2.79
733.14,4.36,0,-0.01,-4.8,2887909,1642182238.8334,-2.79
733.14,4.36,0,-0.01,-4.93,2887929,1642182238.85353,-2.79
733.14,4.36,0,-0.01,-5.07,2887949,1642182238.8694,-2.79
733.14,4.36,0,0,-5.2,2887969,1642182238.89094,-2.79
733.14,4.36,0,-0.01,-5.32,2887989,1642182238.91209,-2.79
733.14,4.36,0,-0.01,-5.42,2888009,1642182238.93172,-2.79
733.14,4.36,0,-0.01,-5.52,2888030,1642182238.95171,-2.79
733.14,4.36,0,-0.01,-5.6,2888049,1642182238.97216,-2.79
733.14,4.36,0,0,-5.67,2888069,1642182238.99274,-2.79
733.14,4.36,0,-0.01,-5.75,2888089,1642182239.01322,-2.79
733.14,4.36,0,-0.01,-5.82,2888109,1642182239.03347,-2.79
733.14,4.36,0,-0.01,-5.9,2888129,1642182239.05066,-2.79
733.14,4.36,0,-0.01,-6,2888150,1642182239.07089,-2.79
733.14,4.36,0,0,-6.12,2888169,1642182239.09129,-2.79
733.14,4.36,0,-0.01,-6.27,2888189,1642182239.11191,-2.79
733.14,4.36,0,-0.01,-6.4,2888209,1642182239.13239,-2.79
733.14,4.36,0,-0.01,-6.53,2888229,1642182239.15267,-2.79
733.14,4.36,0,-0.01,-6.67,2888249,1642182239.17284,-2.79
733.14,4.36,0,0,-6.8,2888269,1642182239.19341,-2.79
733.14,4.36,0,-0.01,-6.92,2888289,1642182239.21464,-2.79
733.14,4.36,0,-0.01,-7.03,2888309,1642182239.23027,-2.79
733.14,4.36,0,-0.01,-7.12,2888330,1642182239.25043,-2.79
733.14,4.36,0,-0.01,-7.22,2888349,1642182239.27106,-2.79
733.14,4.36,0,0,-7.3,2888369,1642182239.29151,-2.79
733.14,4.36,0,-0.01,-7.4,2888389,1642182239.31201,-2.79
733.14,4.36,0,-0.01,-7.5,2888409,1642182239.33247,-2.79
733.14,4.36,0,-0.01,-7.63,2888429,1642182239.3536,-2.79
733.14,4.36,0,-0.01,-7.78,2888450,1642182239.37417,-2.79
733.14,4.36,0,0,-7.93,2888469,1642182239.39393,-2.79
733.14,4.36,0,-0.01,-8.1,2888489,1642182239.41102,-2.79
733.14,4.36,0,-0.01,-8.28,2888509,1642182239.43175,-2.79
733.14,4.36,0,-0.01,-8.48,2888529,1642182239.45158,-2.79
733.14,4.36,0,-0.01,-8.68,2888549,1642182239.47207,-2.79
733.14,4.36,0,0,-8.9,2888569,1642182239.49246,-2.79
733.14,4.36,0,-0.01,-9.13,2888589,1642182239.51283,-2.79
733.14,4.36,0,-0.01,-9.33,2888609,1642182239.53328,-2.79
733.14,4.36,0,-0.01,-9.52,2888630,1642182239.55377,-2.79
733.14,4.36,0,-0.01,-9.67,2888649,1642182239.57409,-2.79
733.14,4.36,0,0,-9.8,2888669,1642182239.59084,-2.79
733.14,4.36,0,-0.01,-9.92,2888689,1642182239.61119,-2.79
733.14,4.36,0,-0.01,-10,2888710,1642182239.63166,-2.79
733.14,4.36,0,-0.01,-10.07,2888729,1642182239.65257,-2.79
733.14,4.36,0,-0.01,-10.13,2888750,1642182239.67317,-2.79
733.14,4.36,0,0,-10.2,2888769,1642182239.69357,-2.79
733.14,4.36,0,-0.01,-10.27,2888790,1642182239.7144,-2.79
733.14,4.36,0,-0.01,-10.33,2888809,1642182239.73456,-2.79
733.14,4.36,0,-0.01,-10.42,2888829,1642182239.75467,-2.79
733.14,4.36,0,-0.01,-10.5,2888849,1642182239.77496,-2.79
733.14,4.36,0,0,-10.58,2888869,1642182239.79105,-2.79
733.14,4.36,0,-0.01,-10.67,2888889,1642182239.81244,-2.79
733.14,4.36,0,-0.01,-10.77,2888909,1642182239.83289,-2.79
733.14,4.36,0,-0.01,-10.85,2888930,1642182239.85291,-2.79
733.14,4.36,0,-0.01,-10.95,2888949,1642182239.87341,-2.79
733.14,4.36,0,0,-11.05,2888969,1642182239.8936,-2.79
733.14,4.36,0,-0.01,-11.15,2888989,1642182239.91531,-2.79
733.14,4.36,0,-0.01,-11.28,2889009,1642182239.93498,-2.79
733.14,4.36,0,-0.01,-11.43,2889029,1642182239.96008,-2.79
733.14,4.36,0,-0.01,-11.58,2889050,1642182239.97369,-2.79
733.14,4.36,0,0,-11.72,2889069,1642182239.99205,-2.79
733.14,4.36,0,-0.01,-11.87,2889090,1642182240.01287,-2.79
733.14,4.36,0,-0.01,-12.02,2889109,1642182240.03295,-2.79
733.14,4.36,0,-0.01,-12.15,2889129,1642182240.0532,-2.79
733.14,4.36,0,-0.01,-12.27,2889149,1642182240.07366,-2.79
733.14,4.36,0,0,-12.35,2889169,1642182240.09403,-2.79
733.14,4.36,0,-0.01,-12.42,2889189,1642182240.11539,-2.79
733.14,4.36,0,-0.01,-12.47,2889209,1642182240.13448,-2.79
733.14,4.36,0,-0.01,-12.5,2889230,1642182240.15161,-2.79
733.14,4.36,0,-0.01,-12.55,2889249,1642182240.17207,-2.79
733.14,4.36,0,0,-12.57,2889269,1642182240.1922,-2.79
733.14,4.36,0,-0.01,-12.6,2889289,1642182240.21342,-2.79
733.14,4.36,0,-0.01,-12.62,2889309,1642182240.23377,-2.79
733.14,4.36,0,-0.01,-12.65,2889329,1642182240.25415,-2.79
733.14,4.36,0,-0.01,-12.68,2889350,1642182240.27459,-2.79
733.14,4.36,0,0,-12.72,2889369,1642182240.29546,-2.79
733.14,4.36,0,-0.01,-12.77,2889389,1642182240.31122,-2.79
733.14,4.36,0,-0.01,-12.82,2889409,1642182240.3324,-2.79
733.14,4.36,0,-0.01,-12.88,2889430,1642182240.36044,-2.79
733.14,4.36,0,-0.01,-12.95,2889449,1642182240.37342,-2.79
733.14,4.36,0,0,-13.03,2889468,1642182240.39284,-2.79
733.14,4.36,0,-0.01,-13.1,2889489,1642182240.41333,-2.79
733.14,4.36,0,-0.01,-13.17,2889509,1642182240.43386,-2.79
733.14,4.36,0,-0.01,-13.23,2889529,1642182240.45413,-2.79
733.14,4.36,0,-0.01,-13.3,2889549,1642182240.47556,-2.79
733.14,4.36,0,0,-13.35,2889569,1642182240.49168,-2.79
733.14,4.36,0,-0.01,-13.4,2889589,1642182240.51164,-2.79
733.14,4.36,0,-0.01,-13.45,2889609,1642182240.53222,-2.79
733.14,4.36,0,-0.01,-13.5,2889629,1642182240.55376,-2.79
733.14,4.36,0,-0.01,-13.53,2889650,1642182240.57314,-2.79
733.14,4.36,0,0,-13.6,2889669,1642182240.59354,-2.79
733.14,4.36,0,-0.01,-13.65,2889689,1642182240.61439,-2.79
733.14,4.36,0,-0.01,-13.72,2889709,1642182240.63487,-2.79
733.14,4.36,0,-0.01,-13.8,2889730,1642182240.65608,-2.79
733.14,4.36,0,0,-13.88,2889749,1642182240.67622,-2.79
733.14,4.36,0,0,-14,2889769,1642182240.69228,-2.79
733.14,4.36,0,-0.01,-14.1,2889789,1642182240.71353,-2.79
733.14,4.36,0,-0.01,-14.23,2889809,1642182240.73407,-2.79
733.14,4.36,0,-0.01,-14.35,2889830,1642182240.75384,-2.79
733.14,4.36,0,0,-14.45,2889849,1642182240.77427,-2.79
733.14,4.36,0,0,-14.55,2889869,1642182240.79493,-2.79
733.14,4.36,0,-0.01,-14.63,2889889,1642182240.81552,-2.79
733.14,4.36,0,-0.01,-14.73,2889910,1642182240.83586,-2.79
733.14,4.36,0,-0.01,-14.82,2889929,1642182240.85617,-2.79
733.14,4.36,0,0,-14.9,2889949,1642182240.87317,-2.79
733.14,4.36,0,0,-15,2889969,1642182240.89359,-2.79
733.14,4.36,0,-0.01,-15.12,2889989,1642182240.91689,-2.79
733.14,4.36,0,-0.01,-15.23,2890009,1642182240.93388,-2.79
733.14,4.36,0,-0.01,-15.37,2890030,1642182240.9538,-2.79
733.14,4.36,0,0,-15.48,2890049,1642182240.97485,-2.79
733.14,4.36,0,0,-15.6,2890068,1642182240.99562,-2.79
733.14,4.36,0,-0.01,-15.73,2890089,1642182241.01612,-2.79
733.14,4.36,0,-0.01,-15.85,2890109,1642182241.03625,-2.79
733.14,4.36,0,-0.01,-15.95,2890129,1642182241.05494,-2.79
733.14,4.36,0,0,-16.03,2890149,1642182241.07432,-2.79
733.14,4.36,0,0,-16.12,2890169,1642182241.09348,-2.79
733.14,4.36,0,-0.01,-16.18,2890189,1642182241.11453,-2.79
733.14,4.36,0,-0.01,-16.25,2890209,1642182241.13412,-2.79
733.14,4.36,0,-0.01,-16.32,2890229,1642182241.15441,-2.79
733.14,4.36,0,0,-16.38,2890249,1642182241.17655,-2.79
733.14,4.36,0,0,-16.47,2890269,1642182241.19715,-2.79
733.14,4.36,0,-0.01,-16.55,2890289,1642182241.21715,-2.79
733.14,4.36,0,0,-16.63,2890309,1642182241.23401,-2.79
733.14,4.36,0,-0.01,-16.73,2890330,1642182241.25384,-2.79
733.14,4.36,0,0,-16.83,2890349,1642182241.27442,-2.79
733.14,4.36,0,-0.01,-16.93,2890370,1642182241.29503,-2.79
733.14,4.36,0,-0.01,-17.05,2890389,1642182241.31534,-2.79
733.14,4.36,0,0,-17.17,2890408,1642182241.33559,-2.79
733.14,4.36,0,-0.01,-17.28,2890429,1642182241.35565,-2.79
733.14,4.36,0,0,-17.4,2890449,1642182241.37721,-2.79
733.14,4.36,0,-0.01,-17.52,2890469,1642182241.3976,-2.79
733.14,4.36,0,-0.01,-17.63,2890489,1642182241.41334,-2.79
733.14,4.36,0,0,-17.73,2890509,1642182241.43385,-2.79
733.14,4.36,0,0,-17.85,2890529,1642182241.45405,-2.79
733.14,4.36,0,0,-17.95,2890549,1642182241.47457,-2.79
733.14,4.36,0,-0.01,-18.05,2890569,1642182241.49593,-2.79
733.14,4.36,0,-0.01,-18.15,2890589,1642182241.51687,-2.79
733.14,4.36,0,0,-18.23,2890609,1642182241.53661,-2.79
733.14,4.36,0,0,-18.32,2890630,1642182241.55698,-2.79
733.14,4.36,0,0,-18.38,2890649,1642182241.57735,-2.79
733.14,4.36,0,-0.01,-18.48,2890670,1642182241.59776,-2.79
733.14,4.36,0,-0.01,-18.57,2890689,1642182241.6148,-2.79
733.14,4.36,0,0,-18.67,2890708,1642182241.64239,-2.79
733.14,4.36,0,0,-18.77,2890729,1642182241.65576,-2.79
733.14,4.36,0,0,-18.87,2890749,1642182241.67513,-2.79
733.14,4.36,0,-0.01,-18.97,2890769,1642182241.6958,-2.79
733.14,4.36,0,-0.01,-19.05,2890789,1642182241.71668,-2.79
733.14,4.36,0,0,-19.13,2890809,1642182241.74522,-2.79
733.14,4.36,0,0,-19.22,2890829,1642182241.75753,-2.79
733.14,4.36,0,0,-19.28,2890849,1642182241.77394,-2.79
733.14,4.36,0,-0.01,-19.35,2890869,1642182241.79327,-2.79
733.14,4.36,0,-0.01,-19.43,2890889,1642182241.82206,-2.79
733.14,4.36,0,0,-19.5,2890909,1642182241.83506,-2.79
733.14,4.36,0,0,-19.58,2890930,1642182241.85973,-2.79
733.14,4.36,0,0,-19.67,2890949,1642182241.87653,-2.79
733.14,4.36,0,-0.01,-19.77,2890970,1642182241.89681,-2.79
733.14,4.36,0,-0.01,-19.85,2890989,1642182241.91726,-2.79
733.14,4.36,0,-0.01,-19.95,2891010,1642182241.93744,-2.79
733.14,4.36,0,0,-20.05,2891029,1642182241.95401,-2.79
733.14,4.36,0,0,-20.15,2891048,1642182241.97459,-2.79
733.14,4.36,0,-0.01,-20.25,2891069,1642182241.99531,-2.79
733.14,4.36,0,-0.01,-20.35,2891089,1642182242.01606,-2.79
733.14,4.36,0,-0.01,-20.45,2891110,1642182242.03609,-2.79
733.14,4.36,0,0,-20.55,2891129,1642182242.05654,-2.79
733.14,4.36,0,0,-20.65,2891149,1642182242.07608,-2.79
733.14,4.36,0,-0.01,-20.73,2891169,1642182242.09811,-2.79
733.14,4.36,0,-0.01,-20.83,2891189,1642182242.1185,-2.79
733.14,4.36,0,-0.01,-20.92,2891209,1642182242.13864,-2.79
733.14,4.36,0,0,-21,2891229,1642182242.16288,-2.79
733.14,4.36,0,0,-21.08,2891249,1642182242.1751,-2.79
733.14,4.36,0,-0.01,-21.15,2891270,1642182242.1951,-2.79
733.14,4.36,0,-0.01,-21.23,2891289,1642182242.2157,-2.79
733.14,4.36,0,-0.01,-21.3,2891310,1642182242.23553,-2.79
733.14,4.36,0,0,-21.38,2891329,1642182242.26261,-2.79
733.14,4.36,0,0,-21.45,2891350,1642182242.27757,-2.79
733.14,4.36,0,-0.01,-21.53,2891369,1642182242.29787,-2.79
733.14,4.36,0,-0.01,-21.6,2891389,1642182242.31824,-2.79
733.14,4.36,0,-0.01,-21.67,2891410,1642182242.33982,-2.79
733.14,4.36,0,0,-21.73,2891429,1642182242.35955,-2.79
733.14,4.36,0,0,-21.78,2891449,1642182242.37611,-2.79
733.14,4.36,0,-0.01,-21.85,2891469,1642182242.3962,-2.79
733.14,4.36,0,-0.01,-21.92,2891489,1642182242.41653,-2.79
733.14,4.36,0,-0.01,-21.97,2891509,1642182242.43702,-2.79
733.14,4.36,0,0,-22.03,2891529,1642182242.45745,-2.79
733.14,4.36,0,0,-22.12,2891549,1642182242.4783,-2.79
733.14,4.36,0,-0.01,-22.18,2891570,1642182242.49985,-2.79
733.14,4.36,0,-0.01,-22.27,2891589,1642182242.51628,-2.79
733.14,4.36,0,-0.01,-22.33,2891610,1642182242.53628,-2.79
733.14,4.36,0,0,-22.42,2891629,1642182242.55993,-2.79
733.14,4.36,0,0,-22.48,2891649,1642182242.57672,-2.79
733.14,4.36,0,-0.01,-22.57,2891669,1642182242.59793,-2.79
733.14,4.36,0,-0.01,-22.65,2891689,1642182242.61651,-2.79
733.14,4.36,0,-0.01,-22.75,2891709,1642182242.63797,-2.79
733.14,4.36,0,0,-22.83,2891728,1642182242.65808,-2.79
733.14,4.36,0,0,-22.93,2891749,1642182242.67867,-2.79
733.14,4.36,0,-0.01,-23.03,2891769,1642182242.69445,-2.79
733.14,4.36,0,-0.01,-23.13,2891789,1642182242.71538,-2.79
733.14,4.36,0,-0.01,-23.22,2891809,1642182242.74339,-2.79
733.14,4.36,0,0,-23.3,2891829,1642182242.75739,-2.79
733.14,4.36,0,0,-23.4,2891849,1642182242.77934,-2.79
733.14,4.36,0,-0.01,-23.48,2891869,1642182242.79747,-2.79
733.14,4.36,0,-0.01,-23.55,2891889,1642182242.81837,-2.79
733.14,4.36,0,-0.01,-23.63,2891910,1642182242.83872,-2.79
733.14,4.36,0,0,-23.68,2891929,1642182242.85534,-2.79
733.14,4.36,0,0,-23.75,2891949,1642182242.87592,-2.79
733.14,4.36,0,-0.01,-23.82,2891969,1642182242.89687,-2.79
733.14,4.36,0,-0.01,-23.88,2891990,1642182242.91802,-2.79
733.14,4.36,0,-0.01,-23.93,2892009,1642182242.93754,-2.79
733.14,4.36,0,0,-24,2892029,1642182242.95765,-2.79
733.14,4.36,0,0,-24.05,2892049,1642182242.9787,-2.79
733.14,4.36,0,-0.01,-24.1,2892069,1642182242.99953,-2.79
733.14,4.36,0,-0.01,-24.15,2892089,1642182243.01967,-2.79
733.14,4.36,0,-0.01,-24.2,2892109,1642182243.04472,-2.79
733.14,4.36,0,0,-24.25,2892129,1642182243.05656,-2.79
733.14,4.36,0,0,-24.32,2892149,1642182243.07597,-2.79
733.14,4.36,0,-0.01,-24.38,2892169,1642182243.09665,-2.79
733.14,4.36,0,-0.01,-24.43,2892189,1642182243.11728,-2.79
733.14,4.36,0,-0.01,-24.48,2892210,1642182243.13775,-2.79
733.14,4.36,0,0,-24.53,2892229,1642182243.15764,-2.79
733.14,4.36,0,0,-24.6,2892250,1642182243.17828,-2.79
733.14,4.36,0,-0.01,-24.65,2892269,1642182243.19914,-2.79
733.14,4.36,0,-0.01,-24.72,2892290,1642182243.21961,-2.79
733.14,4.36,0,-0.01,-24.77,2892309,1642182243.23551,-2.79
733.14,4.36,0,0,-24.82,2892328,1642182243.257,-2.79
733.14,4.36,0,0,-24.87,2892349,1642182243.27727,-2.79
733.14,4.36,0,-0.01,-24.92,2892369,1642182243.29744,-2.79
733.14,4.36,0,-0.01,-24.97,2892389,1642182243.31808,-2.79
733.14,4.36,0,-0.01,-25.02,2892409,1642182243.33794,-2.79
733.14,4.36,0,0,-25.07,2892429,1642182243.35847,-2.79
733.14,4.36,0,0,-25.1,2892449,1642182243.37913,-2.79
733.14,4.36,0,-0.01,-25.15,2892469,1642182243.40031,-2.79
733.14,4.36,0,-0.01,-25.2,2892489,1642182243.42057,-2.79
733.14,4.36,0,-0.01,-25.25,2892510,1642182243.4363,-2.79
733.14,4.36,0,0,-25.32,2892529,1642182243.45669,-2.79
733.14,4.36,0,0,-25.38,2892549,1642182243.47711,-2.79
733.14,4.36,0,-0.01,-25.43,2892569,1642182243.49832,-2.79
733.14,4.36,0,-0.01,-25.5,2892590,1642182243.51887,-2.79
733.14,4.36,0,-0.01,-25.55,2892609,1642182243.53936,-2.79
733.14,4.36,0,0,-25.62,2892628,1642182243.55943,-2.79
733.14,4.36,0,0,-25.68,2892649,1642182243.57609,-2.79
733.14,4.36,0,-0.01,-25.75,2892669,1642182243.59757,-2.79
733.14,4.36,0,-0.01,-25.82,2892689,1642182243.61664,-2.79
733.14,4.36,0,-0.01,-25.9,2892709,1642182243.63707,-2.79
733.14,4.36,0,0,-25.97,2892729,1642182243.65841,-2.79
733.14,4.36,0,0,-26.03,2892748,1642182243.67884,-2.79
733.14,4.36,0,-0.01,-26.1,2892769,1642182243.70442,-2.79
733.14,4.36,0,-0.01,-26.17,2892789,1642182243.71864,-2.79
733.14,4.36,0,-0.01,-26.22,2892809,1642182243.73892,-2.79
733.14,4.36,0,0,-26.27,2892829,1642182243.7593,-2.79
733.14,4.36,0,0,-26.32,2892849,1642182243.77636,-2.79
733.14,4.36,0,-0.01,-26.38,2892869,1642182243.79678,-2.79
733.14,4.36,0,-0.01,-26.45,2892890,1642182243.82394,-2.79
733.14,4.36,0,-0.01,-26.52,2892909,1642182243.83959,-2.79
733.14,4.36,0,0,-26.57,2892929,1642182243.85941,-2.79
733.14,4.36,0,0,-26.63,2892949,1642182243.87973,-2.79
733.14,4.36,0,-0.01,-26.68,2892969,1642182243.9001,-2.79
733.14,4.36,0,-0.01,-26.75,2892989,1642182243.9209,-2.79
733.14,4.36,0,-0.01,-26.8,2893009,1642182243.94039,-2.79
733.14,4.36,0,0,-26.85,2893029,1642182243.95725,-2.79
733.14,4.36,0,0,-26.92,2893049,1642182243.97798,-2.79
733.14,4.36,0,-0.01,-26.97,2893069,1642182244.00636,-2.79
733.14,4.36,0,-0.01,-27.02,2893089,1642182244.01923,-2.79
733.14,4.36,0,-0.01,-27.05,2893110,1642182244.03838,-2.79
733.14,4.36,0,0,-27.1,2893129,1642182244.0596,-2.79
733.14,4.36,0,0,-27.15,2893149,1642182244.07975,-2.79
733.14,4.36,0,-0.01,-27.2,2893169,1642182244.09996,-2.79
733.14,4.36,0,0,-27.27,2893190,1642182244.1202,-2.79
733.14,4.36,0,-0.01,-27.33,2893209,1642182244.14108,-2.79
733.14,4.36,0,0,-27.4,2893229,1642182244.15795,-2.79
733.14,4.36,0,0,-27.48,2893249,1642182244.17788,-2.79
733.14,4.36,0,-0.01,-27.58,2893270,1642182244.1982,-2.79
733.14,4.36,0,0,-27.67,2893289,1642182244.21852,-2.79
733.14,4.36,0,-0.01,-27.75,2893309,1642182244.23922,-2.79
733.14,4.36,0,0,-27.82,2893329,1642182244.25978,-2.79
733.14,4.36,0,0,-27.9,2893348,1642182244.28031,-2.79
733.14,4.36,0,-0.01,-27.98,2893369,1642182244.30097,-2.79
733.14,4.36,0,0,-28.07,2893389,1642182244.32229,-2.79
733.14,4.36,0,-0.01,-28.17,2893409,1642182244.33711,-2.79
733.14,4.36,0,0,-28.25,2893429,1642182244.35886,-2.79
733.14,4.36,0,0,-28.37,2893449,1642182244.37912,-2.79
733.14,4.36,0,0,-28.48,2893469,1642182244.40711,-2.79
733.14,4.36,0,0,-28.6,2893490,1642182244.42104,-2.79
733.14,4.36,0,-0.01,-28.73,2893509,1642182244.43947,-2.79
733.14,4.36,0,0,-28.85,2893529,1642182244.46069,-2.79
733.14,4.36,0,0,-28.97,2893549,1642182244.48102,-2.79
733.14,4.36,0,0,-29.07,2893569,1642182244.4982,-2.79
733.14,4.36,0,-0.01,-29.17,2893589,1642182244.519,-2.79
733.14,4.36,0,-0.01,-29.23,2893609,1642182244.5391,-2.79
733.14,4.36,0,0,-29.3,2893629,1642182244.55829,-2.79
733.14,4.36,0,0,-29.37,2893648,1642182244.57881,-2.79
733.14,4.36,0,-0.01,-29.43,2893669,1642182244.59909,-2.79
733.14,4.36,0,0,-29.48,2893689,1642182244.62812,-2.79
733.14,4.36,0,0,-29.53,2893709,1642182244.64118,-2.79
733.14,4.36,0,0,-29.58,2893729,1642182244.66623,-2.79
733.14,4.36,0,-0.01,-29.62,2893749,1642182244.67841,-2.79
733.14,4.36,0,0,-29.67,2893769,1642182244.70254,-2.79
733.14,4.36,0,0,-29.7,2893789,1642182244.71842,-2.79
733.14,4.36,0,0,-29.73,2893809,1642182244.73853,-2.79
733.14,4.36,0,0,-29.78,2893829,1642182244.7592,-2.79
733.14,4.36,0,-0.01,-29.82,2893849,1642182244.78475,-2.79
733.14,4.36,0,0,-29.85,2893870,1642182244.80108,-2.79
733.14,4.36,0,0,-29.88,2893889,1642182244.82074,-2.79
733.14,4.36,0,0,-29.92,2893910,1642182244.84083,-2.79
733.14,4.36,0,0,-29.95,2893929,1642182244.85736,-2.79
733.14,4.36,0,-0.01,-29.98,2893949,1642182244.87891,-2.79
733.14,4.36,0,0,-30.03,2893969,1642182244.89967,-2.79
733.14,4.36,0,0,-30.08,2893989,1642182244.92015,-2.79
733.14,4.36,0,0,-30.13,2894009,1642182244.94063,-2.79
733.14,4.36,0,0,-30.18,2894029,1642182244.96115,-2.79
733.14,4.36,0,-0.01,-30.23,2894049,1642182244.98164,-2.79
733.14,4.36,0,0,-30.3,2894069,1642182245.00122,-2.79
733.14,4.36,0,0,-30.35,2894089,1642182245.02734,-2.79
733.14,4.36,0,0,-30.4,2894109,1642182245.04222,-2.79
733.14,4.36,0,0,-30.45,2894129,1642182245.05873,-2.79
733.14,4.36,0,-0.01,-30.5,2894149,1642182245.07932,-2.79
733.14,4.36,0,0,-30.55,2894169,1642182245.1051,-2.79
733.14,4.36,0,0,-30.6,2894189,1642182245.12266,-2.79
733.14,4.36,0,0,-30.65,2894210,1642182245.14039,-2.79
733.14,4.36,0,0,-30.7,2894229,1642182245.16067,-2.79
733.14,4.36,0,-0.01,-30.75,2894248,1642182245.18085,-2.79
733.14,4.36,0,0,-30.82,2894269,1642182245.20091,-2.79
733.14,4.36,0,0,-30.88,2894289,1642182245.22244,-2.79
733.14,4.36,0,0,-30.95,2894309,1642182245.23921,-2.79
733.14,4.36,0,0,-31,2894329,1642182245.25954,-2.79
733.14,4.36,0,-0.01,-31.07,2894349,1642182245.27999,-2.79
733.14,4.36,0,-0.01,-31.12,2894369,1642182245.3053,-2.79
733.14,4.36,0,0,-31.17,2894389,1642182245.3272,-2.79
733.14,4.36,0,0,-31.22,2894409,1642182245.34125,-2.79
733.14,4.36,0,0,-31.27,2894429,1642182245.36089,-2.79
733.14,4.36,0,-0.01,-31.32,2894449,1642182245.38136,-2.79
733.14,4.36,0,0,-31.37,2894469,1642182245.40187,-2.79
733.14,4.36,0,0,-31.42,2894489,1642182245.41863,-2.79
733.14,4.36,0,0,-31.47,2894509,1642182245.43897,-2.79
733.14,4.36,0,0,-31.53,2894529,1642182245.46027,-2.79
733.14,4.36,0,-0.01,-31.58,2894550,1642182245.48581,-2.79
733.14,4.36,0,-0.01,-31.63,2894569,1642182245.50259,-2.79
733.14,4.36,0,0,-31.68,2894589,1642182245.52081,-2.79
733.14,4.36,0,0,-31.73,2894609,1642182245.5419,-2.79
733.14,4.36,0,0,-31.78,2894629,1642182245.5623,-2.79
733.14,4.36,0,-0.01,-31.82,2894649,1642182245.5827,-2.79
733.14,4.36,0,-0.01,-31.85,2894669,1642182245.60285,-2.79
733.14,4.36,0,0,-31.87,2894689,1642182245.61998,-2.79
733.14,4.36,0,0,-31.9,2894709,1642182245.64035,-2.79
733.14,4.36,0,0,-31.92,2894729,1642182245.66085,-2.79
733.14,4.36,0,-0.01,-31.95,2894749,1642182245.68592,-2.79
733.14,4.36,0,-0.01,-31.97,2894769,1642182245.70169,-2.79
733.14,4.36,0,-0.01,-31.98,2894789,1642182245.72202,-2.79
733.14,4.36,0,0,-32,2894809,1642182245.74208,-2.79
733.14,4.36,0,0,-32.02,2894829,1642182245.76248,-2.79
733.14,4.36,0,-0.01,-32.05,2894850,1642182245.78287,-2.79
733.14,4.36,0,-0.01,-32.07,2894869,1642182245.79967,-2.79
733.14,4.36,0,0,-32.07,2894889,1642182245.8201,-2.79
733.14,4.36,0,0,-32.08,2894909,1642182245.84037,-2.79
733.14,4.36,0,0,-32.08,2894928,1642182245.86072,-2.79
733.14,4.36,0,-0.01,-32.1,2894949,1642182245.88142,-2.79
733.14,4.36,0,-0.01,-32.1,2894969,1642182245.90173,-2.79
733.14,4.36,0,-0.01,-32.12,2894990,1642182245.92272,-2.79
733.14,4.36,0,0,-32.12,2895009,1642182245.94249,-2.79
733.14,4.36,0,-0.01,-32.13,2895029,1642182245.96003,-2.79
733.14,4.36,0,-0.01,-32.15,2895049,1642182245.98042,-2.79
733.14,4.36,0,-0.01,-32.17,2895070,1642182246.00096,-2.79
733.14,4.36,0,-0.01,-32.18,2895089,1642182246.02114,-2.79
733.14,4.36,0,0,-32.2,2895109,1642182246.04199,-2.79
733.14,4.36,0,-0.01,-32.22,2895129,1642182246.06165,-2.79
733.14,4.36,0,-0.01,-32.22,2895149,1642182246.08325,-2.79
733.14,4.36,0,-0.01,-32.22,2895169,1642182246.10366,-2.79
733.14,4.36,0,0,-32.23,2895188,1642182246.12332,-2.79
733.14,4.36,0,0,-32.25,2895209,1642182246.14009,-2.79
733.14,4.36,0,-0.01,-32.27,2895229,1642182246.16036,-2.79
733.14,4.36,0,-0.01,-32.28,2895249,1642182246.18144,-2.79
733.14,4.36,0,-0.01,-32.28,2895269,1642182246.20233,-2.79
733.14,4.36,0,0,-32.3,2895289,1642182246.22137,-2.79
733.14,4.36,0,0,-32.3,2895308,1642182246.24279,-2.79
733.14,4.36,0,0,-32.32,2895329,1642182246.2633,-2.79
733.14,4.36,0,-0.01,-32.33,2895349,1642182246.2835,-2.79
733.14,4.36,0,-0.01,-32.33,2895370,1642182246.30444,-2.79
733.14,4.36,0,0,-32.35,2895389,1642182246.32,-2.79
733.14,4.36,0,0,-32.35,2895409,1642182246.34014,-2.79
733.14,4.36,0,-0.01,-32.35,2895429,1642182246.3609,-2.79
733.14,4.36,0,-0.01,-32.37,2895449,1642182246.38223,-2.79
733.14,4.36,0,-0.01,-32.37,2895469,1642182246.40316,-2.79
733.14,4.36,0,-0.01,-32.38,2895490,1642182246.42244,-2.79
733.14,4.36,0,0,-32.4,2895509,1642182246.44273,-2.79
733.14,4.36,0,-0.01,-32.42,2895529,1642182246.4633,-2.79
733.14,4.36,0,-0.01,-32.43,2895549,1642182246.48376,-2.79
733.14,4.36,0,-0.01,-32.45,2895569,1642182246.50439,-2.79
733.14,4.36,0,-0.01,-32.47,2895589,1642182246.52133,-2.79
733.14,4.36,0,0,-32.47,2895608,1642182246.54149,-2.79
733.14,4.36,0,-0.01,-32.48,2895629,1642182246.56195,-2.79
733.14,4.36,0,-0.01,-32.5,2895649,1642182246.58231,-2.79
733.14,4.36,0,-0.01,-32.52,2895670,1642182246.60282,-2.79
733.14,4.36,0,-0.01,-32.52,2895689,1642182246.63231,-2.79
733.14,4.36,0,0,-32.52,2895709,1642182246.64686,-2.79
733.14,4.36,0,-0.01,-32.53,2895729,1642182246.6641,-2.79
733.14,4.36,0,-0.01,-32.55,2895749,1642182246.68092,-2.79
733.14,4.36,0,-0.01,-32.57,2895769,1642182246.70386,-2.79
733.14,4.36,0,-0.01,-32.58,2895790,1642182246.7216,-2.79
733.14,4.36,0,0,-32.6,2895809,1642182246.74415,-2.79
733.14,4.36,0,-0.01,-32.62,2895828,1642182246.7629,-2.79
733.14,4.36,0,-0.01,-32.63,2895849,1642182246.78277,-2.79
733.14,4.36,0,-0.01,-32.67,2895869,1642182246.80308,-2.79
733.14,4.36,0,-0.01,-32.68,2895889,1642182246.82326,-2.79
733.14,4.36,0,0,-32.7,2895908,1642182246.8444,-2.79
733.14,4.36,0,0,-32.72,2895929,1642182246.86461,-2.79
733.14,4.36,0,-0.01,-32.75,2895949,1642182246.88103,-2.79
733.14,4.36,0,-0.01,-32.77,2895969,1642182246.90137,-2.79
733.14,4.36,0,0,-32.8,2895989,1642182246.92265,-2.79
733.14,4.36,0,0,-32.82,2896009,1642182246.94256,-2.79
733.14,4.36,0,-0.01,-32.83,2896029,1642182246.96264,-2.79
733.14,4.36,0,-0.01,-32.85,2896050,1642182246.98335,-2.79
733.14,4.36,0,-0.01,-32.88,2896069,1642182247.00387,-2.79
733.14,4.36,0,0,-32.9,2896089,1642182247.03084,-2.79
733.14,4.36,0,0,-32.93,2896109,1642182247.04509,-2.79
733.14,4.36,0,-0.01,-32.95,2896129,1642182247.06143,-2.79
733.14,4.36,0,-0.01,-32.97,2896149,1642182247.08126,-2.79
733.14,4.36,0,-0.01,-32.98,2896169,1642182247.10233,-2.79
733.14,4.36,0,0,-33,2896189,1642182247.12291,-2.79
733.14,4.36,0,0,-33.02,2896208,1642182247.1472,-2.79
733.14,4.36,0,-0.01,-33.03,2896229,1642182247.16431,-2.79
733.14,4.36,0,-0.01,-33.05,2896249,1642182247.18394,-2.79
733.14,4.36,0,-0.01,-33.07,2896269,1642182247.2041,-2.79
733.14,4.36,0,0,-33.08,2896289,1642182247.22084,-2.79
733.14,4.36,0,0,-33.1,2896309,1642182247.24162,-2.79
733.14,4.36,0,0,-33.13,2896329,1642182247.27051,-2.79
733.14,4.36,0,-0.01,-33.15,2896349,1642182247.28562,-2.79
733.14,4.36,0,-0.01,-33.17,2896369,1642182247.30327,-2.79
733.14,4.36,0,0,-33.17,2896389,1642182247.32447,-2.79
733.14,4.36,0,0,-33.18,2896409,1642182247.34425,-2.79
733.14,4.36,0,0,-33.22,2896429,1642182247.36443,-2.79
733.14,4.36,0,-0.01,-33.23,2896449,1642182247.38444,-2.79
733.14,4.36,0,-0.01,-33.25,2896470,1642182247.40564,-2.79
733.14,4.36,0,0,-33.27,2896489,1642182247.42147,-2.79
733.14,4.36,0,0,-33.28,2896508,1642182247.4425,-2.79
733.14,4.36,0,0,-33.32,2896529,1642182247.4715,-2.79
733.14,4.36,0,-0.01,-33.33,2896549,1642182247.4839,-2.79
733.14,4.36,0,-0.01,-33.37,2896569,1642182247.50315,-2.79
733.14,4.36,0,0,-33.37,2896589,1642182247.52379,-2.79
733.14,4.36,0,0,-33.38,2896609,1642182247.54383,-2.79
733.14,4.36,0,0,-33.4,2896628,1642182247.56518,-2.79
733.14,4.36,0,-0.01,-33.42,2896649,1642182247.5862,-2.79
733.14,4.36,0,-0.01,-33.42,2896669,1642182247.60302,-2.79
733.14,4.36,0,0,-33.43,2896689,1642182247.62443,-2.79
733.14,4.36,0,0,-33.45,2896709,1642182247.64312,-2.79
733.14,4.36,0,0,-33.47,2896729,1642182247.66462,-2.79
733.14,4.36,0,-0.01,-33.48,2896749,1642182247.68519,-2.79
733.14,4.36,0,-0.01,-33.5,2896770,1642182247.70437,-2.79
733.14,4.36,0,0,-33.53,2896789,1642182247.7255,-2.79
733.14,4.36,0,0,-33.57,2896808,1642182247.74557,-2.79
733.14,4.36,0,0,-33.62,2896829,1642182247.76229,-2.79
733.14,4.36,0,0,-33.68,2896848,1642182247.78429,-2.79
733.14,4.36,0,-0.01,-33.73,2896869,1642182247.80254,-2.79
733.14,4.36,0,0,-33.82,2896889,1642182247.82333,-2.79
733.14,4.36,0,0,-33.92,2896909,1642182247.84376,-2.79
733.14,4.36,0,0,-34,2896929,1642182247.86434,-2.79
733.14,4.36,0,0,-34.08,2896949,1642182247.88507,-2.79
733.14,4.36,0,-0.01,-34.17,2896969,1642182247.90553,-2.79
733.14,4.36,0,0,-34.25,2896989,1642182247.92503,-2.79
733.14,4.36,0,0,-34.32,2897009,1642182247.9455,-2.79
733.14,4.36,0,0,-34.37,2897029,1642182247.96237,-2.79
733.14,4.36,0,0,-34.43,2897049,1642182247.98252,-2.79
733.14,4.36,0,-0.01,-34.48,2897070,1642182248.00387,-2.79
733.14,4.36,0,0,-34.53,2897089,1642182248.02392,-2.79
733.14,4.36,0,0,-34.57,2897108,1642182248.04544,-2.79
733.14,4.36,0,0,-34.6,2897129,1642182248.06569,-2.79
733.14,4.36,0,0,-34.63,2897148,1642182248.08524,-2.79
733.14,4.36,0,0,-34.65,2897169,1642182248.1064,-2.79
733.14,4.36,0,0,-34.67,2897189,1642182248.12688,-2.79
733.14,4.36,0,0,-34.68,2897209,1642182248.1428,-2.79
733.14,4.36,0,-0.01,-34.7,2897229,1642182248.16445,-2.79
733.14,4.36,0,0,-34.73,2897249,1642182248.18458,-2.79
733.14,4.36,0,-0.01,-34.77,2897269,1642182248.20515,-2.79
733.14,4.36,0,0,-34.82,2897289,1642182248.2254,-2.79
733.14,4.36,0,-0.01,-34.87,2897309,1642182248.24574,-2.79
733.14,4.36,0,-0.01,-34.92,2897330,1642182248.26566,-2.79
733.14,4.36,0,-0.01,-34.93,2897349,1642182248.28603,-2.79
733.14,4.36,0,-0.01,-34.95,2897370,1642182248.31362,-2.79
733.14,4.36,0,0,-34.97,2897389,1642182248.32325,-2.79
733.14,4.36,0,-0.01,-34.97,2897410,1642182248.34376,-2.79
733.14,4.36,0,-0.01,-34.97,2897429,1642182248.36437,-2.79
733.14,4.36,0,0,-34.97,2897448,1642182248.38465,-2.79
733.14,4.36,0,-0.01,-34.97,2897469,1642182248.40504,-2.79
733.14,4.36,0,0,-34.97,2897489,1642182248.4253,-2.79
733.14,4.36,0,-0.01,-34.97,2897509,1642182248.44675,-2.79
733.14,4.36,0,-0.01,-34.98,2897529,1642182248.4718,-2.79
733.14,4.36,0,0,-35,2897549,1642182248.48691,-2.79
733.14,4.36,0,0,-35.07,2897569,1642182248.50848,-2.79
733.14,4.36,0,0,-35.12,2897589,1642182248.52399,-2.79
733.14,4.36,0,-0.01,-35.15,2897609,1642182248.54552,-2.79
733.14,4.36,0,-0.01,-35.17,2897629,1642182248.56578,-2.79
733.14,4.36,0,0,-35.18,2897649,1642182248.58622,-2.79
733.14,4.36,0,0,-35.18,2897670,1642182248.60625,-2.79
733.14,4.36,0,0,-35.18,2897689,1642182248.62638,-2.79
733.14,4.36,0,-0.01,-35.18,2897710,1642182248.6466,-2.79
733.14,4.36,0,-0.01,-35.13,2897729,1642182248.66716,-2.79
733.14,4.36,0,0,-35.1,2897748,1642182248.68435,-2.79
733.14,4.36,0,0,-35.08,2897769,1642182248.70347,-2.79
733.14,4.36,0,0,-35.08,2897788,1642182248.72477,-2.79
733.14,4.36,0,0,-35.07,2897809,1642182248.74501,-2.79
733.14,4.36,0,0,-35.02,2897828,1642182248.76555,-2.79
733.14,4.36,0,0,-34.97,2897849,1642182248.78594,-2.79
733.14,4.36,0,0,-34.9,2897868,1642182248.80587,-2.79
733.14,4.36,0,0,-34.8,2897889,1642182248.8271,-2.79
733.14,4.36,0,0,-34.65,2897908,1642182248.84713,-2.79
733.14,4.36,0,0,-34.5,2897929,1642182248.86417,-2.79
733.14,4.36,0,0,-34.35,2897949,1642182248.88444,-2.79
733.14,4.36,0,0,-34.2,2897969,1642182248.90464,-2.79
733.14,4.36,0,0,-34,2897989,1642182248.92481,-2.79
733.14,4.36,0,0,-33.73,2898009,1642182248.94628,-2.79
733.14,4.36,0,0,-33.47,2898029,1642182248.97128,-2.79
733.14,4.36,0,0,-33.15,2898049,1642182248.98668,-2.79
733.14,4.36,0,0,-32.83,2898069,1642182249.0097,-2.79
733.14,4.36,0,0,-32.53,2898088,1642182249.02721,-2.79
733.14,4.36,0,0,-32.25,2898109,1642182249.04423,-2.79
733.14,4.36,0,0,-32.03,2898128,1642182249.06356,-2.79
733.14,4.36,0,0,-31.83,2898149,1642182249.08528,-2.79
733.14,4.36,0,0,-31.58,2898168,1642182249.10535,-2.79
733.14,4.36,0,0,-31.27,2898189,1642182249.13681,-2.79
733.14,4.36,0,0,-31,2898208,1642182249.14859,-2.79
733.14,4.36,0,0,-30.9,2898229,1642182249.16696,-2.79
733.14,4.36,0,0,-30.85,2898249,1642182249.18744,-2.79
733.14,4.36,0,0,-30.82,2898269,1642182249.20748,-2.79
733.14,4.36,0,0,-30.82,2898288,1642182249.2345,-2.79
733.14,4.36,0,0,-30.8,2898309,1642182249.24452,-2.79
733.14,4.36,0,0,-30.8,2898329,1642182249.26472,-2.79
733.14,4.36,0,0,-30.8,2898349,1642182249.28521,-2.79
733.14,4.36,0,0,-30.8,2898369,1642182249.30616,-2.79
733.14,4.36,0,0,-30.78,2898388,1642182249.32714,-2.79
733.14,4.36,0,0,-30.78,2898409,1642182249.3473,-2.79
733.14,4.36,0,0,-30.78,2898429,1642182249.36756,-2.79
733.14,4.36,0,0,-30.78,2898449,1642182249.38825,-2.79
733.14,4.36,0,0,-30.78,2898469,1642182249.40865,-2.79
733.14,4.36,0,0,-30.78,2898489,1642182249.42525,-2.79
733.14,4.36,0,0,-30.78,2898509,1642182249.44564,-2.79
733.14,4.36,0,0,-30.78,2898529,1642182249.46622,-2.79
733.14,4.36,0,0,-30.77,2898548,1642182249.4863,-2.79
733.14,4.36,0,0,-30.77,2898569,1642182249.5066,-2.79
733.14,4.36,0,0,-30.77,2898588,1642182249.52679,-2.79
733.14,4.36,0,0,-30.77,2898609,1642182249.5483,-2.79
733.14,4.36,0,0,-30.77,2898629,1642182249.57403,-2.79
733.14,4.36,0,0,-30.77,2898649,1642182249.58997,-2.79
733.14,4.36,0,0,-30.77,2898669,1642182249.60505,-2.79
733.14,4.36,0,0,-30.77,2898689,1642182249.62534,-2.79
733.14,4.36,0,0,-30.77,2898709,1642182249.64581,-2.79
733.14,4.36,0,-0.01,-30.77,2898728,1642182249.66594,-2.79
733.14,4.36,0,0,-30.77,2898749,1642182249.68666,-2.79
733.14,4.36,0,0,-30.77,2898768,1642182249.70704,-2.79
733.14,4.36,0,0,-30.77,2898789,1642182249.73304,-2.79
733.14,4.36,0,0,-30.75,2898808,1642182249.75028,-2.79
733.14,4.36,0,0,-30.75,2898829,1642182249.76587,-2.79
733.14,4.36,0,0,-30.75,2898849,1642182249.78523,-2.79
733.14,4.36,0,0,-30.75,2898869,1642182249.80565,-2.79
733.14,4.36,0,0,-30.75,2898888,1642182249.82603,-2.79
733.14,4.36,0,0,-30.75,2898909,1642182249.84665,-2.79
733.14,4.36,0,0,-30.75,2898928,1642182249.86685,-2.79
733.14,4.36,0,0,-30.75,2898949,1642182249.8877,-2.79
733.14,4.36,0,0,-30.75,2898969,1642182249.9083,-2.79
733.14,4.36,0,0,-30.75,2898989,1642182249.92866,-2.79
733.14,4.36,0,0,-30.75,2899009,1642182249.94606,-2.79
733.14,4.36,0,-0.01,-30.75,2899028,1642182249.96626,-2.79
733.14,4.36,0,0,-30.75,2899049,1642182249.98606,-2.79
733.14,4.36,0,0,-30.75,2899068,1642182250.00688,-2.79
733.14,4.36,0,0,-30.75,2899089,1642182250.02711,-2.79
733.14,4.36,0,-0.01,-30.75,2899109,1642182250.04746,-2.79
733.14,4.36,0,0,-30.75,2899129,1642182250.06772,-2.79
733.14,4.36,0,0,-30.75,2899149,1642182250.08784,-2.79
733.14,4.36,0,0,-30.75,2899169,1642182250.10875,-2.79
733.14,4.36,0,0,-30.75,2899188,1642182250.12589,-2.79
733.14,4.36,0,-0.01,-30.75,2899209,1642182250.14602,-2.79
733.14,4.36,0,-0.01,-30.75,2899229,1642182250.16685,-2.79
733.14,4.36,0,-0.01,-30.73,2899249,1642182250.19292,-2.79
733.14,4.36,0,0,-30.73,2899269,1642182250.2083,-2.79
733.14,4.36,0,0,-30.73,2899289,1642182250.22754,-2.79
733.14,4.36,0,-0.01,-30.73,2899309,1642182250.24745,-2.79
733.14,4.36,0,-0.01,-30.73,2899329,1642182250.2683,-2.79
733.14,4.36,0,-0.01,-30.73,2899349,1642182250.28906,-2.79
733.14,4.36,0,0,-30.73,2899368,1642182250.31534,-2.79
733.14,4.36,0,0,-30.73,2899389,1642182250.3374,-2.79
733.14,4.36,0,-0.01,-30.73,2899409,1642182250.34931,-2.79
733.14,4.36,0,-0.01,-30.73,2899429,1642182250.36655,-2.79
733.14,4.36,0,0,-30.73,2899449,1642182250.38679,-2.79
733.14,4.36,0,0,-30.73,2899469,1642182250.40704,-2.79
733.14,4.36,0,0,-30.73,2899488,1642182250.42781,-2.79
733.14,4.36,0,-0.01,-30.73,2899509,1642182250.44821,-2.79
733.14,4.36,0,-0.01,-30.73,2899529,1642182250.46976,-2.79
733.14,4.36,0,0,-30.73,2899549,1642182250.48986,-2.79
733.14,4.36,0,0,-30.73,2899569,1642182250.50681,-2.79
733.14,4.36,0,0,-30.73,2899589,1642182250.52754,-2.79
733.14,4.36,0,-0.01,-30.73,2899609,1642182250.54642,-2.79
733.14,4.36,0,-0.01,-30.73,2899629,1642182250.56717,-2.79
733.14,4.36,0,0,-30.73,2899649,1642182250.58707,-2.79
733.14,4.36,0,0,-30.73,2899668,1642182250.60878,-2.79
733.14,4.36,0,0,-30.73,2899689,1642182250.62895,-2.79
733.14,4.36,0,-0.01,-30.73,2899709,1642182250.65554,-2.79
733.14,4.36,0,-0.01,-30.73,2899729,1642182250.67359,-2.79
733.14,4.36,0,0,-30.73,2899749,1642182250.68679,-2.79
733.14,4.36,0,0,-30.73,2899769,1642182250.71286,-2.79
733.14,4.36,0,0,-30.73,2899788,1642182250.73208,-2.79
733.14,4.36,0,-0.01,-30.73,2899809,1642182250.74968,-2.79
733.14,4.36,0,0,-30.73,2899828,1642182250.7681,-2.79
733.14,4.36,0,0,-30.73,2899849,1642182250.78905,-2.79
733.14,4.36,0,0,-30.73,2899868,1642182250.80921,-2.79
733.14,4.36,0,0,-30.73,2899889,1642182250.8308,-2.79
733.14,4.36,0,-0.01,-30.73,2899909,1642182250.84949,-2.79
733.14,4.36,0,-0.01,-30.72,2899930,1642182250.8704,-2.79
733.14,4.36,0,0,-30.72,2899949,1642182250.88725,-2.79
733.14,4.36,0,0,-30.72,2899970,1642182250.90713,-2.79
733.14,4.36,0,0,-30.72,2899989,1642182250.92869,-2.79
733.14,4.36,0,0,-30.72,2900009,1642182250.9484,-2.79
733.14,4.36,0,-0.01,-30.72,2900029,1642182250.9697,-2.79
733.14,4.36,0,0,-30.72,2900049,1642182250.98914,-2.79
733.14,4.36,0,0,-30.72,2900069,1642182251.00934,-2.79
733.14,4.36,0,0,-30.72,2900089,1642182251.03111,-2.79
733.14,4.36,0,0,-30.72,2900109,1642182251.0569,-2.79
733.14,4.36,0,-0.01,-30.72,2900129,1642182251.06894,-2.79
733.14,4.36,0,0,-30.72,2900149,1642182251.08824,-2.79
733.14,4.36,0,0,-30.72,2900169,1642182251.10776,-2.79
733.14,4.36,0,0,-30.72,2900189,1642182251.12769,-2.79
733.14,4.36,0,0,-30.72,2900209,1642182251.1489,-2.79
733.14,4.36,0,-0.01,-30.72,2900230,1642182251.16879,-2.79
733.14,4.36,0,0,-30.72,2900249,1642182251.19008,-2.79
733.14,4.36,0,0,-30.72,2900269,1642182251.21466,-2.79
733.14,4.36,0,0,-30.72,2900289,1642182251.2332,-2.79
733.14,4.36,0,0,-30.72,2900310,1642182251.24886,-2.79
733.14,4.36,0,0,-30.72,2900329,1642182251.26721,-2.79
733.14,4.36,0,0,-30.72,2900349,1642182251.28839,-2.79
733.14,4.36,0,0,-30.72,2900369,1642182251.30869,-2.79
733.14,4.36,0,0,-30.72,2900389,1642182251.32998,-2.79
733.14,4.36,0,0,-30.72,2900409,1642182251.34994,-2.79
733.14,4.36,0,0,-30.72,2900429,1642182251.36999,-2.79
733.14,4.36,0,0,-30.72,2900449,1642182251.39088,-2.79
733.14,4.36,0,0,-30.72,2900469,1642182251.41243,-2.79
733.14,4.36,0,0,-30.72,2900489,1642182251.42824,-2.79
733.14,4.36,0,0,-30.72,2900509,1642182251.44962,-2.79
733.14,4.36,0,0,-30.72,2900530,1642182251.46925,-2.79
733.14,4.36,0,0,-30.72,2900549,1642182251.48895,-2.79
733.14,4.36,0,0,-30.72,2900569,1642182251.50935,-2.79
733.14,4.36,0,0,-30.72,2900589,1642182251.52953,-2.79
733.14,4.36,0,0,-30.72,2900609,1642182251.54973,-2.79
733.14,4.36,0,0,-30.72,2900629,1642182251.57075,-2.79
733.14,4.36,0,0,-30.72,2900649,1642182251.59103,-2.79
733.14,4.36,0,0,-30.72,2900669,1642182251.6076,-2.79
733.14,4.36,0,0,-30.72,2900689,1642182251.62814,-2.79
733.14,4.36,0,0,-30.72,2900709,1642182251.64927,-2.79
733.14,4.36,0,0,-30.72,2900729,1642182251.66921,-2.79
733.14,4.36,0,0,-30.72,2900749,1642182251.68963,-2.79
733.14,4.36,0,0,-30.72,2900769,1642182251.71086,-2.79
733.14,4.36,0,0,-30.72,2900789,1642182251.73179,-2.79
733.14,4.36,0,0,-30.72,2900809,1642182251.75138,-2.79
733.14,4.36,0,0,-30.72,2900829,1642182251.77144,-2.79
733.14,4.36,0,0,-30.72,2900849,1642182251.78842,-2.79
733.14,4.36,0,0,-30.72,2900869,1642182251.80839,-2.79
733.14,4.36,0,0,-30.72,2900889,1642182251.83039,-2.79
733.14,4.36,0,0,-30.72,2900909,1642182251.84999,-2.79
733.14,4.36,0,0,-30.72,2900929,1642182251.87054,-2.79
733.14,4.36,0,0,-30.72,2900948,1642182251.89076,-2.79
733.14,4.36,0,0,-30.72,2900969,1642182251.91173,-2.79
733.14,4.36,0,0,-30.72,2900989,1642182251.94269,-2.79
733.14,4.36,0,0,-30.72,2901009,1642182251.95466,-2.79
733.14,4.36,0,0,-30.72,2901029,1642182251.96767,-2.79
733.14,4.36,0,0,-30.72,2901049,1642182251.98922,-2.79
733.14,4.36,0,0,-30.72,2901069,1642182252.00915,-2.79
733.14,4.36,0,0,-30.72,2901089,1642182252.03041,-2.79
733.14,4.36,0,0,-30.72,2901109,1642182252.04991,-2.79
733.14,4.36,0,0,-30.72,2901129,1642182252.06997,-2.79
733.14,4.36,0,0,-30.72,2901149,1642182252.09102,-2.79
733.14,4.36,0,0,-30.72,2901169,1642182252.1121,-2.79
733.14,4.36,0,0,-30.7,2901189,1642182252.13254,-2.79
733.14,4.36,0,0,-30.7,2901209,1642182252.14846,-2.79
733.14,4.36,0,0,-30.7,2901229,1642182252.16883,-2.79
733.14,4.36,0,0,-30.7,2901249,1642182252.189,-2.79
733.14,4.36,0,0,-30.7,2901269,1642182252.21079,-2.79
733.14,4.36,0,0,-30.7,2901288,1642182252.23076,-2.79
733.14,4.36,0,0,-30.7,2901309,1642182252.25074,-2.79
733.14,4.36,0,0,-30.7,2901328,1642182252.27086,-2.79
733.14,4.36,0,0,-30.7,2901349,1642182252.2912,-2.79
733.14,4.36,0,0,-30.7,2901368,1642182252.30885,-2.79
733.14,4.36,0,0,-30.7,2901389,1642182252.32929,-2.79
733.14,4.36,0,0,-30.7,2901408,1642182252.34953,-2.79
733.14,4.36,0,0,-30.7,2901429,1642182252.36984,-2.79
733.14,4.36,0,0,-30.7,2901448,1642182252.39,-2.79
733.14,4.36,0,0,-30.7,2901469,1642182252.41059,-2.79
