391.83,0.1,0.09,0,100.8,13653253,1642171332.80883,0
391.83,0.1,0.09,0,100.8,13653272,1642171332.80963,0
391.83,0.1,0.09,0,100.8,13653293,1642171332.81042,0
391.83,0.1,0.09,0,100.8,13653312,1642171332.81115,0
391.83,0.1,0.09,0,100.8,13653332,1642171332.81237,0
391.83,0.1,0.09,0,100.8,13653353,1642171332.83508,0
391.83,0.1,0.09,0,100.8,13653372,1642171332.92791,0
391.83,0.1,0.09,0,100.8,13653393,1642171332.92999,0
391.83,0.1,0.09,0,100.8,13653412,1642171332.93157,0
391.83,0.1,0.09,0,100.8,13653433,1642171332.93338,0
391.83,0.1,0.09,0,100.8,13653452,1642171332.93803,0
391.83,0.1,0.09,0,100.8,13653473,1642171332.96791,0
391.83,0.1,0.09,0,100.8,13653492,1642171332.97742,0
391.83,0.1,0.09,0,100.8,13653513,1642171332.99274,0
391.83,0.1,0.09,0,100.8,13653532,1642171333.01362,0
391.83,0.1,0.09,0,100.8,13653553,1642171333.03298,0
391.83,0.1,0.09,0,100.8,13653572,1642171333.05654,0
391.83,0.1,0.09,0.01,100.8,13653593,1642171333.07594,0
391.83,0.1,0.09,0,100.8,13653612,1642171333.0956,0
391.83,0.1,0.09,0,100.8,13653633,1642171333.11568,0
391.83,0.1,0.09,0,100.8,13653653,1642171333.13569,0
391.83,0.1,0.09,0,100.8,13653672,1642171333.15671,0
391.83,0.1,0.09,0.01,100.8,13653693,1642171333.17259,0
391.83,0.1,0.09,0,100.8,13653712,1642171333.19465,0
391.83,0.1,0.09,0,100.8,13653733,1642171333.21643,0
391.83,0.1,0.09,0,100.8,13653752,1642171333.23786,0
391.83,0.1,0.09,0,100.8,13653773,1642171333.25812,0
391.83,0.1,0.09,0.01,100.8,13653792,1642171333.27798,0
391.83,0.1,0.09,0,100.8,13653813,1642171333.29887,0
391.83,0.1,0.09,0,100.8,13653832,1642171333.31742,0
391.83,0.1,0.09,0,100.8,13653853,1642171333.3374,0
391.83,0.1,0.09,0.01,100.8,13653873,1642171333.35449,0
391.83,0.1,0.09,0.01,100.8,13653893,1642171333.37426,0
391.83,0.1,0.09,0,100.8,13653912,1642171333.39503,0
391.83,0.1,0.09,0,100.8,13653933,1642171333.4152,0
391.83,0.1,0.09,0,100.8,13653953,1642171333.43488,0
391.83,0.1,0.09,0.01,100.8,13653972,1642171333.45564,0
391.83,0.1,0.09,0.01,100.8,13653993,1642171333.47631,0
391.83,0.1,0.09,0,100.8,13654012,1642171333.49702,0
391.83,0.1,0.09,0,100.8,13654033,1642171333.51737,0
391.83,0.1,0.09,0,100.8,13654052,1642171333.53393,0
391.83,0.1,0.09,0.01,100.8,13654073,1642171333.55435,0
391.83,0.1,0.09,0.01,100.8,13654092,1642171333.5751,0
391.83,0.1,0.09,0,100.8,13654113,1642171333.59493,0
391.83,0.1,0.09,0,100.8,13654132,1642171333.61571,0
391.83,0.1,0.09,0,100.8,13654153,1642171333.63662,0
391.83,0.1,0.09,0.01,100.8,13654172,1642171333.65681,0
391.83,0.1,0.09,0.01,100.8,13654193,1642171333.67755,0
391.83,0.1,0.09,0,100.8,13654212,1642171333.69891,0
391.83,0.1,0.09,0,100.8,13654233,1642171333.71377,0
391.83,0.1,0.09,0,100.8,13654252,1642171333.73445,0
391.83,0.1,0.09,0.01,100.8,13654273,1642171333.75467,0
391.83,0.1,0.09,0.01,100.8,13654293,1642171333.77483,0
391.83,0.1,0.09,0,100.8,13654312,1642171333.79531,0
391.83,0.1,0.09,0,100.8,13654333,1642171333.81553,0
391.83,0.1,0.09,0,100.8,13654352,1642171333.83631,0
391.83,0.1,0.09,0,100.8,13654373,1642171333.8572,0
391.83,0.1,0.09,0.01,100.8,13654392,1642171333.87638,0
391.83,0.1,0.09,0,100.8,13654413,1642171333.89377,0
391.83,0.1,0.09,0,100.8,13654432,1642171333.91419,0
391.83,0.1,0.09,0,100.8,13654453,1642171333.93474,0
391.83,0.1,0.09,0,100.8,13654472,1642171333.95509,0
391.83,0.1,0.09,0.01,100.8,13654493,1642171333.9761,0
391.83,0.1,0.09,0,100.8,13654512,1642171333.99737,0
391.83,0.1,0.09,0,100.8,13654533,1642171334.02314,0
391.83,0.1,0.09,0,100.8,13654552,1642171334.04355,0
391.83,0.1,0.09,0,100.8,13654573,1642171334.05743,0
391.83,0.1,0.09,0.01,100.8,13654593,1642171334.07811,0
391.83,0.1,0.09,0,100.8,13654612,1642171334.09682,0
391.83,0.1,0.09,0,100.8,13654633,1642171334.11553,0
391.83,0.1,0.09,0,100.8,13654652,1642171334.13568,0
391.83,0.1,0.09,0,100.8,13654673,1642171334.15553,0
391.83,0.1,0.09,0.01,100.8,13654692,1642171334.18119,0
391.83,0.1,0.09,0,100.8,13654713,1642171334.19767,0
391.83,0.1,0.09,0,100.8,13654732,1642171334.21788,0
391.83,0.1,0.09,0,100.8,13654753,1642171334.23778,0
391.83,0.1,0.09,0,100.8,13654772,1642171334.25417,0
391.83,0.1,0.09,0.01,100.8,13654793,1642171334.27443,0
391.83,0.1,0.09,0,100.8,13654813,1642171334.29587,0
391.83,0.1,0.09,0,100.8,13654833,1642171334.3162,0
391.83,0.1,0.09,0,100.8,13654852,1642171334.33725,0
391.83,0.1,0.09,0,100.8,13654873,1642171334.35699,0
391.83,0.1,0.09,0,100.8,13654892,1642171334.38031,0
391.83,0.1,0.09,0,100.8,13654913,1642171334.39825,0
391.83,0.1,0.09,0,100.8,13654933,1642171334.41812,0
391.83,0.1,0.09,0,100.8,13654952,1642171334.43824,0
391.83,0.1,0.09,0,100.8,13654973,1642171334.45539,0
391.83,0.1,0.09,0,100.8,13654992,1642171334.47549,0
391.83,0.1,0.09,0,100.8,13655013,1642171334.49587,0
391.83,0.1,0.09,0,100.8,13655032,1642171334.51608,0
391.83,0.1,0.09,0,100.8,13655053,1642171334.53673,0
391.83,0.1,0.09,0,100.8,13655072,1642171334.55778,0
391.83,0.1,0.09,0,100.8,13655093,1642171334.57885,0
391.83,0.1,0.09,0,100.8,13655112,1642171334.59865,0
391.83,0.1,0.09,0,100.8,13655133,1642171334.61947,0
391.83,0.1,0.09,0,100.8,13655152,1642171334.63671,0
391.83,0.1,0.09,0,100.8,13655173,1642171334.65632,0
391.83,0.1,0.09,0,100.8,13655192,1642171334.67641,0
391.83,0.1,0.09,0,100.8,13655213,1642171334.69677,0
391.83,0.1,0.09,0,100.8,13655233,1642171334.71757,0
391.83,0.1,0.09,0,100.8,13655252,1642171334.73795,0
391.83,0.1,0.09,0,100.8,13655273,1642171334.76406,0
391.83,0.1,0.09,0,100.8,13655292,1642171334.784,0
391.83,0.1,0.09,0,100.8,13655313,1642171334.80205,0
391.83,0.1,0.09,0,100.8,13655332,1642171334.8167,0
391.83,0.1,0.09,0,100.8,13655353,1642171334.83549,0
391.83,0.1,0.09,0,100.8,13655372,1642171334.85717,0
391.83,0.1,0.09,0,100.8,13655393,1642171334.87752,0
391.83,0.1,0.09,0,100.8,13655412,1642171334.89826,0
391.83,0.1,0.09,0,100.8,13655433,1642171334.91922,0
391.83,0.1,0.09,0,100.8,13655452,1642171334.93802,0
391.83,0.1,0.09,0,100.8,13655473,1642171334.95928,0
391.83,0.1,0.09,0,100.8,13655492,1642171334.9797,0
391.83,0.1,0.09,0,100.8,13655513,1642171334.99605,0
391.83,0.1,0.09,0,100.8,13655532,1642171335.01701,0
391.83,0.1,0.09,0,100.8,13655553,1642171335.03699,0
391.83,0.1,0.09,0,100.8,13655573,1642171335.05728,0
391.83,0.1,0.09,0,100.8,13655592,1642171335.07782,0
391.83,0.1,0.09,0,100.8,13655613,1642171335.09843,0
391.83,0.1,0.09,0,100.8,13655632,1642171335.11967,0
391.83,0.1,0.09,0,100.8,13655653,1642171335.13924,0
391.83,0.1,0.09,0,100.8,13655672,1642171335.16017,0
391.83,0.1,0.09,0,100.8,13655693,1642171335.17586,0
391.83,0.1,0.09,0,100.8,13655712,1642171335.19702,0
391.83,0.1,0.09,0,100.8,13655733,1642171335.21933,0
391.83,0.1,0.09,0,100.8,13655752,1642171335.23794,0
391.83,0.1,0.09,0,100.8,13655773,1642171335.25828,0
391.83,0.1,0.09,0,100.8,13655792,1642171335.2791,0
391.83,0.1,0.09,0,100.8,13655813,1642171335.29948,0
391.83,0.1,0.09,0,100.8,13655832,1642171335.32155,0
391.83,0.1,0.09,0,100.8,13655853,1642171335.34014,0
391.83,0.1,0.09,0,100.8,13655873,1642171335.35657,0
391.83,0.1,0.09,0,100.8,13655892,1642171335.37709,0
391.83,0.1,0.09,0,100.8,13655913,1642171335.39747,0
391.83,0.1,0.09,0,100.8,13655932,1642171335.41924,0
391.83,0.1,0.09,0,100.8,13655953,1642171335.43931,0
391.83,0.1,0.09,0,100.8,13655972,1642171335.4595,0
391.83,0.1,0.09,0,100.8,13655993,1642171335.48008,0
391.83,0.1,0.09,0,100.8,13656012,1642171335.50044,0
391.83,0.1,0.09,0,100.8,13656033,1642171335.52128,0
391.83,0.1,0.09,0,100.8,13656052,1642171335.53747,0
391.83,0.1,0.09,0,100.8,13656073,1642171335.55706,0
391.83,0.1,0.09,0,100.8,13656092,1642171335.57899,0
391.83,0.1,0.09,0,100.8,13656113,1642171335.59934,0
391.83,0.1,0.09,0,100.8,13656132,1642171335.62064,0
391.83,0.1,0.09,0,100.8,13656153,1642171335.63906,0
391.83,0.1,0.09,0,100.8,13656172,1642171335.65987,0
391.83,0.1,0.09,0,100.8,13656193,1642171335.68007,0
391.83,0.1,0.09,0,100.8,13656213,1642171335.70059,0
391.83,0.1,0.09,0,100.8,13656232,1642171335.71636,0
391.83,0.1,0.09,0,100.8,13656253,1642171335.73742,0
391.83,0.1,0.09,0,100.81,13656272,1642171335.75778,0
391.83,0.1,0.09,0,100.81,13656293,1642171335.77829,0
391.83,0.1,0.09,0,100.83,13656312,1642171335.79883,0
391.83,0.1,0.09,0,100.93,13656333,1642171335.81992,0
391.83,0.1,0.09,0,101.15,13656352,1642171335.8392,0
391.83,0.1,0.09,0,101.3,13656373,1642171335.86041,0
391.83,0.1,0.09,0,101.35,13656393,1642171335.88097,0
391.83,0.1,0.09,0,101.36,13656413,1642171335.8967,0
391.83,0.1,0.09,0,101.4,13656432,1642171335.91855,0
391.83,0.1,0.09,0,101.43,13656453,1642171335.94476,0
391.83,0.1,0.09,0,101.48,13656473,1642171335.95868,0
391.83,0.1,0.09,0,101.53,13656493,1642171335.97893,0
391.83,0.1,0.09,0,101.6,13656513,1642171335.999,0
391.83,0.1,0.09,0,101.65,13656532,1642171336.01972,0
391.83,0.1,0.09,0,101.73,13656553,1642171336.04559,0
391.83,0.1,0.09,0,101.86,13656572,1642171336.0608,0
391.83,0.1,0.09,0,102.1,13656593,1642171336.08107,0
391.83,0.1,0.09,0,102.45,13656612,1642171336.0972,0
391.83,0.1,0.09,0,102.76,13656633,1642171336.11934,0
391.83,0.1,0.09,0,103,13656652,1642171336.13874,0
391.83,0.1,0.09,0,103.25,13656673,1642171336.15879,0
391.83,0.1,0.09,0,103.41,13656692,1642171336.1792,0
391.83,0.1,0.09,0,103.56,13656713,1642171336.20051,0
391.83,0.1,0.09,0,103.66,13656732,1642171336.2216,0
391.83,0.1,0.09,0.01,103.68,13656753,1642171336.24177,0
391.83,0.1,0.09,0,103.71,13656772,1642171336.25761,0
391.83,0.1,0.09,0,103.71,13656793,1642171336.27832,0
391.83,0.1,0.09,0,103.71,13656812,1642171336.29823,0
391.83,0.1,0.09,0,103.71,13656833,1642171336.32059,0
391.83,0.1,0.09,0,103.71,13656852,1642171336.33999,0
391.83,0.1,0.09,0,103.71,13656872,1642171336.36328,0
391.83,0.1,0.09,0,103.71,13656893,1642171336.38073,0
391.83,0.1,0.09,0,103.71,13656912,1642171336.4006,0
391.83,0.1,0.09,0,103.71,13656933,1642171336.42201,0
391.83,0.1,0.09,0.01,103.71,13656952,1642171336.44173,0
391.83,0.1,0.09,0,103.71,13656973,1642171336.45793,0
391.83,0.1,0.09,0,103.71,13656992,1642171336.47862,0
391.83,0.1,0.09,0,103.71,13657013,1642171336.49893,0
391.83,0.1,0.09,0,103.71,13657032,1642171336.52075,0
391.83,0.1,0.09,0.01,103.71,13657053,1642171336.54012,0
391.83,0.1,0.09,0,103.71,13657072,1642171336.5654,0
391.83,0.1,0.09,0,103.71,13657093,1642171336.58666,0
391.83,0.1,0.09,0,103.71,13657112,1642171336.60238,0
391.83,0.1,0.09,0,103.7,13657133,1642171336.61829,0
391.83,0.1,0.09,0.01,103.66,13657153,1642171336.63847,0
391.83,0.1,0.09,0,103.6,13657172,1642171336.66344,0
391.83,0.1,0.09,0,103.43,13657193,1642171336.68429,0
391.83,0.1,0.09,0,103.2,13657212,1642171336.70412,0
391.83,0.1,0.09,0,102.85,13657233,1642171336.72067,0
391.83,0.1,0.09,0.01,102.36,13657252,1642171336.74071,0
391.83,0.1,0.09,0,101.76,13657273,1642171336.76132,0
391.83,0.1,0.09,0,101.05,13657292,1642171336.7815,0
391.83,0.1,0.09,0,100.3,13657313,1642171336.8028,0
391.83,0.1,0.09,0,99.41,13657332,1642171336.81957,0
391.83,0.1,0.09,0.01,98.43,13657353,1642171336.83918,0
391.83,0.1,0.09,0,97.35,13657372,1642171336.86005,0
391.83,0.1,0.09,0,96.18,13657393,1642171336.88063,0
391.83,0.1,0.09,0,94.96,13657412,1642171336.90076,0
391.83,0.1,0.09,0,93.7,13657433,1642171336.92073,0
391.83,0.1,0.09,0.01,92.45,13657453,1642171336.94095,0
391.83,0.1,0.09,0.01,91.21,13657473,1642171336.96164,0
391.83,0.1,0.09,0,89.95,13657493,1642171336.98187,0
391.83,0.1,0.09,0,88.66,13657512,1642171336.99962,0
391.83,0.1,0.09,0.01,87.38,13657533,1642171337.02015,0
391.83,0.1,0.09,0.01,86.11,13657552,1642171337.03979,0
391.83,0.1,0.09,0,84.85,13657573,1642171337.06087,0
391.83,0.1,0.09,0,83.53,13657592,1642171337.08026,0
391.83,0.1,0.09,0,82.21,13657613,1642171337.10177,0
391.83,0.1,0.09,0,80.93,13657632,1642171337.122,0
391.83,0.1,0.09,0.01,79.6,13657653,1642171337.14228,0
391.83,0.1,0.09,0,78.3,13657672,1642171337.16248,0
391.83,0.1,0.09,0,76.98,13657693,1642171337.17953,0
391.83,0.1,0.09,0,75.56,13657712,1642171337.19999,0
391.83,0.1,0.09,0,74.16,13657733,1642171337.22028,0
391.83,0.1,0.09,0.01,72.75,13657753,1642171337.24054,0
391.83,0.1,0.09,0,71.25,13657773,1642171337.2611,0
391.83,0.1,0.09,0,69.6,13657793,1642171337.28119,0
391.83,0.1,0.09,0,67.81,13657812,1642171337.30241,0
391.83,0.1,0.09,0,66.05,13657833,1642171337.32235,0
391.83,0.1,0.09,0.01,64.33,13657852,1642171337.34252,0
391.83,0.1,0.09,0,62.8,13657873,1642171337.3598,0
391.83,0.1,0.09,0,61.48,13657892,1642171337.37975,0
391.83,0.1,0.09,0,60.26,13657913,1642171337.41069,0
391.83,0.1,0.09,0,59.15,13657932,1642171337.42249,0
391.83,0.1,0.09,0.01,58.1,13657953,1642171337.44094,0
391.83,0.1,0.09,0,57.11,13657972,1642171337.46148,0
391.83,0.1,0.09,0,56.16,13657993,1642171337.48178,0
391.83,0.1,0.09,0,55.23,13658012,1642171337.50184,0
391.83,0.1,0.09,0,54.31,13658033,1642171337.5221,0
391.83,0.1,0.09,0.01,53.37,13658053,1642171337.53879,0
391.83,0.1,0.09,0,52.43,13658073,1642171337.55924,0
391.83,0.1,0.09,0,51.48,13658093,1642171337.58109,0
391.83,0.1,0.09,0,50.53,13658113,1642171337.60111,0
391.83,0.1,0.09,0,49.63,13658133,1642171337.62117,0
391.83,0.1,0.09,0.01,48.63,13658152,1642171337.64215,0
391.83,0.1,0.09,0,47.62,13658173,1642171337.66237,0
391.83,0.1,0.09,0,46.53,13658192,1642171337.68273,0
391.83,0.1,0.09,0,45.42,13658213,1642171337.70288,0
391.83,0.1,0.09,0,44.28,13658232,1642171337.71966,0
391.83,0.1,0.09,0,43.17,13658253,1642171337.73983,0
391.83,0.1,0.09,0,42,13658272,1642171337.7612,0
391.83,0.1,0.09,0,40.92,13658293,1642171337.78143,0
391.83,0.1,0.09,0,39.83,13658312,1642171337.80178,0
391.83,0.1,0.09,0,38.75,13658333,1642171337.82299,0
391.83,0.1,0.09,0,37.65,13658352,1642171337.84197,0
391.83,0.1,0.09,0,36.53,13658373,1642171337.86327,0
391.83,0.1,0.09,0,35.4,13658392,1642171337.88389,0
391.83,0.1,0.09,0,34.33,13658413,1642171337.89981,0
391.83,0.1,0.09,0,33.3,13658432,1642171337.92035,0
391.83,0.1,0.09,0,32.22,13658452,1642171337.94027,0
391.83,0.1,0.09,0,31.12,13658473,1642171337.96151,0
391.83,0.1,0.09,0,30.07,13658492,1642171337.98185,0
391.83,0.1,0.09,0,29.1,13658513,1642171338.00236,0
391.83,0.1,0.09,0,28.23,13658532,1642171338.02299,0
391.83,0.1,0.09,0,27.42,13658553,1642171338.04351,0
391.83,0.1,0.09,0,26.68,13658572,1642171338.06357,0
391.83,0.1,0.09,0,25.97,13658593,1642171338.08075,0
391.83,0.1,0.09,0,25.3,13658612,1642171338.10005,0
391.83,0.1,0.09,0,24.68,13658633,1642171338.12159,0
391.83,0.1,0.09,0,24.1,13658652,1642171338.14195,0
391.83,0.1,0.09,0,23.53,13658673,1642171338.16212,0
391.83,0.1,0.09,0,22.97,13658692,1642171338.18246,0
391.83,0.1,0.09,0,22.38,13658713,1642171338.20251,0
391.83,0.1,0.09,0,21.85,13658732,1642171338.22362,0
391.83,0.1,0.09,0,21.28,13658753,1642171338.24394,0
391.83,0.1,0.09,0,20.7,13658773,1642171338.26409,0
391.83,0.1,0.09,0,20.1,13658792,1642171338.28102,0
391.83,0.1,0.09,0,19.48,13658813,1642171338.30158,0
391.83,0.1,0.09,0,18.9,13658832,1642171338.32239,0
391.83,0.1,0.09,0,18.32,13658853,1642171338.34224,0
391.83,0.1,0.09,0,17.7,13658872,1642171338.36274,0
391.83,0.1,0.09,0,17.08,13658893,1642171338.38428,0
391.83,0.1,0.09,0,16.47,13658912,1642171338.40459,0
391.83,0.1,0.09,0,15.82,13658933,1642171338.42486,0
391.83,0.1,0.09,0,15.12,13658952,1642171338.44047,0
391.83,0.1,0.09,0,14.38,13658973,1642171338.46191,0
391.83,0.1,0.09,0,13.6,13658992,1642171338.48227,0
391.83,0.1,0.09,0,12.73,13659013,1642171338.5027,0
391.83,0.1,0.09,0.01,11.77,13659033,1642171338.52289,0
391.83,0.1,0.09,0,10.63,13659053,1642171338.54267,0
391.83,0.1,0.09,0,9.37,13659073,1642171338.56425,0
391.83,0.1,0.09,0,8.02,13659092,1642171338.58448,0
391.83,0.1,0.09,0,6.72,13659112,1642171338.60481,0
391.83,0.1,0.09,0.01,5.48,13659132,1642171338.62542,0
391.83,0.1,0.09,0,4.43,13659152,1642171338.6417,0
391.83,0.1,0.09,0,3.58,13659172,1642171338.66177,0
391.83,0.1,0.09,0,2.98,13659193,1642171338.68697,0
391.83,0.1,0.09,0,2.5,13659212,1642171338.70534,0
391.83,0.1,0.09,0.01,2.02,13659233,1642171338.72284,0
391.83,0.1,0.09,0,1.52,13659252,1642171338.74294,0
391.83,0.1,0.09,0,1,13659273,1642171338.76342,0
391.83,0.1,0.09,0,0.53,13659292,1642171338.7844,0
391.83,0.1,0.09,0,0.1,13659313,1642171338.80057,0
391.83,0.1,0.09,0.01,-0.28,13659332,1642171338.82108,0
391.83,0.1,0.09,0,-0.63,13659353,1642171338.84861,0
391.83,0.1,0.09,0,-0.98,13659373,1642171338.86451,0
391.83,0.1,0.09,0,-1.3,13659393,1642171338.88288,0
391.83,0.1,0.09,0,-1.63,13659412,1642171338.90949,0
391.83,0.1,0.09,0,-1.97,13659432,1642171338.92427,0
391.83,0.1,0.09,0,-2.27,13659452,1642171338.94449,0
391.83,0.1,0.09,0,-2.52,13659472,1642171338.96427,0
391.83,0.1,0.09,0,-2.73,13659492,1642171338.98129,0
391.83,0.1,0.09,0,-2.93,13659512,1642171339.00233,0
391.83,0.1,0.09,0,-3.12,13659533,1642171339.02214,0
391.83,0.1,0.09,0,-3.3,13659552,1642171339.04342,0
391.83,0.1,0.09,0,-3.45,13659573,1642171339.0636,0
391.83,0.1,0.09,0,-3.58,13659592,1642171339.08366,0
391.83,0.1,0.09,0,-3.68,13659613,1642171339.10402,0
391.83,0.1,0.09,0,-3.77,13659632,1642171339.12424,0
391.83,0.1,0.09,0,-3.82,13659653,1642171339.14968,0
391.83,0.1,0.09,0,-3.87,13659672,1642171339.16522,0
391.83,0.1,0.09,0,-3.92,13659693,1642171339.18189,0
391.83,0.1,0.09,0.01,-3.98,13659713,1642171339.20252,0
391.83,0.1,0.09,0,-4.08,13659732,1642171339.22234,0
391.83,0.1,0.09,0,-4.18,13659752,1642171339.24249,0
391.83,0.1,0.09,0,-4.28,13659772,1642171339.263,0
391.83,0.1,0.09,0,-4.4,13659793,1642171339.2832,0
391.83,0.1,0.09,0,-4.5,13659812,1642171339.30452,0
391.83,0.1,0.09,0,-4.62,13659832,1642171339.32451,0
391.83,0.1,0.09,0,-4.72,13659852,1642171339.34584,0
391.83,0.1,0.09,0,-4.83,13659873,1642171339.36193,0
391.83,0.1,0.09,0,-4.93,13659892,1642171339.38209,0
391.83,0.1,0.09,0.01,-5.05,13659913,1642171339.40289,0
391.83,0.1,0.09,0,-5.13,13659932,1642171339.42281,0
391.83,0.1,0.09,0,-5.23,13659953,1642171339.44931,0
391.83,0.1,0.09,0,-5.33,13659972,1642171339.46401,0
391.83,0.1,0.09,0,-5.45,13659993,1642171339.48527,0
391.83,0.1,0.09,0.01,-5.57,13660012,1642171339.50603,0
391.83,0.1,0.09,0,-5.7,13660033,1642171339.5213,0
391.83,0.1,0.09,0,-5.83,13660052,1642171339.54249,0
391.83,0.1,0.09,0,-5.97,13660072,1642171339.56297,0
391.83,0.1,0.09,0,-6.08,13660092,1642171339.58289,0
391.83,0.1,0.09,0.01,-6.22,13660112,1642171339.60368,0
391.83,0.1,0.09,0,-6.35,13660132,1642171339.62387,0
391.83,0.1,0.09,0,-6.48,13660152,1642171339.65023,0
391.83,0.1,0.09,0,-6.62,13660173,1642171339.66714,0
391.83,0.1,0.09,0,-6.73,13660192,1642171339.68731,0
391.83,0.1,0.09,0.01,-6.87,13660213,1642171339.71161,0
391.83,0.1,0.09,0,-6.97,13660232,1642171339.72353,0
391.83,0.1,0.09,0,-7.08,13660253,1642171339.74369,0
391.83,0.1,0.09,0,-7.2,13660272,1642171339.76404,0
391.83,0.1,0.09,0,-7.28,13660293,1642171339.78434,0
391.83,0.1,0.09,0.01,-7.38,13660312,1642171339.80514,0
391.83,0.1,0.09,0,-7.45,13660333,1642171339.82551,0
391.83,0.1,0.09,0,-7.53,13660352,1642171339.84579,0
391.83,0.1,0.09,0,-7.6,13660372,1642171339.86633,0
391.83,0.1,0.09,0,-7.67,13660392,1642171339.88662,0
391.83,0.1,0.09,0.01,-7.75,13660412,1642171339.90357,0
391.83,0.1,0.09,0,-7.82,13660432,1642171339.92344,0
391.83,0.1,0.09,0,-7.9,13660452,1642171339.94359,0
391.83,0.1,0.09,0,-7.97,13660473,1642171339.96419,0
391.83,0.1,0.09,0,-8.05,13660492,1642171339.98467,0
391.83,0.1,0.09,0.01,-8.12,13660513,1642171340.00474,0
391.83,0.1,0.09,0,-8.17,13660532,1642171340.02624,0
391.83,0.1,0.09,0,-8.23,13660553,1642171340.04597,0
391.83,0.1,0.09,0,-8.28,13660572,1642171340.06712,0
391.83,0.1,0.09,0,-8.33,13660593,1642171340.08266,0
391.83,0.1,0.09,0.01,-8.4,13660613,1642171340.10429,0
391.83,0.1,0.09,0,-8.43,13660633,1642171340.12841,0
391.83,0.1,0.09,0,-8.48,13660652,1642171340.14565,0
391.83,0.1,0.09,0,-8.52,13660673,1642171340.16445,0
391.83,0.1,0.09,0,-8.57,13660692,1642171340.18513,0
391.83,0.1,0.09,0.01,-8.62,13660712,1642171340.20553,0
391.83,0.1,0.09,0,-8.65,13660733,1642171340.22615,0
391.83,0.1,0.09,0,-8.68,13660752,1642171340.24201,0
391.83,0.1,0.09,0,-8.73,13660773,1642171340.26356,0
391.83,0.1,0.09,0,-8.77,13660792,1642171340.28388,0
391.83,0.1,0.09,0.01,-8.82,13660813,1642171340.30433,0
391.83,0.1,0.09,0,-8.85,13660832,1642171340.33082,0
391.83,0.1,0.09,0,-8.88,13660852,1642171340.34866,0
391.83,0.1,0.09,0,-8.92,13660872,1642171340.36585,0
391.83,0.1,0.09,0,-8.97,13660893,1642171340.38606,0
391.83,0.1,0.09,0.01,-9,13660912,1642171340.40664,0
391.83,0.1,0.09,0,-9.03,13660933,1642171340.42719,0
391.83,0.1,0.09,0,-9.08,13660952,1642171340.44271,0
391.83,0.1,0.09,0,-9.13,13660973,1642171340.46395,0
391.83,0.1,0.09,0,-9.18,13660992,1642171340.48448,0
391.83,0.1,0.09,0.01,-9.23,13661012,1642171340.50493,0
391.83,0.1,0.09,0,-9.28,13661032,1642171340.52565,0
391.83,0.1,0.09,0,-9.33,13661052,1642171340.54549,0
391.83,0.1,0.09,0,-9.37,13661072,1642171340.56543,0
391.83,0.1,0.09,0,-9.4,13661092,1642171340.5869,0
391.83,0.1,0.09,0.01,-9.42,13661113,1642171340.60736,0
391.83,0.1,0.09,0,-9.45,13661132,1642171340.62936,0
391.83,0.1,0.09,0,-9.47,13661153,1642171340.64392,0
391.83,0.1,0.09,0,-9.48,13661172,1642171340.66953,0
391.83,0.1,0.09,0,-9.5,13661193,1642171340.68558,0
391.83,0.1,0.09,0,-9.52,13661212,1642171340.70567,0
391.83,0.1,0.09,0,-9.53,13661233,1642171340.72709,0
391.83,0.1,0.09,0,-9.53,13661252,1642171340.74677,0
391.83,0.1,0.09,0,-9.55,13661273,1642171340.76728,0
391.83,0.1,0.09,0,-9.55,13661292,1642171340.7876,0
391.83,0.1,0.09,0.01,-9.57,13661313,1642171340.80324,0
391.83,0.1,0.09,0,-9.57,13661332,1642171340.83034,0
391.83,0.1,0.09,0,-9.57,13661352,1642171340.84494,0
391.83,0.1,0.09,0,-9.57,13661372,1642171340.86592,0
391.83,0.1,0.09,0,-9.57,13661392,1642171340.89185,0
391.83,0.1,0.09,0.01,-9.57,13661413,1642171340.90674,0
391.83,0.1,0.09,0,-9.57,13661432,1642171340.92646,0
391.83,0.1,0.09,0,-9.57,13661453,1642171340.94657,0
391.83,0.1,0.09,0,-9.57,13661472,1642171340.96759,0
391.83,0.1,0.09,0,-9.57,13661493,1642171340.98559,0
391.83,0.1,0.09,0,-9.58,13661512,1642171341.00526,0
391.83,0.1,0.09,0,-9.58,13661533,1642171341.02638,0
391.83,0.1,0.09,0,-9.58,13661552,1642171341.05228,0
391.83,0.1,0.09,0,-9.58,13661573,1642171341.06641,0
391.83,0.1,0.09,0,-9.58,13661592,1642171341.08649,0
391.83,0.1,0.09,0,-9.58,13661613,1642171341.106,0
391.83,0.1,0.09,0,-9.58,13661633,1642171341.12649,0
391.83,0.1,0.09,0,-9.58,13661652,1642171341.14707,0
391.83,0.1,0.09,0,-9.58,13661673,1642171341.16868,0
391.83,0.1,0.09,0,-9.58,13661692,1642171341.1845,0
391.83,0.1,0.09,0,-9.58,13661713,1642171341.20499,0
391.83,0.1,0.09,0,-9.58,13661732,1642171341.2252,0
391.83,0.1,0.09,0,-9.58,13661753,1642171341.24643,0
391.83,0.1,0.09,0,-9.58,13661772,1642171341.26665,0
391.83,0.1,0.09,0,-9.58,13661793,1642171341.2868,0
391.83,0.1,0.09,0,-9.58,13661812,1642171341.30687,0
391.83,0.1,0.09,0,-9.58,13661833,1642171341.32822,0
391.83,0.1,0.09,0,-9.58,13661852,1642171341.34842,0
391.83,0.1,0.09,0,-9.58,13661873,1642171341.36423,0
391.83,0.1,0.09,0,-9.58,13661892,1642171341.38555,0
391.83,0.1,0.09,0,-9.58,13661913,1642171341.40587,0
391.83,0.1,0.09,0,-9.58,13661933,1642171341.42612,0
391.83,0.1,0.09,0,-9.58,13661953,1642171341.44648,0
391.83,0.1,0.09,0,-9.58,13661973,1642171341.47577,0
391.83,0.1,0.09,0,-9.58,13661992,1642171341.48777,0
391.83,0.1,0.09,0,-9.58,13662013,1642171341.5075,0
391.83,0.1,0.09,0,-9.58,13662032,1642171341.53827,0
391.83,0.1,0.09,0,-9.58,13662053,1642171341.5486,0
391.83,0.1,0.09,0,-9.58,13662072,1642171341.56601,0
391.83,0.1,0.09,0,-9.58,13662093,1642171341.5859,0
391.83,0.1,0.09,0,-9.58,13662112,1642171341.60589,0
391.83,0.1,0.09,0,-9.58,13662133,1642171341.63299,0
391.83,0.1,0.09,0,-9.58,13662152,1642171341.64889,0
391.83,0.1,0.09,0,-9.58,13662173,1642171341.66745,0
391.83,0.1,0.09,0,-9.58,13662192,1642171341.68772,0
391.83,0.1,0.09,0,-9.6,13662213,1642171341.70844,0
391.83,0.1,0.09,0,-9.6,13662232,1642171341.72978,0
391.83,0.1,0.09,0,-9.6,13662253,1642171341.74582,0
391.83,0.1,0.09,0,-9.6,13662272,1642171341.76583,0
391.83,0.1,0.09,0,-9.6,13662292,1642171341.79545,0
391.83,0.1,0.09,0,-9.6,13662312,1642171341.80714,0
391.83,0.1,0.09,0,-9.6,13662332,1642171341.82748,0
391.83,0.1,0.09,0,-9.6,13662352,1642171341.85369,0
391.83,0.1,0.09,0,-9.6,13662372,1642171341.87367,0
391.83,0.1,0.09,0,-9.6,13662392,1642171341.88582,0
391.83,0.1,0.09,0,-9.6,13662412,1642171341.90583,0
391.83,0.1,0.09,0,-9.6,13662433,1642171341.92576,0
391.83,0.1,0.09,0,-9.6,13662452,1642171341.94751,0
391.83,0.1,0.09,0,-9.6,13662473,1642171341.96847,0
391.83,0.1,0.09,0,-9.6,13662492,1642171341.98729,0
391.83,0.1,0.09,0,-9.6,13662513,1642171342.00789,0
391.83,0.1,0.09,0,-9.6,13662532,1642171342.02762,0
391.83,0.1,0.09,0,-9.6,13662553,1642171342.05464,0
391.83,0.1,0.09,0,-9.6,13662572,1642171342.07101,0
391.83,0.1,0.09,0,-9.6,13662593,1642171342.08659,0
391.83,0.1,0.09,0,-9.6,13662612,1642171342.10687,0
391.83,0.1,0.09,0,-9.6,13662632,1642171342.12697,0
391.83,0.1,0.09,0,-9.6,13662652,1642171342.14686,0
391.83,0.1,0.09,0,-9.6,13662672,1642171342.16706,0
391.83,0.1,0.09,0,-9.6,13662692,1642171342.19242,0
391.83,0.1,0.09,0,-9.6,13662712,1642171342.2108,0
391.83,0.1,0.09,0,-9.6,13662733,1642171342.22936,0
391.83,0.1,0.09,0,-9.6,13662752,1642171342.25087,0
391.83,0.1,0.09,0,-9.6,13662773,1642171342.27349,0
391.83,0.1,0.09,0,-9.6,13662792,1642171342.28663,0
391.83,0.1,0.09,0,-9.6,13662813,1642171342.30652,0
391.83,0.1,0.09,0,-9.6,13662832,1642171342.32764,0
391.83,0.1,0.09,0,-9.6,13662853,1642171342.35354,0
391.83,0.1,0.09,0,-9.6,13662872,1642171342.37034,0
391.83,0.1,0.09,0,-9.6,13662893,1642171342.38925,0
391.83,0.1,0.09,0,-9.6,13662912,1642171342.40915,0
391.83,0.1,0.09,0,-9.6,13662932,1642171342.42945,0
391.83,0.1,0.09,0,-9.6,13662952,1642171342.44635,0
391.83,0.1,0.09,0,-9.6,13662972,1642171342.4669,0
391.83,0.1,0.09,0,-9.6,13662992,1642171342.48747,0
391.83,0.1,0.09,0,-9.6,13663012,1642171342.50894,0
391.83,0.1,0.09,0,-9.6,13663032,1642171342.52808,0
391.83,0.1,0.09,0,-9.6,13663052,1642171342.54957,0
391.83,0.1,0.09,0,-9.6,13663072,1642171342.56986,0
391.83,0.1,0.09,0,-9.6,13663092,1642171342.58951,0
391.83,0.1,0.09,0,-9.62,13663113,1642171342.6105,0
391.83,0.1,0.09,0,-9.62,13663132,1642171342.62719,0
391.83,0.1,0.09,0,-9.62,13663153,1642171342.64738,0
391.83,0.1,0.09,0,-9.62,13663172,1642171342.66794,0
391.83,0.1,0.09,0,-9.62,13663193,1642171342.68839,0
391.83,0.1,0.09,0,-9.62,13663212,1642171342.70925,0
391.83,0.1,0.09,0,-9.62,13663233,1642171342.72856,0
391.83,0.1,0.09,0,-9.62,13663252,1642171342.75233,0
391.83,0.1,0.09,0,-9.62,13663272,1642171342.76963,0
391.83,0.1,0.09,0,-9.62,13663292,1642171342.79009,0
391.83,0.1,0.09,0,-9.62,13663312,1642171342.80687,0
391.83,0.1,0.09,0,-9.62,13663332,1642171342.8359,0
391.83,0.1,0.09,0,-9.62,13663352,1642171342.84893,0
391.83,0.1,0.09,0,-9.62,13663372,1642171342.86755,0
391.83,0.1,0.09,0,-9.62,13663392,1642171342.89661,0
391.83,0.1,0.09,0,-9.62,13663412,1642171342.90948,0
391.83,0.1,0.09,0,-9.62,13663432,1642171342.92905,0
391.83,0.1,0.09,0,-9.62,13663453,1642171342.94949,0
391.83,0.1,0.09,0.01,-9.62,13663472,1642171342.96982,0
391.83,0.1,0.09,0,-9.62,13663493,1642171342.98662,0
391.83,0.1,0.09,0,-9.62,13663512,1642171343.00691,0
391.83,0.1,0.09,0,-9.62,13663533,1642171343.0275,0
391.83,0.1,0.09,0,-9.62,13663552,1642171343.04846,0
391.83,0.1,0.09,0.01,-9.62,13663572,1642171343.06905,0
391.83,0.1,0.09,0,-9.62,13663592,1642171343.08964,0
391.83,0.1,0.09,0,-9.62,13663612,1642171343.10938,0
391.83,0.1,0.09,0,-9.62,13663632,1642171343.13486,0
391.83,0.1,0.09,0,-9.62,13663652,1642171343.15832,0
391.83,0.1,0.09,0.01,-9.62,13663673,1642171343.16913,0
391.83,0.1,0.09,0,-9.62,13663692,1642171343.18702,0
391.83,0.1,0.09,0,-9.62,13663712,1642171343.20781,0
391.83,0.1,0.09,0,-9.63,13663732,1642171343.2284,0
391.83,0.1,0.09,0,-9.63,13663753,1642171343.24864,0
391.83,0.1,0.09,0.01,-9.63,13663772,1642171343.26871,0
391.83,0.1,0.09,0,-9.63,13663793,1642171343.28917,0
391.83,0.1,0.09,0,-9.63,13663812,1642171343.31029,0
391.83,0.1,0.09,0,-9.63,13663833,1642171343.33109,0
391.83,0.1,0.09,0,-9.63,13663852,1642171343.34802,0
391.83,0.1,0.09,0.01,-9.63,13663873,1642171343.36742,0
391.83,0.1,0.09,0,-9.63,13663892,1642171343.38778,0
391.83,0.1,0.09,0,-9.63,13663912,1642171343.4085,0
391.83,0.1,0.09,0,-9.63,13663932,1642171343.42929,0
391.83,0.1,0.09,0,-9.63,13663952,1642171343.44947,0
391.83,0.1,0.09,0.01,-9.63,13663973,1642171343.47063,0
391.83,0.1,0.09,0.01,-9.63,13663992,1642171343.491,0
391.83,0.1,0.09,0,-9.63,13664012,1642171343.51108,0
391.83,0.1,0.09,0,-9.63,13664032,1642171343.53728,0
391.83,0.1,0.09,0,-9.63,13664053,1642171343.55121,0
391.83,0.1,0.09,0.01,-9.63,13664072,1642171343.56812,0
391.83,0.1,0.09,0.01,-9.63,13664093,1642171343.58829,0
391.83,0.1,0.09,0,-9.63,13664112,1642171343.60894,0
391.83,0.1,0.09,0,-9.63,13664133,1642171343.63109,0
391.83,0.1,0.09,0,-9.63,13664152,1642171343.64972,0
391.83,0.1,0.09,0.01,-9.63,13664173,1642171343.67709,0
391.83,0.1,0.09,0,-9.63,13664192,1642171343.69158,0
391.83,0.1,0.09,0,-9.63,13664212,1642171343.70769,0
391.83,0.1,0.09,0,-9.63,13664232,1642171343.72863,0
391.83,0.1,0.09,0,-9.63,13664252,1642171343.74833,0
391.83,0.1,0.09,0.01,-9.63,13664273,1642171343.76857,0
391.83,0.1,0.09,0,-9.65,13664292,1642171343.7896,0
391.83,0.1,0.09,0,-9.65,13664313,1642171343.8097,0
391.83,0.1,0.09,0,-9.65,13664332,1642171343.8304,0
391.83,0.1,0.09,0,-9.65,13664353,1642171343.8508,0
391.83,0.1,0.09,0,-9.65,13664372,1642171343.87087,0
391.83,0.1,0.09,0,-9.65,13664393,1642171343.89171,0
391.83,0.1,0.09,0,-9.65,13664412,1642171343.90767,0
391.83,0.1,0.09,0,-9.65,13664433,1642171343.92904,0
391.83,0.1,0.09,0,-9.65,13664452,1642171343.95563,0
391.83,0.1,0.09,0,-9.65,13664473,1642171343.96967,0
391.83,0.1,0.09,0,-9.65,13664493,1642171343.99583,0
391.83,0.1,0.09,0,-9.65,13664513,1642171344.01042,0
391.83,0.1,0.09,0,-9.65,13664533,1642171344.03113,0
391.83,0.1,0.09,0,-9.65,13664552,1642171344.05771,0
391.83,0.1,0.09,0,-9.67,13664572,1642171344.07222,0
391.83,0.1,0.09,0,-9.67,13664592,1642171344.08901,0
391.83,0.1,0.09,0,-9.67,13664612,1642171344.10897,0
391.83,0.1,0.09,0,-9.67,13664632,1642171344.12927,0
391.83,0.1,0.09,0,-9.67,13664652,1642171344.14957,0
391.83,0.1,0.09,0,-9.67,13664672,1642171344.17072,0
391.83,0.1,0.09,0,-9.67,13664693,1642171344.19141,0
391.83,0.1,0.09,0,-9.68,13664712,1642171344.21676,0
391.83,0.1,0.09,0,-9.68,13664733,1642171344.23509,0
391.83,0.1,0.09,0,-9.68,13664752,1642171344.24761,0
391.83,0.1,0.09,0,-9.7,13664773,1642171344.26883,0
391.83,0.1,0.09,0,-9.7,13664792,1642171344.28854,0
391.83,0.1,0.09,0,-9.72,13664813,1642171344.30983,0
391.83,0.1,0.09,0,-9.73,13664832,1642171344.33014,0
391.83,0.1,0.09,0,-9.77,13664852,1642171344.35068,0
391.83,0.1,0.09,0,-9.78,13664873,1642171344.37048,0
391.83,0.1,0.09,0,-9.83,13664892,1642171344.39099,0
391.83,0.1,0.09,0,-9.87,13664912,1642171344.41241,0
391.83,0.1,0.09,0,-9.92,13664932,1642171344.44013,0
391.83,0.1,0.09,0,-9.97,13664952,1642171344.45002,0
391.83,0.1,0.09,0,-10.02,13664972,1642171344.46994,0
391.83,0.1,0.09,0,-10.08,13664993,1642171344.48977,0
391.83,0.1,0.09,0,-10.15,13665012,1642171344.51022,0
391.83,0.1,0.09,0,-10.22,13665033,1642171344.53059,0
391.83,0.1,0.09,0,-10.27,13665052,1642171344.55067,0
391.83,0.1,0.09,0,-10.33,13665073,1642171344.57672,0
391.83,0.1,0.09,0,-10.37,13665093,1642171344.59391,0
391.83,0.1,0.09,0,-10.42,13665113,1642171344.61308,0
391.83,0.1,0.09,0,-10.45,13665133,1642171344.63321,0
391.83,0.1,0.09,0,-10.47,13665153,1642171344.64978,0
391.83,0.1,0.09,0,-10.5,13665172,1642171344.66968,0
391.83,0.1,0.09,0,-10.53,13665192,1642171344.69014,0
391.83,0.1,0.09,0,-10.55,13665213,1642171344.71119,0
391.83,0.1,0.09,0,-10.57,13665232,1642171344.73129,0
391.83,0.1,0.09,0,-10.58,13665253,1642171344.75241,0
391.83,0.1,0.09,0,-10.62,13665272,1642171344.77251,0
391.83,0.1,0.09,0,-10.63,13665293,1642171344.79292,0
391.83,0.1,0.09,0,-10.67,13665312,1642171344.81352,0
391.83,0.1,0.09,0,-10.7,13665333,1642171344.83071,0
391.83,0.1,0.09,0,-10.72,13665352,1642171344.85134,0
391.83,0.1,0.09,0,-10.75,13665373,1642171344.87141,0
391.83,0.1,0.09,0,-10.8,13665393,1642171344.8919,0
391.83,0.1,0.09,0,-10.85,13665413,1642171344.91201,0
391.83,0.1,0.09,0,-10.9,13665432,1642171344.93669,0
391.83,0.1,0.09,0,-10.97,13665453,1642171344.95834,0
391.83,0.1,0.09,0,-11.03,13665472,1642171344.97918,0
391.83,0.1,0.09,0,-11.1,13665492,1642171344.99345,0
391.83,0.1,0.09,0,-11.15,13665513,1642171345.01039,0
391.83,0.1,0.09,0,-11.2,13665532,1642171345.03931,0
391.83,0.1,0.09,0,-11.23,13665552,1642171345.05196,0
391.83,0.1,0.09,0,-11.28,13665572,1642171345.0715,0
391.83,0.1,0.09,0,-11.33,13665593,1642171345.09207,0
391.83,0.1,0.09,0,-11.38,13665612,1642171345.11293,0
391.83,0.1,0.09,0,-11.42,13665633,1642171345.13307,0
391.83,0.1,0.09,0,-11.47,13665652,1642171345.15363,0
391.83,0.1,0.09,0,-11.52,13665673,1642171345.17357,0
391.83,0.1,0.09,0,-11.57,13665692,1642171345.19061,0
391.83,0.1,0.09,0,-11.62,13665713,1642171345.21109,0
391.83,0.1,0.09,0,-11.67,13665732,1642171345.23168,0
391.83,0.1,0.09,0,-11.72,13665753,1642171345.25151,0
391.83,0.1,0.09,0,-11.78,13665772,1642171345.27185,0
391.83,0.1,0.09,0,-11.85,13665793,1642171345.29235,0
391.83,0.1,0.09,0,-11.92,13665813,1642171345.31462,0
391.83,0.1,0.09,0,-12,13665832,1642171345.33348,0
391.83,0.1,0.09,0,-12.08,13665853,1642171345.35053,0
391.83,0.1,0.09,0,-12.17,13665872,1642171345.37078,0
391.83,0.1,0.09,0,-12.25,13665893,1642171345.39135,0
391.83,0.1,0.09,0,-12.32,13665912,1642171345.41299,0
391.83,0.1,0.09,0,-12.4,13665933,1642171345.43209,0
391.83,0.1,0.09,0,-12.47,13665952,1642171345.45224,0
391.83,0.1,0.09,0,-12.53,13665973,1642171345.47365,0
391.83,0.1,0.09,0,-12.6,13665992,1642171345.49402,0
391.83,0.1,0.09,0,-12.67,13666013,1642171345.51448,0
391.83,0.1,0.09,0,-12.73,13666032,1642171345.53523,0
391.83,0.1,0.09,0,-12.8,13666053,1642171345.55151,0
391.83,0.1,0.09,0,-12.85,13666072,1642171345.57143,0
391.83,0.1,0.09,0,-12.93,13666093,1642171345.59222,0
391.83,0.1,0.09,0,-13,13666113,1642171345.61301,0
391.83,0.1,0.09,0,-13.05,13666132,1642171345.63281,0
391.83,0.1,0.09,0,-13.12,13666152,1642171345.65291,0
391.83,0.1,0.09,0,-13.15,13666172,1642171345.67406,0
391.83,0.1,0.09,0,-13.2,13666193,1642171345.69414,0
391.83,0.1,0.09,0,-13.23,13666212,1642171345.71434,0
391.83,0.1,0.09,0,-13.28,13666233,1642171345.73171,0
391.83,0.1,0.09,0,-13.32,13666252,1642171345.75187,0
391.83,0.1,0.09,0,-13.37,13666273,1642171345.7723,0
391.83,0.1,0.09,0,-13.4,13666292,1642171345.79286,0
391.83,0.1,0.09,0,-13.45,13666313,1642171345.81321,0
391.83,0.1,0.09,0,-13.48,13666332,1642171345.83374,0
391.83,0.1,0.09,0.01,-13.53,13666353,1642171345.85415,0
391.83,0.1,0.09,0,-13.57,13666372,1642171345.87476,0
391.83,0.1,0.09,0,-13.6,13666393,1642171345.90109,0
391.83,0.1,0.09,0,-13.62,13666412,1642171345.91355,0
391.83,0.1,0.09,0,-13.65,13666433,1642171345.93214,0
391.83,0.1,0.09,0,-13.67,13666452,1642171345.95265,0
391.83,0.1,0.09,0,-13.7,13666472,1642171345.97332,0
391.83,0.1,0.09,0,-13.73,13666493,1642171345.99334,0
391.83,0.1,0.09,0,-13.75,13666512,1642171346.01378,0
391.83,0.1,0.09,0,-13.78,13666533,1642171346.03413,0
391.83,0.1,0.09,0,-13.82,13666552,1642171346.05508,0
391.83,0.1,0.09,0,-13.83,13666573,1642171346.07542,0
391.83,0.1,0.09,0,-13.85,13666592,1642171346.09586,0
391.83,0.1,0.09,0,-13.87,13666613,1642171346.11286,0
391.83,0.1,0.09,0,-13.9,13666632,1642171346.133,0
391.83,0.1,0.09,0.01,-13.92,13666653,1642171346.15346,0
391.83,0.1,0.09,0,-13.93,13666672,1642171346.17409,0
391.83,0.1,0.09,0,-13.97,13666693,1642171346.19453,0
391.83,0.1,0.09,0,-13.98,13666713,1642171346.21469,0
391.83,0.1,0.09,0,-14.02,13666733,1642171346.23525,0
391.83,0.1,0.09,0.01,-14.07,13666753,1642171346.25964,0
391.83,0.1,0.09,0,-14.12,13666772,1642171346.2734,0
391.83,0.1,0.09,0,-14.17,13666792,1642171346.29239,0
391.83,0.1,0.09,0,-14.22,13666812,1642171346.32104,0
391.83,0.1,0.09,0,-14.25,13666833,1642171346.33372,0
391.83,0.1,0.09,0,-14.3,13666852,1642171346.35363,0
391.83,0.1,0.09,0,-14.33,13666873,1642171346.37332,0
391.83,0.1,0.09,0,-14.37,13666892,1642171346.39385,0
391.83,0.1,0.09,0,-14.42,13666913,1642171346.41431,0
391.83,0.1,0.09,0,-14.47,13666932,1642171346.43602,0
391.83,0.1,0.09,0.01,-14.52,13666953,1642171346.45572,0
391.83,0.1,0.09,0,-14.57,13666972,1642171346.47745,0
391.83,0.1,0.09,0,-14.63,13666993,1642171346.49426,0
391.83,0.1,0.09,0,-14.7,13667012,1642171346.51329,0
391.83,0.1,0.09,0,-14.75,13667033,1642171346.5333,0
391.83,0.1,0.09,0.01,-14.8,13667053,1642171346.55423,0
391.83,0.1,0.09,0,-14.85,13667073,1642171346.57451,0
391.83,0.1,0.09,0,-14.88,13667092,1642171346.59491,0
391.83,0.1,0.09,0,-14.9,13667112,1642171346.61596,0
391.83,0.1,0.09,0,-14.93,13667133,1642171346.6316,0
391.83,0.1,0.09,0.01,-14.95,13667152,1642171346.65302,0
391.83,0.1,0.09,0,-14.97,13667173,1642171346.67367,0
391.83,0.1,0.09,0,-14.98,13667192,1642171346.6941,0
391.83,0.1,0.09,0,-14.98,13667213,1642171346.71424,0
391.83,0.1,0.09,0.01,-15,13667232,1642171346.73434,0
391.83,0.1,0.09,0.01,-15,13667253,1642171346.75463,0
391.83,0.1,0.09,0,-15.02,13667272,1642171346.78073,0
391.83,0.1,0.09,0,-15.02,13667293,1642171346.79955,0
391.83,0.1,0.09,0,-15.02,13667312,1642171346.81429,0
391.83,0.1,0.09,0.01,-15.03,13667333,1642171346.83263,0
391.83,0.1,0.09,0.01,-15.03,13667352,1642171346.85247,0
391.83,0.1,0.09,0,-15.03,13667373,1642171346.8789,0
391.83,0.1,0.09,0,-15.05,13667393,1642171346.89463,0
391.83,0.1,0.09,0,-15.07,13667412,1642171346.91515,0
391.83,0.1,0.09,0.01,-15.08,13667433,1642171346.93532,0
391.83,0.1,0.09,0.01,-15.1,13667452,1642171346.95907,0
391.83,0.1,0.09,0,-15.12,13667473,1642171346.97666,0
391.83,0.1,0.09,0,-15.13,13667492,1642171346.99282,0
391.83,0.1,0.09,0,-15.15,13667513,1642171347.01329,0
391.83,0.1,0.09,0.01,-15.17,13667532,1642171347.03419,0
391.83,0.1,0.09,0.01,-15.2,13667553,1642171347.0545,0
391.83,0.1,0.09,0,-15.22,13667572,1642171347.07448,0
391.83,0.1,0.09,0,-15.25,13667593,1642171347.09562,0
391.83,0.1,0.09,0,-15.28,13667612,1642171347.1155,0
391.83,0.1,0.09,0,-15.3,13667633,1642171347.1368,0
391.83,0.1,0.09,0.01,-15.33,13667653,1642171347.15607,0
391.83,0.1,0.09,0,-15.37,13667673,1642171347.17257,0
391.83,0.1,0.09,0,-15.4,13667693,1642171347.19397,0
391.83,0.1,0.09,0,-15.43,13667713,1642171347.21393,0
391.83,0.1,0.09,0.01,-15.47,13667733,1642171347.23439,0
391.83,0.1,0.09,0.01,-15.48,13667752,1642171347.25448,0
391.83,0.1,0.09,0,-15.52,13667773,1642171347.27488,0
391.83,0.1,0.09,0,-15.55,13667792,1642171347.29543,0
391.83,0.1,0.09,0,-15.57,13667813,1642171347.31677,0
391.83,0.1,0.09,0.01,-15.6,13667832,1642171347.33734,0
391.83,0.1,0.09,0.01,-15.65,13667853,1642171347.35736,0
391.83,0.1,0.09,0.01,-15.68,13667872,1642171347.37447,0
391.83,0.1,0.09,0,-15.73,13667893,1642171347.3938,0
391.83,0.1,0.09,0.01,-15.78,13667912,1642171347.4144,0
391.83,0.1,0.09,0.01,-15.83,13667933,1642171347.44551,0
391.83,0.1,0.09,0.01,-15.87,13667953,1642171347.45623,0
391.83,0.1,0.09,0.01,-15.9,13667973,1642171347.47578,0
391.83,0.1,0.09,0,-15.93,13667992,1642171347.49629,0
391.83,0.1,0.09,0,-15.97,13668013,1642171347.51662,0
391.83,0.1,0.09,0.01,-16.02,13668032,1642171347.53367,0
391.83,0.1,0.09,0.01,-16.05,13668052,1642171347.55339,0
391.83,0.1,0.09,0,-16.07,13668073,1642171347.57444,0
391.83,0.1,0.09,0,-16.1,13668092,1642171347.5945,0
391.83,0.1,0.09,0,-16.13,13668113,1642171347.61559,0
391.83,0.1,0.09,0.01,-16.17,13668132,1642171347.63613,0
391.83,0.1,0.09,0.01,-16.2,13668153,1642171347.65573,0
391.83,0.1,0.09,0,-16.23,13668172,1642171347.67688,0
391.83,0.1,0.09,0,-16.27,13668193,1642171347.69717,0
391.83,0.1,0.09,0,-16.3,13668212,1642171347.71352,0
391.83,0.1,0.09,0.01,-16.33,13668233,1642171347.73533,0
391.83,0.1,0.09,0.01,-16.38,13668252,1642171347.7551,0
391.83,0.1,0.09,0,-16.43,13668273,1642171347.77526,0
391.83,0.1,0.09,0,-16.5,13668292,1642171347.79567,0
391.83,0.1,0.09,0,-16.57,13668313,1642171347.81632,0
391.83,0.1,0.09,0.01,-16.63,13668332,1642171347.83694,0
391.83,0.1,0.09,0.01,-16.68,13668353,1642171347.86034,0
391.83,0.1,0.09,0,-16.75,13668373,1642171347.88499,0
391.83,0.1,0.09,0,-16.82,13668392,1642171347.89875,0
391.83,0.1,0.09,0,-16.88,13668412,1642171347.91348,0
391.83,0.1,0.09,0.01,-16.98,13668432,1642171347.93463,0
391.83,0.1,0.09,0,-17.1,13668453,1642171347.95457,0
391.83,0.1,0.09,0,-17.23,13668472,1642171347.97496,0
391.83,0.1,0.09,0,-17.35,13668493,1642171347.99546,0
391.83,0.1,0.09,0,-17.48,13668512,1642171348.01548,0
391.83,0.1,0.09,0.01,-17.6,13668533,1642171348.03665,0
391.83,0.1,0.09,0,-17.7,13668552,1642171348.05723,0
391.83,0.1,0.09,0,-17.78,13668573,1642171348.08307,0
391.83,0.1,0.09,0,-17.85,13668592,1642171348.09687,0
391.83,0.1,0.09,0,-17.92,13668613,1642171348.11542,0
391.83,0.1,0.09,0.01,-17.97,13668632,1642171348.13548,0
391.83,0.1,0.09,0,-18.02,13668653,1642171348.15968,0
391.83,0.1,0.09,0,-18.05,13668673,1642171348.17635,0
391.83,0.1,0.09,0,-18.1,13668692,1642171348.1966,0
391.83,0.1,0.09,0,-18.12,13668713,1642171348.21703,0
391.83,0.1,0.09,0.01,-18.15,13668732,1642171348.23743,0
391.83,0.1,0.09,0,-18.17,13668753,1642171348.25811,0
391.83,0.1,0.09,0,-18.2,13668772,1642171348.27404,0
391.83,0.1,0.09,0,-18.22,13668793,1642171348.29468,0
391.83,0.1,0.09,0,-18.23,13668812,1642171348.31512,0
391.83,0.1,0.09,0.01,-18.23,13668833,1642171348.33668,0
391.83,0.1,0.09,0,-18.25,13668853,1642171348.35636,0
391.83,0.1,0.09,0,-18.27,13668873,1642171348.37671,0
391.83,0.1,0.09,0,-18.27,13668892,1642171348.39813,0
391.83,0.1,0.09,0,-18.28,13668913,1642171348.41745,0
391.83,0.1,0.09,0.01,-18.28,13668932,1642171348.44344,0
391.83,0.1,0.09,0,-18.3,13668953,1642171348.45582,0
391.83,0.1,0.09,0,-18.3,13668972,1642171348.47569,0
391.83,0.1,0.09,0,-18.32,13668993,1642171348.49578,0
391.83,0.1,0.09,0,-18.32,13669013,1642171348.51694,0
391.83,0.1,0.09,0.01,-18.32,13669032,1642171348.5363,0
391.83,0.1,0.09,0,-18.32,13669053,1642171348.55675,0
391.83,0.1,0.09,0,-18.32,13669072,1642171348.57761,0
391.83,0.1,0.09,0,-18.33,13669093,1642171348.59838,0
391.83,0.1,0.09,0,-18.33,13669112,1642171348.61902,0
391.83,0.1,0.09,0.01,-18.33,13669133,1642171348.63555,0
391.83,0.1,0.09,0,-18.33,13669152,1642171348.65569,0
391.83,0.1,0.09,0,-18.33,13669173,1642171348.67615,0
391.83,0.1,0.09,0,-18.35,13669192,1642171348.69675,0
391.83,0.1,0.09,0,-18.35,13669213,1642171348.71758,0
391.83,0.1,0.09,0.01,-18.37,13669232,1642171348.73754,0
391.83,0.1,0.09,0,-18.38,13669253,1642171348.75901,0
391.83,0.1,0.09,0,-18.4,13669273,1642171348.77942,0
391.83,0.1,0.09,0,-18.43,13669293,1642171348.79998,0
391.83,0.1,0.09,0,-18.48,13669312,1642171348.81576,0
391.83,0.1,0.09,0.01,-18.58,13669332,1642171348.8364,0
391.83,0.1,0.09,0,-18.7,13669353,1642171348.85665,0
391.83,0.1,0.09,0,-18.87,13669372,1642171348.87677,0
391.83,0.1,0.09,0,-19.05,13669393,1642171348.8979,0
391.83,0.1,0.09,0,-19.23,13669412,1642171348.91887,0
391.83,0.1,0.09,0.01,-19.43,13669433,1642171348.93855,0
391.83,0.1,0.09,0,-19.62,13669452,1642171348.95989,0
391.83,0.1,0.09,0,-19.8,13669473,1642171348.97928,0
391.83,0.1,0.09,0,-19.97,13669492,1642171348.99601,0
391.83,0.1,0.09,0.01,-20.13,13669513,1642171349.01638,0
391.83,0.1,0.09,0.01,-20.3,13669532,1642171349.03708,0
391.83,0.1,0.09,0,-20.45,13669553,1642171349.05723,0
391.83,0.1,0.09,0,-20.58,13669573,1642171349.07737,0
391.83,0.1,0.09,0,-20.72,13669593,1642171349.09816,0
391.83,0.1,0.09,0.01,-20.83,13669612,1642171349.1203,0
391.83,0.1,0.09,0.01,-20.95,13669633,1642171349.13973,0
391.83,0.1,0.09,0,-21.07,13669653,1642171349.15993,0
391.83,0.1,0.09,0,-21.17,13669672,1642171349.18043,0
391.83,0.1,0.09,0,-21.25,13669693,1642171349.19646,0
391.83,0.1,0.09,0.01,-21.35,13669712,1642171349.21767,0
391.83,0.1,0.09,0.01,-21.43,13669733,1642171349.23801,0
391.83,0.1,0.09,0,-21.53,13669752,1642171349.26329,0
391.83,0.1,0.09,0,-21.62,13669773,1642171349.27822,0
391.83,0.1,0.09,0,-21.68,13669792,1642171349.29858,0
391.83,0.1,0.09,0.01,-21.75,13669813,1642171349.31852,0
391.83,0.1,0.09,0,-21.8,13669832,1642171349.33949,0
391.83,0.1,0.09,0,-21.87,13669853,1642171349.35988,0
391.83,0.1,0.09,0,-21.9,13669872,1642171349.37686,0
391.83,0.1,0.09,0,-21.95,13669893,1642171349.39741,0
391.83,0.1,0.09,0.01,-21.98,13669913,1642171349.41846,0
391.83,0.1,0.09,0,-22.02,13669933,1642171349.43845,0
391.83,0.1,0.09,0,-22.03,13669953,1642171349.45869,0
391.83,0.1,0.09,0,-22.07,13669972,1642171349.47909,0
391.83,0.1,0.09,0,-22.1,13669992,1642171349.49962,0
391.83,0.1,0.09,0.01,-22.13,13670012,1642171349.52052,0
391.83,0.1,0.09,0,-22.17,13670032,1642171349.53733,0
391.83,0.1,0.09,0,-22.2,13670052,1642171349.55716,0
391.83,0.1,0.09,0,-22.23,13670073,1642171349.57759,0
391.83,0.1,0.09,0,-22.27,13670092,1642171349.59906,0
391.83,0.1,0.09,0.01,-22.32,13670113,1642171349.61914,0
391.83,0.1,0.09,0,-22.35,13670132,1642171349.63939,0
391.83,0.1,0.09,0,-22.38,13670153,1642171349.65964,0
391.83,0.1,0.09,0,-22.42,13670172,1642171349.68361,0
391.83,0.1,0.09,0,-22.45,13670193,1642171349.70339,0
391.83,0.1,0.09,0.01,-22.47,13670212,1642171349.71797,0
391.83,0.1,0.09,0,-22.5,13670233,1642171349.737,0
391.83,0.1,0.09,0,-22.53,13670253,1642171349.75713,0
391.83,0.1,0.09,0,-22.57,13670273,1642171349.77719,0
391.83,0.1,0.09,0,-22.6,13670293,1642171349.79849,0
391.83,0.1,0.09,0.01,-22.63,13670312,1642171349.81968,0
391.83,0.1,0.09,0,-22.67,13670333,1642171349.83885,0
391.83,0.1,0.09,0,-22.68,13670352,1642171349.85995,0
391.83,0.1,0.09,0,-22.73,13670373,1642171349.87976,0
391.83,0.1,0.09,0,-22.77,13670392,1642171349.89648,0
391.83,0.1,0.09,0.01,-22.8,13670413,1642171349.91702,0
391.83,0.1,0.09,0,-22.85,13670432,1642171349.9378,0
391.83,0.1,0.09,0,-22.88,13670453,1642171349.95824,0
391.83,0.1,0.09,0,-22.93,13670472,1642171349.97859,0
391.83,0.1,0.09,0,-23,13670493,1642171350.00004,0
391.83,0.1,0.09,0.01,-23.05,13670512,1642171350.01976,0
391.83,0.1,0.09,0,-23.12,13670533,1642171350.04031,0
391.83,0.1,0.09,0,-23.18,13670553,1642171350.06041,0
391.83,0.1,0.09,0,-23.27,13670573,1642171350.08069,0
391.83,0.1,0.09,0,-23.33,13670593,1642171350.09877,0
391.83,0.1,0.09,0.01,-23.4,13670612,1642171350.11824,0
391.83,0.1,0.09,0,-23.47,13670632,1642171350.14348,0
391.83,0.1,0.09,0,-23.53,13670652,1642171350.16097,0
391.83,0.1,0.09,0,-23.62,13670673,1642171350.1795,0
391.83,0.1,0.09,0,-23.68,13670692,1642171350.19928,0
391.83,0.1,0.09,0.01,-23.77,13670713,1642171350.21982,0
391.83,0.1,0.09,0,-23.83,13670732,1642171350.24001,0
391.83,0.1,0.09,0,-23.9,13670753,1642171350.2604,0
391.83,0.1,0.09,0,-23.97,13670772,1642171350.2775,0
391.83,0.1,0.09,0,-24.03,13670793,1642171350.29901,0
391.83,0.1,0.09,0.01,-24.08,13670812,1642171350.31899,0
391.83,0.1,0.09,0,-24.13,13670833,1642171350.33895,0
391.83,0.1,0.09,0,-24.17,13670852,1642171350.36,0
391.83,0.1,0.09,0,-24.2,13670873,1642171350.38036,0
391.83,0.1,0.09,0,-24.23,13670892,1642171350.40048,0
391.83,0.1,0.09,0.01,-24.27,13670913,1642171350.42092,0
391.83,0.1,0.09,0,-24.3,13670932,1642171350.43825,0
391.83,0.1,0.09,0,-24.33,13670952,1642171350.46458,0
391.83,0.1,0.09,0,-24.37,13670972,1642171350.47796,0
391.83,0.1,0.09,0,-24.4,13670992,1642171350.49797,0
391.83,0.1,0.09,0.01,-24.43,13671013,1642171350.51869,0
391.83,0.1,0.09,0,-24.48,13671032,1642171350.53882,0
391.83,0.1,0.09,0,-24.52,13671053,1642171350.56008,0
391.83,0.1,0.09,0,-24.57,13671072,1642171350.58055,0
391.83,0.1,0.09,0,-24.62,13671093,1642171350.60062,0
391.83,0.1,0.09,0.01,-24.68,13671112,1642171350.62072,0
391.83,0.1,0.09,0,-24.73,13671133,1642171350.63739,0
391.83,0.1,0.09,0,-24.8,13671153,1642171350.65822,0
391.83,0.1,0.09,0,-24.85,13671173,1642171350.6788,0
391.83,0.1,0.09,0,-24.92,13671192,1642171350.69927,0
391.83,0.1,0.09,0.01,-24.97,13671213,1642171350.71964,0
391.83,0.1,0.09,0,-25.03,13671232,1642171350.73964,0
391.83,0.1,0.09,0,-25.08,13671252,1642171350.76015,0
391.83,0.1,0.09,0,-25.15,13671273,1642171350.78069,0
391.83,0.1,0.09,0,-25.2,13671292,1642171350.80184,0
391.83,0.1,0.09,0.01,-25.25,13671313,1642171350.8188,0
391.83,0.1,0.09,0,-25.32,13671332,1642171350.83932,0
391.83,0.1,0.09,0,-25.38,13671353,1642171350.85946,0
391.83,0.1,0.09,0,-25.43,13671372,1642171350.88045,0
391.83,0.1,0.09,0.01,-25.5,13671393,1642171350.90061,0
391.83,0.1,0.09,0.01,-25.55,13671412,1642171350.92094,0
391.83,0.1,0.09,0,-25.62,13671433,1642171350.94123,0
391.83,0.1,0.09,0,-25.67,13671452,1642171350.9622,0
391.83,0.1,0.09,0,-25.72,13671473,1642171350.98188,0
391.83,0.1,0.09,0.01,-25.78,13671492,1642171350.99753,0
391.83,0.1,0.09,0.01,-25.83,13671513,1642171351.0235,0
391.83,0.1,0.09,0,-25.88,13671532,1642171351.04102,0
391.83,0.1,0.09,0,-25.93,13671553,1642171351.06033,0
391.83,0.1,0.09,0,-25.98,13671573,1642171351.0801,0
391.83,0.1,0.09,0.01,-26.05,13671592,1642171351.10047,0
391.83,0.1,0.09,0.01,-26.1,13671612,1642171351.12291,0
391.83,0.1,0.09,0,-26.17,13671632,1642171351.1412,0
391.83,0.1,0.09,0,-26.23,13671653,1642171351.1628,0
391.83,0.1,0.09,0,-26.32,13671672,1642171351.17855,0
391.83,0.1,0.09,0.01,-26.4,13671693,1642171351.19923,0
391.83,0.1,0.09,0.01,-26.48,13671712,1642171351.22046,0
391.83,0.1,0.09,0,-26.57,13671733,1642171351.23955,0
391.83,0.1,0.09,0,-26.65,13671752,1642171351.26022,0
391.83,0.1,0.09,0,-26.75,13671773,1642171351.28067,0
391.83,0.1,0.09,0.01,-26.85,13671792,1642171351.30134,0
391.83,0.1,0.09,0.01,-26.93,13671813,1642171351.32234,0
391.83,0.1,0.09,0,-27.03,13671832,1642171351.34298,0
391.83,0.1,0.09,0,-27.13,13671853,1642171351.36351,0
391.83,0.1,0.09,0,-27.22,13671872,1642171351.37968,0
391.83,0.1,0.09,0.01,-27.32,13671892,1642171351.39979,0
391.83,0.1,0.09,0.01,-27.42,13671913,1642171351.42082,0
391.83,0.1,0.09,0,-27.52,13671932,1642171351.44049,0
391.83,0.1,0.09,0,-27.62,13671953,1642171351.46129,0
391.83,0.1,0.09,0,-27.73,13671972,1642171351.48182,0
391.83,0.1,0.09,0.01,-27.83,13671993,1642171351.50263,0
391.83,0.1,0.09,0,-27.93,13672012,1642171351.52753,0
391.83,0.1,0.09,0,-28.03,13672033,1642171351.54487,0
391.83,0.1,0.09,0,-28.15,13672052,1642171351.55989,0
391.83,0.1,0.09,0,-28.25,13672073,1642171351.58031,0
391.83,0.1,0.09,0.01,-28.35,13672092,1642171351.5998,0
391.83,0.1,0.09,0,-28.47,13672113,1642171351.6203,0
391.83,0.1,0.09,0,-28.57,13672132,1642171351.64178,0
391.83,0.1,0.09,0,-28.67,13672153,1642171351.66209,0
391.83,0.1,0.09,0,-28.77,13672172,1642171351.68221,0
391.83,0.1,0.09,0.01,-28.87,13672193,1642171351.70355,0
391.83,0.1,0.09,0,-28.98,13672212,1642171351.71994,0
391.83,0.1,0.09,0,-29.12,13672232,1642171351.74038,0
391.83,0.1,0.09,0,-29.25,13672253,1642171351.75994,0
391.83,0.1,0.09,0,-29.4,13672272,1642171351.78081,0
391.83,0.1,0.09,0.01,-29.53,13672293,1642171351.80112,0
391.83,0.1,0.09,0,-29.67,13672312,1642171351.82225,0
391.83,0.1,0.09,0,-29.78,13672333,1642171351.84266,0
391.83,0.1,0.09,0,-29.9,13672352,1642171351.86285,0
391.83,0.1,0.09,0,-30,13672373,1642171351.88313,0
391.83,0.1,0.09,0.01,-30.08,13672392,1642171351.90863,0
391.83,0.1,0.09,0,-30.17,13672413,1642171351.9238,0
391.83,0.1,0.09,0,-30.25,13672433,1642171351.93955,0
391.83,0.1,0.09,0,-30.35,13672453,1642171351.96036,0
391.83,0.1,0.09,0,-30.43,13672472,1642171351.98049,0
391.83,0.1,0.09,0.01,-30.53,13672493,1642171352.00121,0
391.83,0.1,0.09,0,-30.62,13672512,1642171352.02215,0
391.83,0.1,0.09,0,-30.7,13672532,1642171352.04268,0
391.83,0.1,0.09,0,-30.78,13672553,1642171352.06322,0
391.83,0.1,0.09,0,-30.87,13672572,1642171352.0834,0
391.83,0.1,0.09,0.01,-30.93,13672593,1642171352.10003,0
391.83,0.1,0.09,0,-31,13672612,1642171352.12096,0
391.83,0.1,0.09,0,-31.07,13672633,1642171352.14098,0
391.83,0.1,0.09,0,-31.13,13672652,1642171352.16138,0
391.83,0.1,0.09,0.01,-31.2,13672673,1642171352.18256,0
391.83,0.1,0.09,0.01,-31.27,13672692,1642171352.20247,0
391.83,0.1,0.09,0,-31.32,13672713,1642171352.22289,0
391.83,0.1,0.09,0,-31.37,13672732,1642171352.24423,0
391.83,0.1,0.09,0,-31.42,13672753,1642171352.26476,0
391.83,0.1,0.09,0.01,-31.47,13672773,1642171352.28043,0
391.83,0.1,0.09,0.01,-31.52,13672793,1642171352.30136,0
391.83,0.1,0.09,0,-31.55,13672812,1642171352.32211,0
391.83,0.1,0.09,0,-31.62,13672833,1642171352.34659,0
391.83,0.1,0.09,0,-31.67,13672853,1642171352.36184,0
391.83,0.1,0.09,0,-31.72,13672872,1642171352.38207,0
391.83,0.1,0.09,0.01,-31.77,13672892,1642171352.40369,0
391.83,0.1,0.09,0,-31.82,13672912,1642171352.42737,0
391.83,0.1,0.09,0,-31.87,13672933,1642171352.44813,0
391.83,0.1,0.09,0,-31.92,13672952,1642171352.46128,0
391.83,0.1,0.09,0,-31.98,13672973,1642171352.48107,0
391.83,0.1,0.09,0.01,-32.05,13672992,1642171352.50134,0
391.83,0.1,0.09,0,-32.12,13673013,1642171352.52133,0
391.83,0.1,0.09,0,-32.2,13673033,1642171352.54177,0
391.83,0.1,0.09,0,-32.28,13673053,1642171352.56208,0
391.83,0.1,0.09,0.01,-32.38,13673073,1642171352.58381,0
391.83,0.1,0.09,0.01,-32.48,13673093,1642171352.60488,0
391.83,0.1,0.09,0,-32.58,13673112,1642171352.62415,0
391.83,0.1,0.09,0,-32.67,13673133,1642171352.64117,0
391.83,0.1,0.09,0,-32.75,13673152,1642171352.66148,0
391.83,0.1,0.09,0.01,-32.83,13673172,1642171352.68194,0
391.83,0.1,0.09,0.01,-32.92,13673193,1642171352.7024,0
391.83,0.1,0.09,0,-32.98,13673212,1642171352.72297,0
391.83,0.1,0.09,0,-33.07,13673233,1642171352.74304,0
391.83,0.1,0.09,0,-33.15,13673252,1642171352.76625,0
391.83,0.1,0.09,0.01,-33.23,13673273,1642171352.78415,0
391.83,0.1,0.09,0.01,-33.3,13673292,1642171352.80576,0
391.83,0.1,0.09,0,-33.38,13673313,1642171352.82162,0
391.83,0.1,0.09,0,-33.45,13673332,1642171352.84156,0
391.83,0.1,0.09,0,-33.52,13673353,1642171352.86172,0
391.83,0.1,0.09,0.01,-33.6,13673372,1642171352.88225,0
391.83,0.1,0.09,0.01,-33.67,13673393,1642171352.90343,0
391.83,0.1,0.09,0,-33.73,13673413,1642171352.92391,0
391.83,0.1,0.09,0,-33.78,13673433,1642171352.95111,0
391.83,0.1,0.09,0,-33.83,13673452,1642171352.96464,0
391.83,0.1,0.09,0.01,-33.9,13673473,1642171352.98658,0
391.83,0.1,0.09,0.01,-33.95,13673492,1642171353.00609,0
391.83,0.1,0.09,0,-34.02,13673512,1642171353.02349,0
391.83,0.1,0.09,0,-34.08,13673533,1642171353.04299,0
391.83,0.1,0.09,0,-34.15,13673552,1642171353.0622,0
391.83,0.1,0.09,0.01,-34.2,13673573,1642171353.08232,0
391.83,0.1,0.09,0.01,-34.27,13673592,1642171353.10348,0
391.83,0.1,0.09,0,-34.33,13673613,1642171353.1241,0
391.83,0.1,0.09,0,-34.38,13673632,1642171353.14388,0
391.83,0.1,0.09,0,-34.45,13673653,1642171353.16412,0
391.83,0.1,0.09,0.01,-34.5,13673672,1642171353.1809,0
391.83,0.1,0.09,0,-34.55,13673693,1642171353.20235,0
391.83,0.1,0.09,0,-34.62,13673712,1642171353.22226,0
391.83,0.1,0.09,0,-34.67,13673733,1642171353.2503,0
391.83,0.1,0.09,0,-34.7,13673752,1642171353.26321,0
391.83,0.1,0.09,0.01,-34.75,13673773,1642171353.28345,0
391.83,0.1,0.09,0,-34.78,13673792,1642171353.3038,0
391.83,0.1,0.09,0,-34.82,13673812,1642171353.32467,0
391.83,0.1,0.09,0,-34.83,13673832,1642171353.34485,0
391.83,0.1,0.09,0,-34.87,13673852,1642171353.36079,0
391.83,0.1,0.09,0.01,-34.9,13673873,1642171353.38713,0
391.83,0.1,0.09,0.01,-34.92,13673892,1642171353.40441,0
391.83,0.1,0.09,0,-34.95,13673913,1642171353.42229,0
391.83,0.1,0.09,0,-34.97,13673932,1642171353.44301,0
391.83,0.1,0.09,0,-34.98,13673953,1642171353.46958,0
391.83,0.1,0.09,0.01,-35,13673972,1642171353.48432,0
391.83,0.1,0.09,0,-35.03,13673992,1642171353.50507,0
391.83,0.1,0.09,0,-35.05,13674013,1642171353.52512,0
391.83,0.1,0.09,0,-35.07,13674033,1642171353.54209,0
391.83,0.1,0.09,0,-35.1,13674052,1642171353.56225,0
391.83,0.1,0.09,0.01,-35.13,13674073,1642171353.58252,0
391.83,0.1,0.09,0.01,-35.2,13674093,1642171353.60393,0
391.83,0.1,0.09,0,-35.27,13674113,1642171353.62415,0
391.83,0.1,0.09,0,-35.37,13674132,1642171353.6445,0
391.83,0.1,0.09,0,-35.48,13674152,1642171353.66475,0
391.83,0.1,0.09,0.01,-35.63,13674173,1642171353.68492,0
391.83,0.1,0.09,0,-35.82,13674192,1642171353.70609,0
391.83,0.1,0.09,0,-36.03,13674213,1642171353.72619,0
391.83,0.1,0.09,0,-36.25,13674232,1642171353.74295,0
391.83,0.1,0.09,0,-36.48,13674253,1642171353.7634,0
391.83,0.1,0.09,0.01,-36.73,13674272,1642171353.78358,0
391.83,0.1,0.09,0.01,-36.97,13674293,1642171353.80394,0
391.83,0.1,0.09,0,-37.2,13674312,1642171353.82463,0
391.83,0.1,0.09,0,-37.4,13674333,1642171353.84468,0
391.83,0.1,0.09,0,-37.57,13674352,1642171353.86489,0
391.83,0.1,0.09,0.01,-37.73,13674373,1642171353.88538,0
391.83,0.1,0.09,0.01,-37.87,13674393,1642171353.90593,0
391.83,0.1,0.09,0,-37.98,13674413,1642171353.92294,0
391.83,0.1,0.09,0,-38.1,13674432,1642171353.94332,0
391.83,0.1,0.09,0,-38.18,13674452,1642171353.96361,0
391.83,0.1,0.09,0.01,-38.28,13674473,1642171353.98385,0
391.83,0.1,0.09,0.01,-38.37,13674492,1642171354.00541,0
391.83,0.1,0.09,0,-38.45,13674513,1642171354.02484,0
391.83,0.1,0.09,0,-38.53,13674532,1642171354.04546,0
391.83,0.1,0.09,0,-38.63,13674552,1642171354.06659,0
391.83,0.1,0.09,0.01,-38.73,13674572,1642171354.08712,0
391.83,0.1,0.09,0.01,-38.85,13674593,1642171354.10287,0
391.83,0.1,0.09,0,-39,13674612,1642171354.12414,0
391.83,0.1,0.09,0,-39.15,13674633,1642171354.14476,0
391.83,0.1,0.09,0,-39.32,13674652,1642171354.16476,0
391.83,0.1,0.09,0.01,-39.5,13674673,1642171354.18529,0
391.83,0.1,0.09,0.01,-39.68,13674692,1642171354.20643,0
391.83,0.1,0.09,0.01,-39.87,13674713,1642171354.22634,0
391.83,0.1,0.09,0,-40.03,13674732,1642171354.24708,0
391.83,0.1,0.09,0.01,-40.22,13674753,1642171354.2674,0
391.83,0.1,0.09,0.01,-40.38,13674773,1642171354.28329,0
391.83,0.1,0.09,0.01,-40.57,13674792,1642171354.30438,0
391.83,0.1,0.09,0.01,-40.75,13674813,1642171354.32532,0
391.83,0.1,0.09,0,-40.93,13674832,1642171354.35028,0
391.83,0.1,0.09,0.01,-41.12,13674853,1642171354.37221,0
391.83,0.1,0.09,0.01,-41.3,13674872,1642171354.38578,0
391.83,0.1,0.09,0.01,-41.47,13674893,1642171354.40609,0
391.83,0.1,0.09,0.01,-41.65,13674912,1642171354.42614,0
391.83,0.1,0.09,0,-41.83,13674933,1642171354.44659,0
391.83,0.1,0.09,0.01,-42.02,13674952,1642171354.46354,0
391.83,0.1,0.09,0.01,-42.2,13674973,1642171354.48846,0
391.83,0.1,0.09,0.01,-42.35,13674993,1642171354.50578,0
391.83,0.1,0.09,0.01,-42.5,13675013,1642171354.52448,0
391.83,0.1,0.09,0,-42.65,13675032,1642171354.54492,0
391.83,0.1,0.09,0.01,-42.82,13675053,1642171354.5653,0
391.83,0.1,0.09,0.01,-43.02,13675072,1642171354.58634,0
391.83,0.1,0.09,0.01,-43.23,13675092,1642171354.60582,0
391.83,0.1,0.09,0.01,-43.43,13675113,1642171354.62736,0
391.83,0.1,0.09,0,-43.63,13675132,1642171354.64354,0
391.83,0.1,0.09,0.01,-43.83,13675153,1642171354.66417,0
391.83,0.1,0.09,0.01,-44,13675172,1642171354.68454,0
391.83,0.1,0.09,0.01,-44.15,13675193,1642171354.70492,0
391.83,0.1,0.09,0.01,-44.28,13675212,1642171354.72566,0
391.83,0.1,0.09,0,-44.43,13675233,1642171354.75285,0
391.83,0.1,0.09,0.01,-44.57,13675252,1642171354.76797,0
391.83,0.1,0.09,0.01,-44.7,13675273,1642171354.7868,0
391.83,0.1,0.09,0.01,-44.82,13675293,1642171354.80736,0
391.83,0.1,0.09,0.01,-44.95,13675313,1642171354.82436,0
391.83,0.1,0.09,0,-45.1,13675332,1642171354.84464,0
391.83,0.1,0.09,0.01,-45.3,13675353,1642171354.86503,0
391.83,0.1,0.09,0.01,-45.57,13675372,1642171354.88556,0
391.83,0.1,0.09,0.01,-45.85,13675393,1642171354.90614,0
391.83,0.1,0.09,0.01,-46.17,13675413,1642171354.92659,0
391.83,0.1,0.09,0,-46.48,13675432,1642171354.9467,0
391.83,0.1,0.09,0.01,-46.78,13675453,1642171354.96689,0
391.83,0.1,0.09,0.01,-47.02,13675472,1642171354.98798,0
391.83,0.1,0.09,0,-47.18,13675493,1642171355.00467,0
391.83,0.1,0.09,0.01,-47.32,13675512,1642171355.02481,0
391.83,0.1,0.09,0,-47.42,13675533,1642171355.04542,0
391.83,0.1,0.09,0.01,-47.48,13675552,1642171355.06573,0
391.83,0.1,0.09,0.01,-47.57,13675573,1642171355.08607,0
391.83,0.1,0.09,0,-47.62,13675592,1642171355.10638,0
391.83,0.1,0.09,0.01,-47.67,13675613,1642171355.12658,0
391.83,0.1,0.09,0,-47.72,13675632,1642171355.14821,0
391.83,0.1,0.09,0.01,-47.75,13675653,1642171355.16737,0
391.83,0.1,0.09,0.01,-47.77,13675672,1642171355.18435,0
391.83,0.1,0.09,0,-47.8,13675693,1642171355.20469,0
391.83,0.1,0.09,0.01,-47.83,13675713,1642171355.22482,0
391.83,0.1,0.09,0,-47.85,13675732,1642171355.24645,0
391.83,0.1,0.09,0.01,-47.88,13675752,1642171355.26579,0
391.83,0.1,0.09,0.01,-47.9,13675772,1642171355.29186,0
391.83,0.1,0.09,0,-47.92,13675793,1642171355.30861,0
391.83,0.1,0.09,0,-47.92,13675812,1642171355.32784,0
391.83,0.1,0.09,0,-47.92,13675833,1642171355.3481,0
391.83,0.1,0.09,0.01,-47.93,13675852,1642171355.36411,0
391.83,0.1,0.09,0.01,-47.93,13675873,1642171355.38473,0
391.83,0.1,0.09,0,-47.95,13675892,1642171355.40527,0
391.83,0.1,0.09,0,-47.95,13675913,1642171355.42496,0
391.83,0.1,0.09,0,-47.97,13675932,1642171355.44626,0
391.83,0.1,0.09,0.01,-47.97,13675953,1642171355.46668,0
391.83,0.1,0.09,0.01,-47.97,13675972,1642171355.48781,0
391.83,0.1,0.09,0,-47.98,13675993,1642171355.50826,0
391.83,0.1,0.09,0,-47.98,13676013,1642171355.52849,0
391.83,0.1,0.09,0,-47.98,13676033,1642171355.55369,0
391.83,0.1,0.09,0.01,-48,13676053,1642171355.56682,0
391.83,0.1,0.09,0,-48,13676072,1642171355.58584,0
391.83,0.1,0.09,0,-48,13676093,1642171355.60527,0
391.83,0.1,0.09,0.01,-48,13676112,1642171355.62639,0
391.83,0.1,0.09,0,-48,13676132,1642171355.64647,0
391.83,0.1,0.09,0.01,-48.02,13676152,1642171355.66705,0
391.83,0.1,0.09,0,-48.02,13676172,1642171355.68766,0
391.83,0.1,0.09,0,-48.02,13676192,1642171355.70999,0
391.83,0.1,0.09,0.01,-48.03,13676213,1642171355.72953,0
391.83,0.1,0.09,0,-48.03,13676232,1642171355.74618,0
391.83,0.1,0.09,0.01,-48.03,13676253,1642171355.76666,0
391.83,0.1,0.09,0,-48.03,13676272,1642171355.787,0
391.83,0.1,0.09,0,-48.05,13676293,1642171355.8088,0
391.83,0.1,0.09,0,-48.05,13676313,1642171355.82703,0
391.83,0.1,0.09,0.01,-48.05,13676333,1642171355.84858,0
391.83,0.1,0.09,0.01,-48.05,13676353,1642171355.87361,0
391.83,0.1,0.09,0,-48.07,13676372,1642171355.8893,0
391.83,0.1,0.09,0,-48.07,13676393,1642171355.90898,0
391.83,0.1,0.09,0,-48.07,13676412,1642171355.92583,0
391.83,0.1,0.09,0.01,-48.07,13676433,1642171355.94524,0
391.83,0.1,0.09,0.01,-48.08,13676452,1642171355.96669,0
391.83,0.1,0.09,0,-48.08,13676472,1642171355.98683,0
391.83,0.1,0.09,0,-48.08,13676492,1642171356.00727,0
391.83,0.1,0.09,0,-48.08,13676513,1642171356.02802,0
391.83,0.1,0.09,0.01,-48.1,13676532,1642171356.04848,0
391.83,0.1,0.09,0.01,-48.1,13676553,1642171356.06959,0
391.83,0.1,0.09,0,-48.1,13676572,1642171356.08637,0
391.83,0.1,0.09,0,-48.1,13676593,1642171356.10691,0
391.83,0.1,0.09,0.01,-48.12,13676613,1642171356.13328,0
391.83,0.1,0.09,0.01,-48.12,13676633,1642171356.14898,0
391.83,0.1,0.09,0.01,-48.12,13676653,1642171356.16737,0
391.83,0.1,0.09,0,-48.12,13676673,1642171356.18737,0
391.83,0.1,0.09,0,-48.12,13676693,1642171356.20753,0
391.83,0.1,0.09,0,-48.12,13676712,1642171356.23341,0
391.83,0.1,0.09,0.01,-48.12,13676733,1642171356.24898,0
391.83,0.1,0.09,0.01,-48.13,13676752,1642171356.26945,0
391.83,0.1,0.09,0,-48.13,13676772,1642171356.29534,0
391.83,0.1,0.09,0,-48.13,13676792,1642171356.30881,0
391.83,0.1,0.09,0,-48.13,13676813,1642171356.32701,0
391.83,0.1,0.09,0.01,-48.13,13676832,1642171356.34716,0
391.83,0.1,0.09,0.01,-48.13,13676853,1642171356.37392,0
391.83,0.1,0.09,0,-48.13,13676872,1642171356.39124,0
391.83,0.1,0.09,0,-48.13,13676893,1642171356.40934,0
391.83,0.1,0.09,0.01,-48.15,13676912,1642171356.429,0
391.83,0.1,0.09,0.01,-48.15,13676933,1642171356.44569,0
391.83,0.1,0.09,0.01,-48.15,13676952,1642171356.46645,0
391.83,0.1,0.09,0,-48.15,13676973,1642171356.48676,0
391.83,0.1,0.09,0,-48.15,13676993,1642171356.50719,0
391.83,0.1,0.09,0,-48.15,13677012,1642171356.52809,0
391.83,0.1,0.09,0.01,-48.17,13677033,1642171356.54828,0
391.83,0.1,0.09,0.01,-48.17,13677052,1642171356.56926,0
391.83,0.1,0.09,0,-48.17,13677072,1642171356.58945,0
391.83,0.1,0.09,0,-48.17,13677092,1642171356.60948,0
391.83,0.1,0.09,0,-48.17,13677113,1642171356.62986,0
391.83,0.1,0.09,0.01,-48.17,13677132,1642171356.64676,0
391.83,0.1,0.09,0.01,-48.18,13677153,1642171356.66709,0
391.83,0.1,0.09,0,-48.18,13677172,1642171356.68757,0
391.83,0.1,0.09,0,-48.18,13677193,1642171356.7083,0
391.83,0.1,0.09,0,-48.18,13677213,1642171356.72874,0
391.83,0.1,0.09,0.01,-48.2,13677233,1642171356.74913,0
391.83,0.1,0.09,0.01,-48.2,13677252,1642171356.76933,0
391.83,0.1,0.09,0,-48.2,13677273,1642171356.78996,0
391.83,0.1,0.09,0,-48.2,13677293,1642171356.81067,0
391.83,0.1,0.09,0,-48.2,13677313,1642171356.82736,0
391.83,0.1,0.09,0.01,-48.22,13677332,1642171356.84734,0
391.83,0.1,0.09,0.01,-48.22,13677352,1642171356.8676,0
391.83,0.1,0.09,0,-48.22,13677372,1642171356.88821,0
391.83,0.1,0.09,0,-48.22,13677392,1642171356.9098,0
391.83,0.1,0.09,0,-48.22,13677412,1642171356.93141,0
391.83,0.1,0.09,0.01,-48.22,13677432,1642171356.95134,0
391.83,0.1,0.09,0.01,-48.22,13677453,1642171356.97029,0
391.83,0.1,0.09,0,-48.22,13677472,1642171356.98603,0
391.83,0.1,0.09,0,-48.22,13677493,1642171357.0065,0
391.83,0.1,0.09,0,-48.22,13677512,1642171357.02753,0
391.83,0.1,0.09,0.01,-48.23,13677533,1642171357.0471,0
391.83,0.1,0.09,0.01,-48.23,13677552,1642171357.06825,0
391.83,0.1,0.09,0,-48.23,13677573,1642171357.08878,0
391.83,0.1,0.09,0,-48.23,13677592,1642171357.1094,0
391.83,0.1,0.09,0,-48.23,13677613,1642171357.13072,0
391.83,0.1,0.09,0.01,-48.23,13677633,1642171357.15054,0
391.83,0.1,0.09,0.01,-48.23,13677652,1642171357.17054,0
391.83,0.1,0.09,0,-48.23,13677672,1642171357.18751,0
391.83,0.1,0.09,0,-48.23,13677692,1642171357.21305,0
391.83,0.1,0.09,0,-48.23,13677713,1642171357.22826,0
391.83,0.1,0.09,0.01,-48.23,13677732,1642171357.25481,0
391.83,0.1,0.09,0.01,-48.23,13677753,1642171357.2689,0
391.83,0.1,0.09,0,-48.23,13677772,1642171357.29089,0
391.83,0.1,0.09,0,-48.23,13677793,1642171357.31142,0
391.83,0.1,0.09,0,-48.25,13677812,1642171357.33054,0
391.83,0.1,0.09,0.01,-48.25,13677833,1642171357.3518,0
391.83,0.1,0.09,0.01,-48.25,13677853,1642171357.37196,0
391.83,0.1,0.09,0,-48.25,13677873,1642171357.38935,0
391.83,0.1,0.09,0,-48.25,13677893,1642171357.4093,0
391.83,0.1,0.09,0,-48.25,13677913,1642171357.42918,0
391.83,0.1,0.09,0,-48.25,13677933,1642171357.44938,0
391.83,0.1,0.09,0.01,-48.25,13677953,1642171357.47006,0
391.83,0.1,0.09,0,-48.25,13677973,1642171357.49017,0
391.83,0.1,0.09,0,-48.25,13677992,1642171357.51034,0
391.83,0.1,0.09,0,-48.25,13678013,1642171357.54034,0
391.83,0.1,0.09,0,-48.25,13678032,1642171357.55449,0
391.83,0.1,0.09,0.01,-48.25,13678053,1642171357.5681,0
391.83,0.1,0.09,0,-48.27,13678072,1642171357.5892,0
391.83,0.1,0.09,0,-48.27,13678093,1642171357.61452,0
391.83,0.1,0.09,0,-48.27,13678112,1642171357.63233,0
391.83,0.1,0.09,0,-48.27,13678133,1642171357.64961,0
391.83,0.1,0.09,0,-48.27,13678152,1642171357.66971,0
391.83,0.1,0.09,0,-48.27,13678173,1642171357.69074,0
391.83,0.1,0.09,0,-48.27,13678192,1642171357.71095,0
391.83,0.1,0.09,0,-48.28,13678213,1642171357.72793,0
391.83,0.1,0.09,0,-48.28,13678232,1642171357.74836,0
391.83,0.1,0.09,0,-48.28,13678253,1642171357.76851,0
391.83,0.1,0.09,0,-48.28,13678272,1642171357.78939,0
391.83,0.1,0.09,0,-48.28,13678292,1642171357.81036,0
391.83,0.1,0.09,0,-48.28,13678312,1642171357.83073,0
391.83,0.1,0.09,0,-48.28,13678332,1642171357.85114,0
391.83,0.1,0.09,0,-48.28,13678352,1642171357.87634,0
391.83,0.1,0.09,0,-48.28,13678372,1642171357.89303,0
391.83,0.1,0.09,0,-48.28,13678393,1642171357.90825,0
391.83,0.1,0.09,0,-48.3,13678412,1642171357.92861,0
391.83,0.1,0.09,0,-48.3,13678433,1642171357.94882,0
391.83,0.1,0.09,0,-48.3,13678452,1642171357.9695,0
391.83,0.1,0.09,0,-48.3,13678473,1642171357.98953,0
391.83,0.1,0.09,0,-48.3,13678492,1642171358.01043,0
391.83,0.1,0.09,0,-48.3,13678513,1642171358.03164,0
391.83,0.1,0.09,0,-48.3,13678532,1642171358.05223,0
391.83,0.1,0.09,0,-48.3,13678553,1642171358.07203,0
391.83,0.1,0.09,0,-48.3,13678573,1642171358.09269,0
391.83,0.1,0.09,0,-48.3,13678593,1642171358.10959,0
391.83,0.1,0.09,0,-48.3,13678612,1642171358.13002,0
391.83,0.1,0.09,0,-48.3,13678632,1642171358.15051,0
391.83,0.1,0.09,0,-48.3,13678652,1642171358.17046,0
391.83,0.1,0.09,0,-48.3,13678672,1642171358.19057,0
391.83,0.1,0.09,0,-48.3,13678693,1642171358.2118,0
391.83,0.1,0.09,0,-48.3,13678712,1642171358.23241,0
391.83,0.1,0.09,0,-48.3,13678733,1642171358.25281,0
391.83,0.1,0.09,0,-48.3,13678752,1642171358.26885,0
391.83,0.1,0.09,0,-48.3,13678773,1642171358.28921,0
391.83,0.1,0.09,0,-48.3,13678792,1642171358.31005,0
391.83,0.1,0.09,0,-48.3,13678813,1642171358.33015,0
391.83,0.1,0.09,0,-48.3,13678832,1642171358.35135,0
391.83,0.1,0.09,0,-48.3,13678853,1642171358.38345,0
391.83,0.1,0.09,0,-48.3,13678873,1642171358.39051,0
391.83,0.1,0.09,0,-48.3,13678893,1642171358.41129,0
391.83,0.1,0.09,0,-48.3,13678912,1642171358.43241,0
391.83,0.1,0.09,0,-48.32,13678932,1642171358.45223,0
391.83,0.1,0.09,0,-48.32,13678953,1642171358.46948,0
391.83,0.1,0.09,0,-48.32,13678972,1642171358.48965,0
391.83,0.1,0.09,0,-48.32,13678993,1642171358.51075,0
391.83,0.1,0.09,0,-48.32,13679012,1642171358.53058,0
391.83,0.1,0.09,0,-48.32,13679033,1642171358.55067,0
391.83,0.1,0.09,0,-48.32,13679053,1642171358.57105,0
391.83,0.1,0.09,0,-48.32,13679073,1642171358.59277,0
391.83,0.1,0.09,0,-48.32,13679093,1642171358.61388,0
391.83,0.1,0.09,0,-48.32,13679113,1642171358.63301,0
391.83,0.1,0.09,0,-48.32,13679132,1642171358.64987,0
391.83,0.1,0.09,0,-48.32,13679153,1642171358.66993,0
391.83,0.1,0.09,0,-48.32,13679173,1642171358.69122,0
391.83,0.1,0.09,0,-48.32,13679193,1642171358.71257,0
391.83,0.1,0.09,0,-48.32,13679213,1642171358.73176,0
391.83,0.1,0.09,0,-48.32,13679233,1642171358.75248,0
391.83,0.1,0.09,0,-48.32,13679253,1642171358.7726,0
391.83,0.1,0.09,0,-48.32,13679272,1642171358.79278,0
391.83,0.1,0.09,0,-48.32,13679293,1642171358.81407,0
391.83,0.1,0.09,0,-48.32,13679312,1642171358.83031,0
391.83,0.1,0.09,0,-48.32,13679333,1642171358.85079,0
391.83,0.1,0.09,0,-48.32,13679352,1642171358.87077,0
391.83,0.1,0.09,0,-48.32,13679373,1642171358.89076,0
391.83,0.1,0.09,0,-48.32,13679392,1642171358.91168,0
391.83,0.1,0.09,0,-48.32,13679413,1642171358.93155,0
391.83,0.1,0.09,0,-48.32,13679432,1642171358.95273,0
391.83,0.1,0.09,0,-48.32,13679453,1642171358.97294,0
391.83,0.1,0.09,0,-48.32,13679473,1642171358.99317,0
391.83,0.1,0.09,0,-48.32,13679493,1642171359.01355,0
391.83,0.1,0.09,0.01,-48.32,13679513,1642171359.03042,0
391.83,0.1,0.09,0,-48.32,13679533,1642171359.05089,0
391.83,0.1,0.09,0,-48.32,13679553,1642171359.07117,0
391.83,0.1,0.09,0,-48.32,13679572,1642171359.09183,0
391.83,0.1,0.09,0,-48.32,13679593,1642171359.11215,0
391.83,0.1,0.09,0.01,-48.32,13679612,1642171359.13251,0
391.83,0.1,0.09,0,-48.32,13679633,1642171359.15345,0
391.83,0.1,0.09,0,-48.32,13679652,1642171359.17402,0
391.83,0.1,0.09,0,-48.32,13679673,1642171359.19448,0
391.83,0.1,0.09,0,-48.32,13679692,1642171359.21019,0
391.83,0.1,0.09,0.01,-48.32,13679713,1642171359.23158,0
391.83,0.1,0.09,0,-48.32,13679732,1642171359.25554,0
391.83,0.1,0.09,0,-48.3,13679753,1642171359.2722,0
391.83,0.1,0.09,0,-48.3,13679772,1642171359.29214,0
391.83,0.1,0.09,0,-48.3,13679793,1642171359.3225,0
391.83,0.1,0.09,0.01,-48.28,13679812,1642171359.33373,0
391.83,0.1,0.09,0.01,-48.27,13679833,1642171359.35349,0
391.83,0.1,0.09,0,-48.25,13679853,1642171359.37408,0
391.83,0.1,0.09,0,-48.23,13679873,1642171359.39113,0
391.83,0.1,0.09,0,-48.23,13679892,1642171359.41097,0
391.83,0.1,0.09,0.01,-48.22,13679912,1642171359.43118,0
391.83,0.1,0.09,0.01,-48.2,13679933,1642171359.45236,0
391.83,0.1,0.09,0,-48.2,13679952,1642171359.47306,0
391.83,0.1,0.09,0,-48.18,13679973,1642171359.4937,0
391.83,0.1,0.09,0.01,-48.18,13679992,1642171359.51417,0
391.83,0.1,0.09,0.01,-48.17,13680013,1642171359.534,0
391.83,0.1,0.09,0.01,-48.17,13680032,1642171359.55098,0
391.83,0.1,0.09,0,-48.15,13680053,1642171359.57125,0
391.83,0.1,0.09,0,-48.15,13680072,1642171359.59172,0
391.83,0.1,0.09,0.01,-48.15,13680093,1642171359.61137,0
391.83,0.1,0.09,0.01,-48.15,13680112,1642171359.63231,0
391.83,0.1,0.09,0.01,-48.15,13680133,1642171359.65289,0
391.83,0.1,0.09,0,-48.15,13680152,1642171359.67359,0
391.83,0.1,0.09,0,-48.15,13680173,1642171359.69393,0
391.83,0.1,0.09,0.01,-48.15,13680193,1642171359.7143,0
391.83,0.1,0.09,0.01,-48.15,13680212,1642171359.73261,0
391.83,0.1,0.09,0.01,-48.15,13680232,1642171359.75494,0
391.83,0.1,0.09,0,-48.15,13680252,1642171359.77132,0
391.83,0.1,0.09,0,-48.15,13680272,1642171359.79211,0
391.83,0.1,0.09,0,-48.15,13680292,1642171359.8118,0
391.83,0.1,0.09,0.01,-48.13,13680313,1642171359.83311,0
391.83,0.1,0.09,0,-48.13,13680332,1642171359.85401,0
391.83,0.1,0.09,0,-48.13,13680353,1642171359.87924,0
391.83,0.1,0.09,0,-48.13,13680372,1642171359.89757,0
391.83,0.1,0.09,0,-48.13,13680393,1642171359.91088,0
391.83,0.1,0.09,0,-48.13,13680412,1642171359.93174,0
391.83,0.1,0.09,0,-48.13,13680433,1642171359.9515,0
391.83,0.1,0.09,0,-48.13,13680452,1642171359.97209,0
391.83,0.1,0.09,0,-48.13,13680473,1642171359.99265,0
391.83,0.1,0.09,0,-48.13,13680492,1642171360.01335,0
391.83,0.1,0.09,0,-48.13,13680513,1642171360.03456,0
391.83,0.1,0.09,0,-48.13,13680532,1642171360.0545,0
391.83,0.1,0.09,0,-48.13,13680552,1642171360.07485,0
391.83,0.1,0.09,0,-48.13,13680573,1642171360.09095,0
391.83,0.1,0.09,0,-48.13,13680592,1642171360.11275,0
391.83,0.1,0.09,0,-48.13,13680613,1642171360.13198,0
391.83,0.1,0.09,0,-48.13,13680632,1642171360.15785,0
391.83,0.1,0.09,0,-48.13,13680653,1642171360.17332,0
391.83,0.1,0.09,0,-48.13,13680672,1642171360.19356,0
391.83,0.1,0.09,0,-48.13,13680693,1642171360.21394,0
391.83,0.1,0.09,0,-48.13,13680712,1642171360.23478,0
391.83,0.1,0.09,0,-48.13,13680733,1642171360.25462,0
391.83,0.1,0.09,0,-48.13,13680752,1642171360.27116,0
391.83,0.1,0.09,0,-48.13,13680773,1642171360.29226,0
391.83,0.1,0.09,0,-48.13,13680792,1642171360.31554,0
391.83,0.1,0.09,0,-48.13,13680813,1642171360.33312,0
391.83,0.1,0.09,0,-48.13,13680832,1642171360.35311,0
391.83,0.1,0.09,0,-48.13,13680852,1642171360.373,0
391.83,0.1,0.09,0,-48.13,13680872,1642171360.3936,0
391.83,0.1,0.09,0,-48.13,13680892,1642171360.41389,0
391.83,0.1,0.09,0,-48.13,13680913,1642171360.43465,0
391.83,0.1,0.09,0,-48.13,13680932,1642171360.45546,0
391.83,0.1,0.09,0,-48.13,13680953,1642171360.4712,0
391.83,0.1,0.09,0,-48.13,13680972,1642171360.49301,0
391.83,0.1,0.09,0,-48.13,13680993,1642171360.51266,0
391.83,0.1,0.09,0,-48.13,13681012,1642171360.53304,0
391.83,0.1,0.09,0,-48.13,13681033,1642171360.55433,0
391.83,0.1,0.09,0,-48.13,13681052,1642171360.57471,0
391.83,0.1,0.09,0,-48.13,13681073,1642171360.59451,0
391.83,0.1,0.09,0,-48.13,13681092,1642171360.61593,0
391.83,0.1,0.09,0,-48.13,13681113,1642171360.63705,0
391.83,0.1,0.09,0,-48.13,13681132,1642171360.65331,0
391.83,0.1,0.09,0,-48.13,13681153,1642171360.67316,0
391.83,0.1,0.09,0,-48.13,13681172,1642171360.69348,0
391.83,0.1,0.09,0,-48.13,13681192,1642171360.71397,0
391.83,0.1,0.09,0,-48.13,13681213,1642171360.73496,0
391.83,0.1,0.09,0,-48.13,13681232,1642171360.75476,0
391.83,0.1,0.09,0,-48.13,13681253,1642171360.775,0
391.83,0.1,0.09,0,-48.13,13681272,1642171360.79533,0
391.83,0.1,0.09,0,-48.13,13681293,1642171360.81654,0
391.83,0.1,0.09,0,-48.13,13681312,1642171360.83376,0
391.83,0.1,0.09,0,-48.13,13681333,1642171360.85383,0
391.83,0.1,0.09,0,-48.13,13681352,1642171360.87387,0
391.83,0.1,0.09,0,-48.13,13681373,1642171360.89387,0
391.83,0.1,0.09,0,-48.13,13681392,1642171360.91443,0
391.83,0.1,0.09,0,-48.13,13681413,1642171360.93672,0
391.83,0.1,0.09,0,-48.13,13681432,1642171360.95499,0
391.83,0.1,0.09,0,-48.13,13681453,1642171360.97661,0
391.83,0.1,0.09,0,-48.13,13681472,1642171360.99701,0
391.83,0.1,0.09,0,-48.13,13681492,1642171361.01345,0
391.83,0.1,0.09,0,-48.13,13681512,1642171361.03412,0
391.83,0.1,0.09,0,-48.13,13681532,1642171361.05423,0
391.83,0.1,0.09,0,-48.13,13681553,1642171361.07439,0
391.83,0.1,0.09,0,-48.13,13681572,1642171361.09475,0
391.83,0.1,0.09,0,-48.13,13681593,1642171361.12529,0
391.83,0.1,0.09,0,-48.13,13681612,1642171361.13626,0
391.83,0.1,0.09,0,-48.13,13681633,1642171361.1555,0
391.83,0.1,0.09,0,-48.13,13681652,1642171361.17585,0
391.83,0.1,0.09,0,-48.13,13681673,1642171361.19286,0
391.83,0.1,0.09,0,-48.13,13681692,1642171361.21327,0
391.83,0.1,0.09,0,-48.13,13681713,1642171361.23337,0
391.83,0.1,0.09,0,-48.13,13681732,1642171361.2539,0
391.83,0.1,0.09,0,-48.13,13681753,1642171361.27508,0
391.83,0.1,0.09,0,-48.13,13681772,1642171361.29554,0
391.83,0.1,0.09,0,-48.12,13681793,1642171361.31538,0
391.83,0.1,0.09,0,-48.12,13681813,1642171361.34104,0
391.83,0.1,0.09,0,-48.12,13681832,1642171361.35713,0
391.83,0.1,0.09,0,-48.12,13681853,1642171361.38246,0
391.83,0.1,0.09,0,-48.12,13681872,1642171361.3944,0
391.83,0.1,0.09,0,-48.12,13681893,1642171361.41357,0
391.83,0.1,0.09,0,-48.12,13681912,1642171361.43534,0
391.83,0.1,0.09,0,-48.12,13681933,1642171361.45473,0
391.83,0.1,0.09,0,-48.12,13681952,1642171361.47543,0
391.83,0.1,0.09,0,-48.12,13681973,1642171361.50567,0
391.83,0.1,0.09,0,-48.12,13681993,1642171361.51718,0
391.83,0.1,0.09,0,-48.12,13682013,1642171361.53655,0
391.83,0.1,0.09,0,-48.12,13682033,1642171361.56428,0
391.83,0.1,0.09,0,-48.12,13682053,1642171361.5811,0
391.83,0.1,0.09,0,-48.12,13682073,1642171361.59569,0
391.83,0.1,0.09,0,-48.12,13682093,1642171361.62202,0
391.83,0.1,0.09,0,-48.12,13682113,1642171361.63989,0
391.83,0.1,0.09,0,-48.12,13682132,1642171361.65561,0
391.83,0.1,0.09,0,-48.12,13682153,1642171361.67535,0
391.83,0.1,0.09,0,-48.12,13682172,1642171361.69628,0
391.83,0.1,0.09,0,-48.12,13682193,1642171361.71713,0
391.83,0.1,0.09,0,-48.12,13682212,1642171361.73816,0
391.83,0.1,0.09,0,-48.12,13682233,1642171361.75384,0
391.83,0.1,0.09,0,-48.12,13682252,1642171361.77403,0
391.83,0.1,0.09,0,-48.12,13682273,1642171361.79444,0
391.83,0.1,0.09,0,-48.12,13682292,1642171361.81585,0
391.83,0.1,0.09,0,-48.12,13682313,1642171361.83652,0
391.83,0.1,0.09,0,-48.12,13682333,1642171361.85638,0
391.83,0.1,0.09,0,-48.12,13682353,1642171361.87701,0
391.83,0.1,0.09,0,-48.12,13682373,1642171361.89723,0
391.83,0.1,0.09,0,-48.12,13682393,1642171361.9186,0
391.83,0.1,0.09,0,-48.12,13682413,1642171361.93516,0
391.83,0.1,0.09,0,-48.12,13682433,1642171361.95537,0
391.83,0.1,0.09,0,-48.12,13682453,1642171361.97521,0
391.83,0.1,0.09,0,-48.12,13682472,1642171361.9957,0
391.83,0.1,0.09,0,-48.12,13682493,1642171362.01609,0
391.83,0.1,0.09,0,-48.12,13682512,1642171362.03699,0
391.83,0.1,0.09,0,-48.12,13682533,1642171362.06569,0
391.83,0.1,0.09,0,-48.12,13682552,1642171362.07821,0
391.83,0.1,0.09,0,-48.12,13682573,1642171362.09827,0
391.83,0.1,0.09,0,-48.12,13682592,1642171362.12025,0
391.83,0.1,0.09,0,-48.12,13682613,1642171362.13674,0
391.83,0.1,0.09,0,-48.12,13682632,1642171362.15517,0
391.83,0.1,0.09,0,-48.12,13682653,1642171362.17503,0
391.83,0.1,0.09,0,-48.12,13682673,1642171362.19566,0
391.83,0.1,0.09,0,-48.12,13682693,1642171362.21722,0
391.83,0.1,0.09,0,-48.12,13682713,1642171362.23668,0
391.83,0.1,0.09,0,-48.12,13682733,1642171362.25796,0
391.83,0.1,0.09,0,-48.12,13682753,1642171362.27831,0
391.83,0.1,0.09,0,-48.12,13682772,1642171362.29482,0
391.83,0.1,0.09,0,-48.12,13682793,1642171362.31484,0
391.83,0.1,0.09,0,-48.12,13682812,1642171362.33556,0
391.83,0.1,0.09,0,-48.12,13682833,1642171362.35655,0
391.83,0.1,0.09,0,-48.12,13682852,1642171362.37663,0
391.83,0.1,0.09,0,-48.12,13682873,1642171362.3966,0
391.83,0.1,0.09,0,-48.12,13682892,1642171362.4169,0
391.83,0.1,0.09,0,-48.12,13682913,1642171362.438,0
391.83,0.1,0.09,0,-48.12,13682932,1642171362.45797,0
391.83,0.1,0.09,0,-48.12,13682953,1642171362.47509,0
391.83,0.1,0.09,0,-48.12,13682973,1642171362.49471,0
391.83,0.1,0.09,0,-48.12,13682993,1642171362.52898,0
391.83,0.1,0.09,0,-48.12,13683013,1642171362.53586,0
391.83,0.1,0.09,0,-48.12,13683033,1642171362.55716,0
391.83,0.1,0.09,0,-48.12,13683053,1642171362.5774,0
391.83,0.1,0.09,0,-48.12,13683073,1642171362.59822,0
391.83,0.1,0.09,0,-48.12,13683093,1642171362.61838,0
391.83,0.1,0.09,0,-48.12,13683112,1642171362.63842,0
391.83,0.1,0.09,0,-48.12,13683133,1642171362.65484,0
391.83,0.1,0.09,0,-48.12,13683152,1642171362.67503,0
391.83,0.1,0.09,0,-48.12,13683173,1642171362.6955,0
391.83,0.1,0.09,0,-48.12,13683192,1642171362.71703,0
391.83,0.1,0.09,0,-48.12,13683213,1642171362.73664,0
391.83,0.1,0.09,0,-48.12,13683232,1642171362.7635,0
391.83,0.1,0.09,0,-48.12,13683253,1642171362.77923,0
391.83,0.1,0.09,0,-48.12,13683272,1642171362.79856,0
391.83,0.1,0.09,0,-48.12,13683293,1642171362.81891,0
391.83,0.1,0.09,0,-48.12,13683313,1642171362.83517,0
391.83,0.1,0.09,0,-48.12,13683333,1642171362.85569,0
391.83,0.1,0.09,0,-48.12,13683353,1642171362.87595,0
391.83,0.1,0.09,0,-48.12,13683373,1642171362.89624,0
391.83,0.1,0.09,0,-48.12,13683393,1642171362.91795,0
391.83,0.1,0.09,0,-48.12,13683412,1642171362.93788,0
391.83,0.1,0.09,0,-48.12,13683433,1642171362.95787,0
391.83,0.1,0.09,0,-48.12,13683452,1642171362.97887,0
391.83,0.1,0.09,0,-48.12,13683473,1642171362.9994,0
391.83,0.1,0.09,0,-48.12,13683492,1642171363.01532,0
391.83,0.1,0.09,0,-48.12,13683513,1642171363.03583,0
391.83,0.1,0.09,0,-48.12,13683532,1642171363.05652,0
391.83,0.1,0.09,0,-48.12,13683553,1642171363.07713,0
391.83,0.1,0.09,0,-48.12,13683572,1642171363.09763,0
391.83,0.1,0.09,0,-48.12,13683593,1642171363.11768,0
391.83,0.1,0.09,0,-48.12,13683613,1642171363.1376,0
391.83,0.1,0.09,0,-48.12,13683633,1642171363.15832,0
