729.06,3.03,0.01,0,49.72,3253316,1642182604.83228,0
729.06,3.03,0.01,0,49.72,3253329,1642182604.83304,0
729.06,3.03,0.01,0,49.72,3253343,1642182604.83377,0
729.06,3.03,0.01,0,49.72,3253356,1642182604.83451,0
729.06,3.03,0.01,0,49.72,3253369,1642182604.83537,0
729.06,3.03,0.01,0,49.72,3253382,1642182604.83611,0
729.06,3.03,0.01,0,49.72,3253395,1642182604.85566,0
729.06,3.03,0.01,0,49.72,3253408,1642182604.85682,0
729.06,3.03,0.01,0,49.72,3253422,1642182604.87236,0
729.06,3.03,0.01,0,49.72,3253435,1642182604.88082,0
729.06,3.03,0.01,0,49.72,3253448,1642182604.89588,0
729.06,3.03,0.01,0,49.72,3253460,1642182604.91124,0
729.06,3.03,0.01,0,49.72,3253474,1642182604.91954,0
729.06,3.03,0.01,0,49.72,3253487,1642182604.93051,0
729.06,3.03,0.01,0,49.72,3253500,1642182604.94861,0
729.06,3.03,0.01,0,49.72,3253514,1642182604.95612,0
729.06,3.03,0.01,0,49.72,3253527,1642182604.96962,0
729.06,3.03,0.01,0,49.72,3253539,1642182604.98228,0
729.06,3.03,0.01,0,49.72,3253553,1642182604.99853,0
729.06,3.03,0.01,0,49.72,3253566,1642182605.02113,0
729.06,3.03,0.01,0,49.72,3253579,1642182605.02309,0
729.06,3.03,0.01,0,49.72,3253593,1642182605.03722,0
729.06,3.03,0.01,0,49.72,3253605,1642182605.04917,0
729.06,3.03,0.01,0,49.72,3253618,1642182605.06365,0
729.06,3.03,0.01,0,49.72,3253632,1642182605.07758,0
729.06,3.03,0.01,0,49.72,3253645,1642182605.08915,0
729.06,3.03,0.01,0,49.72,3253658,1642182605.10013,0
729.06,3.03,0.01,0,49.72,3253671,1642182605.11424,0
729.06,3.03,0.01,0,49.72,3253684,1642182605.1297,0
729.06,3.03,0.01,0,49.72,3253697,1642182605.1415,0
729.06,3.03,0.01,0,49.72,3253710,1642182605.15372,0
729.06,3.03,0.01,0,49.72,3253724,1642182605.16608,0
729.06,3.03,0.01,0,49.72,3253737,1642182605.18196,0
729.06,3.03,0.01,0,49.72,3253750,1642182605.19433,0
729.06,3.03,0.01,0,49.72,3253763,1642182605.20704,0
729.06,3.03,0.01,0,49.72,3253776,1642182605.21939,0
729.06,3.03,0.01,0,49.72,3253789,1642182605.23189,0
729.06,3.03,0.01,0,49.72,3253803,1642182605.24792,0
729.06,3.03,0.01,0,49.72,3253816,1642182605.26041,0
729.06,3.03,0.01,0,49.72,3253829,1642182605.27288,0
729.06,3.03,0.01,0,49.72,3253841,1642182605.28538,0
729.06,3.03,0.01,0,49.72,3253855,1642182605.29918,0
729.06,3.03,0.01,0,49.72,3253868,1642182605.31415,0
729.06,3.03,0.01,0,49.72,3253881,1642182605.32608,0
729.06,3.03,0.01,0,49.72,3253895,1642182605.33891,0
729.06,3.03,0.01,0,49.72,3253907,1642182605.3518,0
729.06,3.03,0.01,0,49.72,3253920,1642182605.36312,0
729.06,3.03,0.01,0,49.72,3253934,1642182605.37969,0
729.06,3.03,0.01,0,49.72,3253947,1642182605.39174,0
729.06,3.03,0.01,0,49.72,3253960,1642182605.40341,0
729.06,3.03,0.01,0,49.72,3253974,1642182605.41546,0
729.06,3.03,0.01,0,49.72,3253986,1642182605.43149,0
729.06,3.03,0.01,0,49.72,3253999,1642182605.44391,0
729.06,3.03,0.01,0,49.72,3254012,1642182605.45638,0
729.06,3.03,0.01,0,49.72,3254026,1642182605.46902,0
729.06,3.03,0.01,0,49.72,3254039,1642182605.48142,0
729.06,3.03,0.01,0,49.72,3254052,1642182605.49731,0
729.06,3.03,0.01,0,49.72,3254065,1642182605.50955,0
729.06,3.03,0.01,0,49.72,3254078,1642182605.52148,0
729.06,3.03,0.01,0,49.72,3254091,1642182605.53485,0
729.06,3.03,0.01,0,49.72,3254105,1642182605.54613,0
729.06,3.03,0.01,0,49.72,3254118,1642182605.56313,0
729.06,3.03,0.01,0,49.72,3254131,1642182605.5757,0
729.06,3.03,0.01,0,49.72,3254144,1642182605.58693,0
729.06,3.03,0.01,0,49.72,3254157,1642182605.60047,0
729.06,3.03,0.01,0,49.72,3254170,1642182605.61275,0
729.06,3.03,0.01,0,49.72,3254183,1642182605.62813,0
729.06,3.03,0.01,0,49.72,3254197,1642182605.64108,0
729.06,3.03,0.01,0,49.72,3254210,1642182605.65975,0
729.06,3.03,0.01,0,49.72,3254222,1642182605.66712,0
729.06,3.03,0.01,0,49.72,3254236,1642182605.68182,0
729.06,3.03,0.01,0,49.72,3254249,1642182605.69419,0
729.06,3.03,0.01,0,49.72,3254262,1642182605.70687,0
729.06,3.03,0.01,0,49.72,3254276,1642182605.71908,0
729.06,3.03,0.01,0,49.72,3254289,1642182605.73137,0
729.06,3.03,0.01,0,49.72,3254301,1642182605.74693,0
729.06,3.03,0.01,0,49.72,3254315,1642182605.76028,0
729.06,3.03,0.01,0,49.72,3254328,1642182605.77242,0
729.06,3.03,0.01,0,49.72,3254341,1642182605.78465,0
729.06,3.03,0.01,0,49.72,3254354,1642182605.80007,0
729.06,3.03,0.01,0,49.72,3254368,1642182605.81339,0
729.06,3.03,0.01,0,49.72,3254381,1642182605.82473,0
729.06,3.03,0.01,0,49.72,3254394,1642182605.83718,0
729.06,3.03,0.01,0,49.72,3254407,1642182605.8497,0
729.06,3.03,0.01,0,49.72,3254420,1642182605.86684,0
729.06,3.03,0.01,0,49.72,3254433,1642182605.87828,0
729.06,3.03,0.01,0,49.72,3254447,1642182605.89067,0
729.06,3.03,0.01,0,49.72,3254460,1642182605.90393,0
729.06,3.03,0.01,0,49.72,3254473,1642182605.91568,0
729.06,3.03,0.01,0,49.72,3254486,1642182605.93131,0
729.06,3.03,0.01,0,49.72,3254499,1642182605.94389,0
729.06,3.03,0.01,0,49.72,3254512,1642182605.95648,0
729.06,3.03,0.01,0,49.72,3254525,1642182605.96909,0
729.06,3.03,0.01,0,49.72,3254539,1642182605.98453,0
729.06,3.03,0.01,0,49.72,3254551,1642182605.99696,0
729.06,3.03,0.01,0,49.72,3254564,1642182606.01038,0
729.06,3.03,0.01,0,49.72,3254578,1642182606.02224,0
729.06,3.03,0.01,0,49.72,3254591,1642182606.03469,0
729.06,3.03,0.01,0,49.72,3254604,1642182606.05034,0
729.06,3.03,0.01,0,49.72,3254618,1642182606.06269,0
729.06,3.03,0.01,0,49.72,3254630,1642182606.07535,0
729.06,3.03,0.01,0,49.72,3254643,1642182606.08756,0
729.06,3.03,0.01,0,49.72,3254657,1642182606.10017,0
729.06,3.03,0.01,0,49.72,3254670,1642182606.11544,0
729.06,3.03,0.01,0,49.72,3254683,1642182606.12935,0
729.06,3.03,0.01,0,49.72,3254696,1642182606.14097,0
729.06,3.03,0.01,0,49.72,3254709,1642182606.15347,0
729.06,3.03,0.01,0,49.72,3254722,1642182606.166,0
729.06,3.03,0.01,0,49.72,3254735,1642182606.1817,0
729.06,3.03,0.01,0,49.72,3254749,1642182606.1942,0
729.06,3.03,0.01,0,49.72,3254762,1642182606.20636,0
729.06,3.03,0.01,0,49.72,3254775,1642182606.21903,0
729.06,3.03,0.01,0,49.72,3254788,1642182606.23494,0
729.06,3.03,0.01,0,49.72,3254801,1642182606.24731,0
729.06,3.03,0.01,0,49.72,3254814,1642182606.25963,0
729.06,3.03,0.01,0,49.72,3254828,1642182606.27183,0
729.06,3.03,0.01,0,49.72,3254841,1642182606.28401,0
729.06,3.03,0.01,0,49.72,3254853,1642182606.30085,0
729.06,3.03,0.01,0,49.72,3254866,1642182606.31279,0
729.06,3.03,0.01,0,49.72,3254880,1642182606.32471,0
729.06,3.03,0.01,0,49.72,3254893,1642182606.33676,0
729.06,3.03,0.01,0,49.72,3254906,1642182606.34913,0
729.06,3.03,0.01,0,49.72,3254920,1642182606.36555,0
729.06,3.03,0.01,0,49.72,3254932,1642182606.3776,0
729.06,3.03,0.01,0,49.72,3254945,1642182606.39007,0
729.06,3.03,0.01,0,49.72,3254959,1642182606.40232,0
729.06,3.03,0.01,0,49.72,3254972,1642182606.42125,0
729.06,3.03,0.01,0,49.72,3254985,1642182606.43298,0
729.06,3.03,0.01,0,49.72,3254999,1642182606.44496,0
729.06,3.03,0.01,0,49.72,3255011,1642182606.4561,0
729.06,3.03,0.01,0,49.72,3255024,1642182606.46881,0
729.06,3.03,0.01,0,49.72,3255037,1642182606.48537,0
729.06,3.03,0.01,0,49.72,3255051,1642182606.49675,0
729.06,3.03,0.01,0,49.72,3255064,1642182606.50946,0
729.06,3.03,0.01,0,49.72,3255077,1642182606.52183,0
729.06,3.03,0.01,0,49.72,3255090,1642182606.5346,0
729.06,3.03,0.01,0,49.72,3255103,1642182606.55745,0
729.06,3.03,0.01,0,49.72,3255116,1642182606.56796,0
729.06,3.03,0.01,0,49.72,3255130,1642182606.57576,0
729.06,3.03,0.01,0,49.72,3255143,1642182606.58718,0
729.06,3.03,0.01,0,49.72,3255156,1642182606.59947,0
729.06,3.03,0.01,0,49.72,3255169,1642182606.61544,0
729.06,3.03,0.01,0,49.72,3255182,1642182606.62881,0
729.06,3.03,0.01,0,49.72,3255195,1642182606.64185,0
729.06,3.03,0.01,0,49.72,3255208,1642182606.65649,0
729.06,3.03,0.01,0,49.72,3255222,1642182606.67004,0
729.06,3.03,0.01,0,49.72,3255234,1642182606.68176,0
729.06,3.03,0.01,0,49.72,3255247,1642182606.69303,0
729.06,3.03,0.01,0,49.72,3255261,1642182606.70537,0
729.06,3.03,0.01,0,49.72,3255274,1642182606.71787,0
729.06,3.03,0.01,0,49.72,3255287,1642182606.7336,0
729.06,3.03,0.01,0,49.72,3255301,1642182606.74658,0
729.06,3.03,0.01,0,49.72,3255313,1642182606.75853,0
729.06,3.03,0.01,0,49.72,3255326,1642182606.77093,0
729.06,3.03,0.01,0,49.72,3255340,1642182606.78347,0
729.06,3.03,0.01,0,49.72,3255353,1642182606.79951,0
729.06,3.03,0.01,0,49.72,3255366,1642182606.81205,0
729.06,3.03,0.01,0,49.72,3255379,1642182606.82478,0
729.06,3.03,0.01,0,49.72,3255392,1642182606.8374,0
729.06,3.03,0.01,0,49.72,3255405,1642182606.85238,0
729.06,3.03,0.01,0,49.72,3255418,1642182606.86715,0
729.06,3.03,0.01,0,49.72,3255432,1642182606.87794,0
729.06,3.03,0.01,0,49.72,3255445,1642182606.8899,0
729.06,3.03,0.01,0,49.72,3255458,1642182606.9024,0
729.06,3.03,0.01,0,49.72,3255471,1642182606.91921,0
729.06,3.03,0.01,0,49.72,3255484,1642182606.93134,0
729.06,3.03,0.01,0,49.72,3255497,1642182606.94313,0
729.06,3.03,0.01,-0.01,49.72,3255512,1642182606.95555,0
729.06,3.03,0.01,-0.01,49.72,3255525,1642182606.97124,0
729.06,3.03,0.01,0,49.72,3255538,1642182606.98381,0
729.06,3.03,0.01,0,49.72,3255550,1642182606.99614,0
729.06,3.03,0.01,0,49.72,3255564,1642182607.01507,0
729.06,3.03,0.01,0,49.72,3255577,1642182607.02954,0
729.06,3.03,0.01,0,49.72,3255590,1642182607.03745,0
729.06,3.03,0.01,0,49.72,3255604,1642182607.04938,0
729.06,3.03,0.01,0,49.72,3255617,1642182607.06546,0
729.06,3.03,0.01,0,49.72,3255629,1642182607.07489,0
729.06,3.03,0.01,0,49.72,3255643,1642182607.09084,0
729.06,3.03,0.01,0,49.72,3255656,1642182607.10261,0
729.06,3.03,0.01,0,49.72,3255669,1642182607.11472,0
729.06,3.03,0.01,0,49.72,3255683,1642182607.12711,0
729.06,3.03,0.01,0,49.72,3255695,1642182607.14233,0
729.06,3.03,0.01,0,49.72,3255708,1642182607.15747,0
729.06,3.03,0.01,0,49.72,3255721,1642182607.16853,0
729.06,3.03,0.01,0,49.72,3255735,1642182607.18054,0
729.06,3.03,0.01,0,49.72,3255748,1642182607.19287,0
729.06,3.03,0.01,0,49.72,3255761,1642182607.20512,0
729.06,3.03,0.01,0,49.72,3255774,1642182607.22229,0
729.06,3.03,0.01,0,49.72,3255787,1642182607.23434,0
729.06,3.03,0.01,0,49.72,3255800,1642182607.24583,0
729.06,3.03,0.01,0,49.72,3255814,1642182607.25839,0
729.06,3.03,0.01,0,49.72,3255827,1642182607.27081,0
729.06,3.03,0.01,0,49.72,3255840,1642182607.2873,0
729.06,3.03,0.01,0,49.72,3255853,1642182607.29973,0
729.06,3.03,0.01,0,49.72,3255866,1642182607.31235,0
729.06,3.03,0.01,0,49.72,3255879,1642182607.32465,0
729.06,3.03,0.01,0,49.72,3255892,1642182607.34003,0
729.06,3.03,0.01,0,49.72,3255906,1642182607.35346,0
729.06,3.03,0.01,0,49.72,3255919,1642182607.36473,0
729.06,3.03,0.01,0,49.72,3255931,1642182607.37744,0
729.06,3.03,0.01,0,49.72,3255945,1642182607.38968,0
729.06,3.03,0.01,0,49.72,3255958,1642182607.40671,0
729.06,3.03,0.01,0,49.72,3255971,1642182607.41823,0
729.06,3.03,0.01,0,49.72,3255985,1642182607.43061,0
729.06,3.03,0.01,0,49.73,3255997,1642182607.44321,0
729.06,3.03,0.01,0,49.73,3256010,1642182607.45525,0
729.06,3.03,0.01,0,49.73,3256023,1642182607.46752,0
729.06,3.03,0.01,0,49.75,3256036,1642182607.48422,0
729.06,3.03,0.01,0,49.8,3256048,1642182607.49652,0
729.06,3.03,0.01,0,49.82,3256061,1642182607.50899,0
729.06,3.03,0.01,0,49.83,3256074,1642182607.52168,0
729.06,3.03,0.01,0,49.85,3256087,1642182607.53303,0
729.06,3.03,0.01,0,49.88,3256099,1642182607.54607,0
729.06,3.03,0.01,0,49.9,3256113,1642182607.55766,0
729.06,3.03,0.01,0,49.92,3256126,1642182607.5738,0
729.06,3.03,0.01,0,49.93,3256138,1642182607.58602,0
729.06,3.03,0.01,0,49.93,3256152,1642182607.59871,0
729.06,3.03,0.01,0,49.95,3256164,1642182607.61088,0
729.06,3.03,0.01,0,49.98,3256177,1642182607.62313,0
729.06,3.03,0.01,0,50.02,3256189,1642182607.63551,0
729.06,3.03,0.01,0,50.05,3256203,1642182607.64757,0
729.06,3.03,0.01,0,50.08,3256215,1642182607.65976,0
729.06,3.03,0.01,0,50.12,3256228,1642182607.6766,0
729.06,3.03,0.01,0,50.15,3256241,1642182607.68945,0
729.06,3.03,0.01,0,50.2,3256254,1642182607.70034,0
729.06,3.03,0.01,0,50.23,3256266,1642182607.71333,0
729.06,3.03,0.01,0,50.27,3256280,1642182607.7258,0
729.06,3.03,0.01,0,50.3,3256293,1642182607.73823,0
729.06,3.03,0.01,0,50.33,3256305,1642182607.75367,0
729.06,3.03,0.01,0,50.35,3256318,1642182607.766,0
729.06,3.03,0.01,0,50.37,3256331,1642182607.77877,0
729.06,3.03,0.01,0,50.38,3256344,1642182607.79102,0
729.06,3.03,0.01,0,50.4,3256356,1642182607.80343,0
729.06,3.03,0.01,0,50.42,3256370,1642182607.81582,0
729.06,3.03,0.01,0,50.45,3256382,1642182607.82859,0
729.06,3.03,0.01,0,50.48,3256395,1642182607.83992,0
729.06,3.03,0.01,0,50.52,3256409,1642182607.85804,0
729.06,3.03,0.01,0,50.55,3256421,1642182607.86993,0
729.06,3.03,0.01,0,50.58,3256434,1642182607.88143,0
729.06,3.03,0.01,0,50.62,3256446,1642182607.89365,0
729.06,3.03,0.01,0,50.65,3256460,1642182607.9058,0
729.06,3.03,0.01,0,50.7,3256472,1642182607.91761,0
729.06,3.03,0.01,0,50.72,3256485,1642182607.93446,0
729.06,3.03,0.01,0,50.75,3256499,1642182607.94707,0
729.06,3.03,0.01,0,50.78,3256511,1642182607.95956,0
729.06,3.03,0.01,0,50.82,3256524,1642182607.97183,0
729.06,3.03,0.01,0,50.85,3256537,1642182607.98422,0
729.06,3.03,0.01,0,50.92,3256550,1642182607.9955,0
729.06,3.03,0.01,0,51.02,3256562,1642182608.00817,0
729.06,3.03,0.01,0,51.18,3256576,1642182608.02476,0
729.06,3.03,0.01,0,51.4,3256589,1642182608.0372,0
729.06,3.03,0.01,0,51.5,3256601,1642182608.04951,0
729.06,3.03,0.01,0,51.5,3256614,1642182608.06167,0
729.06,3.03,0.01,0,51.5,3256627,1642182608.07401,0
729.06,3.03,0.01,0,51.5,3256640,1642182608.0864,0
729.06,3.03,0.01,0,51.5,3256652,1642182608.09889,0
729.06,3.03,0.01,0,51.5,3256665,1642182608.1112,0
729.06,3.03,0.01,0,51.5,3256678,1642182608.12772,0
729.06,3.03,0.01,0,51.5,3256690,1642182608.1396,0
729.06,3.03,0.01,0,51.5,3256704,1642182608.15206,0
729.06,3.03,0.01,0,51.5,3256716,1642182608.16326,0
729.06,3.03,0.01,0,51.5,3256729,1642182608.17562,0
729.06,3.03,0.01,0,51.5,3256741,1642182608.18828,0
729.06,3.03,0.01,0,51.5,3256755,1642182608.20068,0
729.06,3.03,0.01,0,51.5,3256767,1642182608.21399,0
729.06,3.03,0.01,0,51.5,3256780,1642182608.22983,0
729.06,3.03,0.01,0,51.5,3256793,1642182608.24203,0
729.06,3.03,0.01,0,51.5,3256806,1642182608.25413,0
729.06,3.03,0.01,0,51.5,3256818,1642182608.26621,0
729.06,3.03,0.01,0,51.5,3256832,1642182608.27916,0
729.06,3.03,0.01,0,51.5,3256844,1642182608.2903,0
729.06,3.03,0.01,0,51.5,3256857,1642182608.30369,0
729.06,3.03,0.01,0,51.5,3256869,1642182608.31925,0
729.06,3.03,0.01,0,51.5,3256883,1642182608.33183,0
729.06,3.03,0.01,0,51.5,3256895,1642182608.34484,0
729.06,3.03,0.01,0,51.5,3256908,1642182608.35679,0
729.06,3.03,0.01,0,51.5,3256921,1642182608.36846,0
729.06,3.03,0.01,0,51.5,3256934,1642182608.38097,0
729.06,3.03,0.01,0,51.5,3256946,1642182608.39375,0
729.06,3.03,0.01,0,51.5,3256960,1642182608.40519,0
729.06,3.03,0.01,0,51.5,3256972,1642182608.42204,0
729.06,3.03,0.01,0,51.5,3256985,1642182608.43401,0
729.06,3.03,0.01,0,51.5,3256997,1642182608.44642,0
729.06,3.03,0.01,0,51.5,3257011,1642182608.45925,0
729.06,3.03,0.01,0,51.5,3257023,1642182608.4705,0
729.06,3.03,0.01,0,51.5,3257036,1642182608.48303,0
729.06,3.03,0.01,0,51.5,3257049,1642182608.49643,0
729.06,3.03,0.01,0,51.5,3257062,1642182608.50844,0
729.06,3.03,0.01,0,51.5,3257074,1642182608.52422,0
729.06,3.03,0.01,0,51.5,3257088,1642182608.54668,0
729.06,3.03,0.01,0,51.5,3257100,1642182608.55111,0
729.06,3.03,0.01,0,51.5,3257113,1642182608.56168,0
729.06,3.03,0.01,0,51.5,3257125,1642182608.57323,0
729.06,3.03,0.01,0,51.5,3257139,1642182608.5856,0
729.06,3.03,0.01,0,51.5,3257151,1642182608.59811,0
729.06,3.03,0.01,0,51.5,3257164,1642182608.61363,0
729.06,3.03,0.01,0,51.5,3257177,1642182608.62646,0
729.06,3.03,0.01,0,51.5,3257190,1642182608.63921,0
729.06,3.03,0.01,0,51.48,3257202,1642182608.65168,0
729.06,3.03,0.01,0,51.47,3257216,1642182608.664,0
729.06,3.03,0.01,0,51.43,3257229,1642182608.67536,0
729.06,3.03,0.01,0,51.37,3257241,1642182608.68784,0
729.06,3.03,0.01,0,51.27,3257254,1642182608.70025,0
729.06,3.03,0.01,0,51.17,3257267,1642182608.71606,0
729.06,3.03,0.01,0,51.05,3257280,1642182608.72911,0
729.06,3.03,0.01,0,50.93,3257292,1642182608.74104,0
729.06,3.03,0.01,0,50.83,3257306,1642182608.75358,0
729.06,3.03,0.01,0,50.72,3257319,1642182608.76597,0
729.06,3.03,0.01,0,50.62,3257331,1642182608.77869,0
729.06,3.03,0.01,0,50.5,3257345,1642182608.79432,0
729.06,3.03,0.01,0,50.4,3257357,1642182608.80817,0
729.06,3.03,0.01,0,50.32,3257370,1642182608.81869,0
729.06,3.03,0.01,0,50.23,3257383,1642182608.83413,0
729.06,3.03,0.01,0,50.15,3257396,1642182608.84563,0
729.06,3.03,0.01,0,50.08,3257409,1642182608.85698,0
729.06,3.03,0.01,0,50,3257421,1642182608.86909,0
729.06,3.03,0.01,0,49.92,3257435,1642182608.88504,0
729.06,3.03,0.01,0,49.83,3257447,1642182608.90963,0
729.06,3.03,0.01,0,49.73,3257460,1642182608.91356,0
729.06,3.03,0.01,0,49.63,3257473,1642182608.9224,0
729.06,3.03,0.01,0,49.52,3257486,1642182608.93415,0
729.06,3.03,0.01,0,49.4,3257499,1642182608.94656,0
729.06,3.03,0.01,0,49.3,3257511,1642182608.95933,0
729.06,3.03,0.01,0,49.2,3257525,1642182608.97488,0
729.06,3.03,0.01,0,49.1,3257537,1642182608.98708,0
729.06,3.03,0.01,0,49.02,3257550,1642182608.99953,0
729.06,3.03,0.01,0,48.92,3257563,1642182609.01245,0
729.06,3.03,0.01,0,48.82,3257576,1642182609.02405,0
729.06,3.03,0.01,0,48.7,3257588,1642182609.03637,0
729.06,3.03,0.01,0,48.57,3257602,1642182609.04844,0
729.06,3.03,0.01,0,48.43,3257615,1642182609.06551,0
729.06,3.03,0.01,0,48.27,3257627,1642182609.08619,0
729.06,3.03,0.01,0,48.08,3257640,1642182609.09504,0
729.06,3.03,0.01,0,47.85,3257653,1642182609.10242,0
729.06,3.03,0.01,0,47.63,3257666,1642182609.11376,0
729.06,3.03,0.01,0,47.38,3257679,1642182609.12722,0
729.06,3.03,0.01,0,47.1,3257692,1642182609.14275,0
729.06,3.03,0.01,0,46.8,3257705,1642182609.15483,0
729.06,3.03,0.01,0,46.47,3257718,1642182609.16709,0
729.06,3.03,0.01,0,46.12,3257731,1642182609.17954,0
729.06,3.03,0.01,0,45.73,3257744,1642182609.19229,0
729.06,3.03,0.01,0,45.28,3257756,1642182609.20498,0
729.06,3.03,0.01,0,44.83,3257769,1642182609.22039,0
729.06,3.03,0.01,0,44.33,3257783,1642182609.23261,0
729.06,3.03,0.01,0,43.8,3257795,1642182609.24489,0
729.06,3.03,0.01,0,43.23,3257808,1642182609.25723,0
729.06,3.03,0.01,0,42.67,3257822,1642182609.26971,0
729.06,3.03,0.01,0,42.07,3257834,1642182609.28205,0
729.06,3.03,0.01,0,41.5,3257847,1642182609.30468,0
729.06,3.03,0.01,0,40.92,3257861,1642182609.31323,0
729.06,3.03,0.01,0,40.37,3257873,1642182609.32371,0
729.06,3.03,0.01,0,39.85,3257886,1642182609.33507,0
729.06,3.03,0.01,0,39.32,3257899,1642182609.34752,0
729.06,3.03,0.01,0,38.8,3257912,1642182609.35948,0
729.06,3.03,0.01,0,38.27,3257925,1642182609.37287,0
729.06,3.03,0.01,0,37.73,3257937,1642182609.38939,0
729.06,3.03,0.01,0,37.25,3257951,1642182609.40189,0
729.06,3.03,0.01,0,36.8,3257963,1642182609.41327,0
729.06,3.03,0.01,0,36.35,3257976,1642182609.42587,0
729.06,3.03,0.01,0,35.92,3257990,1642182609.44337,0
729.06,3.03,0.01,0,35.53,3258002,1642182609.45553,0
729.06,3.03,0.01,0,35.18,3258015,1642182609.46756,0
729.06,3.03,0.01,0,34.85,3258028,1642182609.4784,0
729.06,3.03,0.01,0,34.53,3258041,1642182609.49033,0
729.06,3.03,0.01,0,34.23,3258054,1642182609.50261,0
729.06,3.03,0.01,0,33.95,3258066,1642182609.51489,0
729.06,3.03,0.01,0,33.68,3258080,1642182609.52832,0
729.06,3.03,0.01,0,33.4,3258092,1642182609.54034,0
729.06,3.03,0.01,0,33.12,3258105,1642182609.55615,0
729.06,3.03,0.01,0,32.85,3258119,1642182609.56882,0
729.06,3.03,0.01,0,32.55,3258131,1642182609.58129,0
729.06,3.03,0.01,0,32.27,3258144,1642182609.59278,0
729.06,3.03,0.01,0,31.97,3258157,1642182609.60523,0
729.06,3.03,0.01,0,31.67,3258170,1642182609.61759,0
729.06,3.03,0.01,0,31.37,3258183,1642182609.63453,0
729.06,3.03,0.01,0,31.08,3258195,1642182609.64675,0
729.06,3.03,0.01,0,30.82,3258209,1642182609.65824,0
729.06,3.03,0.01,0,30.55,3258221,1642182609.67051,0
729.06,3.03,0.01,0,30.28,3258234,1642182609.68299,0
729.06,3.03,0.01,0,30.03,3258248,1642182609.7034,0
729.06,3.03,0.01,0,29.77,3258260,1642182609.71894,0
729.06,3.03,0.01,0,29.5,3258273,1642182609.72487,0
729.06,3.03,0.01,0,29.23,3258286,1642182609.73675,0
729.06,3.03,0.01,0,28.98,3258299,1642182609.7492,0
729.06,3.03,0.01,0,28.73,3258312,1642182609.76154,0
729.06,3.03,0.01,0,28.48,3258324,1642182609.77369,0
729.06,3.03,0.01,0,28.25,3258338,1642182609.78602,0
729.06,3.03,0.01,0,28.03,3258350,1642182609.80253,0
729.06,3.03,0.01,0,27.82,3258363,1642182609.81398,0
729.06,3.03,0.01,0,27.63,3258377,1642182609.82659,0
729.06,3.03,0.01,0,27.47,3258389,1642182609.83909,0
729.06,3.03,0.01,0,27.3,3258402,1642182609.85114,0
729.06,3.03,0.01,0,27.13,3258415,1642182609.86353,0
729.06,3.03,0.01,0,26.97,3258428,1642182609.87622,0
729.06,3.03,0.01,0,26.77,3258440,1642182609.89211,0
729.06,3.03,0.01,0,26.57,3258454,1642182609.90448,0
729.06,3.03,0.01,0,26.37,3258466,1642182609.91687,0
729.06,3.03,0.01,0,26.15,3258479,1642182609.93031,0
729.06,3.03,0.01,0,25.92,3258492,1642182609.94075,0
729.06,3.03,0.01,0,25.7,3258505,1642182609.95398,0
729.06,3.03,0.01,0,25.48,3258518,1642182609.96657,0
729.06,3.03,0.01,0,25.25,3258530,1642182609.98274,0
729.06,3.03,0.01,0,25.02,3258544,1642182609.99469,0
729.06,3.03,0.01,0,24.77,3258556,1642182610.00688,0
729.06,3.03,0.01,0,24.53,3258569,1642182610.01925,0
729.06,3.03,0.01,0,24.33,3258583,1642182610.03121,0
729.06,3.03,0.01,0,24.13,3258595,1642182610.04372,0
729.06,3.03,0.01,0,23.95,3258608,1642182610.05583,0
729.06,3.03,0.01,0,23.77,3258620,1642182610.073,0
729.06,3.03,0.01,0,23.6,3258634,1642182610.08532,0
729.06,3.03,0.01,0,23.42,3258647,1642182610.09656,0
729.06,3.03,0.01,0,23.25,3258659,1642182610.10986,0
729.06,3.03,0.01,0,23.07,3258673,1642182610.12109,0
729.06,3.03,0.01,0,22.88,3258685,1642182610.1386,0
729.06,3.03,0.01,0,22.68,3258698,1642182610.15115,0
729.06,3.03,0.01,0,22.48,3258712,1642182610.16295,0
729.06,3.03,0.01,0,22.28,3258724,1642182610.17514,0
729.06,3.03,0.01,0,22.05,3258737,1642182610.18742,0
729.06,3.03,0.01,0,21.85,3258749,1642182610.19985,0
729.06,3.03,0.01,0,21.63,3258763,1642182610.21125,0
729.06,3.03,0.01,0,21.42,3258775,1642182610.22364,0
729.06,3.03,0.01,0,21.22,3258788,1642182610.24011,0
729.06,3.03,0.01,0,21.05,3258802,1642182610.25264,0
729.06,3.03,0.01,0,20.9,3258814,1642182610.26513,0
729.06,3.03,0.01,0,20.75,3258827,1642182610.27714,0
729.06,3.03,0.01,0,20.62,3258840,1642182610.28931,0
729.06,3.03,0.01,0,20.47,3258853,1642182610.30149,0
729.06,3.03,0.01,0,20.3,3258866,1642182610.31387,0
729.06,3.03,0.01,0,20.12,3258878,1642182610.33057,0
729.06,3.03,0.01,0,19.93,3258892,1642182610.35095,0
729.06,3.03,0.01,0,19.75,3258904,1642182610.36329,0
729.06,3.03,0.01,0,19.55,3258917,1642182610.37344,0
729.06,3.03,0.01,0,19.33,3258930,1642182610.37906,0
729.06,3.03,0.01,0,19.1,3258943,1642182610.3927,0
729.06,3.03,0.01,0,18.88,3258956,1642182610.40841,0
729.06,3.03,0.01,0,18.65,3258969,1642182610.42084,0
729.06,3.03,0.01,0,18.43,3258982,1642182610.43294,0
729.06,3.03,0.01,0,18.23,3258994,1642182610.44554,0
729.06,3.03,0.01,0,18.03,3259008,1642182610.46382,0
729.06,3.03,0.01,0,17.83,3259021,1642182610.47088,0
729.06,3.03,0.01,0,17.65,3259033,1642182610.48697,0
729.06,3.03,0.01,0,17.45,3259046,1642182610.50184,0
729.06,3.03,0.01,0,17.28,3259059,1642182610.51126,0
729.06,3.03,0.01,0,17.12,3259072,1642182610.52442,0
729.06,3.03,0.01,0,16.97,3259085,1642182610.53572,0
729.06,3.03,0.01,0,16.82,3259098,1642182610.54761,0
729.06,3.03,0.01,0,16.65,3259111,1642182610.56031,0
729.06,3.03,0.01,0,16.48,3259123,1642182610.57622,0
729.06,3.03,0.01,0,16.3,3259137,1642182610.58917,0
729.06,3.03,0.01,0,16.1,3259149,1642182610.6003,0
729.06,3.03,0.01,0,15.9,3259162,1642182610.61269,0
729.06,3.03,0.01,0,15.68,3259174,1642182610.62533,0
729.06,3.03,0.01,0,15.45,3259188,1642182610.63817,0
729.06,3.03,0.01,0,15.2,3259201,1642182610.65039,0
729.06,3.03,0.01,0,14.92,3259213,1642182610.66637,0
729.06,3.03,0.01,0,14.63,3259227,1642182610.67937,0
729.06,3.03,0.01,0,14.35,3259240,1642182610.69048,0
729.06,3.03,0.01,0,14.08,3259252,1642182610.70382,0
729.06,3.03,0.01,0,13.82,3259266,1642182610.71495,0
729.06,3.03,0.01,0,13.58,3259278,1642182610.72907,0
729.06,3.03,0.01,0,13.33,3259291,1642182610.74047,0
729.06,3.03,0.01,0,13.1,3259303,1642182610.75602,0
729.06,3.03,0.01,0,12.85,3259317,1642182610.77784,0
729.06,3.03,0.01,0,12.63,3259330,1642182610.78409,0
729.06,3.03,0.01,0,12.43,3259342,1642182610.79402,0
729.06,3.03,0.01,0,12.25,3259356,1642182610.80602,0
729.06,3.03,0.01,0,12.08,3259368,1642182610.81907,0
729.06,3.03,0.01,0,11.95,3259381,1642182610.83412,0
729.06,3.03,0.01,0,11.82,3259394,1642182610.84659,0
729.06,3.03,0.01,0,11.68,3259407,1642182610.85926,0
729.06,3.03,0.01,0,11.57,3259420,1642182610.8717,0
729.06,3.03,0.01,0,11.43,3259432,1642182610.88312,0
729.06,3.03,0.01,0,11.3,3259446,1642182610.89558,0
729.06,3.03,0.01,0,11.15,3259458,1642182610.90798,0
729.06,3.03,0.01,0,10.98,3259471,1642182610.92416,0
729.06,3.03,0.01,0,10.8,3259484,1642182610.93656,0
729.06,3.03,0.01,0,10.62,3259497,1642182610.94901,0
729.06,3.03,0.01,0,10.42,3259510,1642182610.96124,0
729.06,3.03,0.01,0,10.2,3259523,1642182610.97391,0
729.06,3.03,0.01,0,9.98,3259536,1642182610.98607,0
729.06,3.03,0.01,0,9.77,3259548,1642182610.99848,0
729.06,3.03,0.01,0,9.55,3259561,1642182611.01439,0
729.06,3.03,0.01,0,9.33,3259574,1642182611.02682,0
729.06,3.03,0.01,0,9.13,3259587,1642182611.03967,0
729.06,3.03,0.01,0,8.97,3259599,1642182611.05178,0
729.06,3.03,0.01,0,8.83,3259612,1642182611.06392,0
729.06,3.03,0.01,0,8.72,3259625,1642182611.082,0
729.06,3.03,0.01,0,8.63,3259637,1642182611.09268,0
729.06,3.03,0.01,0,8.55,3259651,1642182611.10179,0
729.06,3.03,0.01,0,8.47,3259663,1642182611.11325,0
729.06,3.03,0.01,0,8.38,3259676,1642182611.1297,0
729.06,3.03,0.01,0,8.32,3259688,1642182611.14206,0
729.06,3.03,0.01,0,8.25,3259702,1642182611.15336,0
729.06,3.03,0.01,0,8.17,3259714,1642182611.166,0
729.06,3.03,0.01,0,8.1,3259727,1642182611.17891,0
729.06,3.03,0.01,0,8.02,3259740,1642182611.1911,0
729.06,3.03,0.01,0,7.92,3259752,1642182611.20356,0
729.06,3.03,0.01,0,7.83,3259765,1642182611.21548,0
729.06,3.03,0.01,0,7.73,3259778,1642182611.23081,0
729.06,3.03,0.01,0,7.62,3259791,1642182611.24369,0
729.06,3.03,0.01,0,7.52,3259803,1642182611.25597,0
729.06,3.03,0.01,0,7.4,3259816,1642182611.26849,0
729.06,3.03,0.01,0,7.27,3259829,1642182611.28103,0
729.06,3.03,0.01,0,7.15,3259842,1642182611.29309,0
729.06,3.03,0.01,0,7,3259854,1642182611.30555,0
729.06,3.03,0.01,0,6.88,3259867,1642182611.31797,0
729.06,3.03,0.01,0,6.75,3259880,1642182611.33035,0
729.06,3.03,0.01,0,6.65,3259892,1642182611.34646,0
729.06,3.03,0.01,0,6.53,3259906,1642182611.35881,0
729.06,3.03,0.01,0,6.45,3259918,1642182611.3714,0
729.06,3.03,0.01,0,6.35,3259931,1642182611.3836,0
729.06,3.03,0.01,0,6.27,3259943,1642182611.39494,0
729.06,3.03,0.01,0,6.17,3259956,1642182611.40722,0
729.06,3.03,0.01,0,6.08,3259969,1642182611.41999,0
729.06,3.03,0.01,0,6,3259981,1642182611.43214,0
729.06,3.03,0.01,0,5.93,3259995,1642182611.44495,0
729.06,3.03,0.01,0,5.87,3260007,1642182611.46029,0
729.06,3.03,0.01,0,5.82,3260019,1642182611.47265,0
729.06,3.03,0.01,0,5.75,3260033,1642182611.48493,0
729.06,3.03,0.01,0,5.68,3260045,1642182611.49732,0
729.06,3.03,0.01,0,5.62,3260058,1642182611.50998,0
729.06,3.03,0.01,0,5.53,3260070,1642182611.52234,0
729.06,3.03,0.01,0,5.45,3260083,1642182611.5345,0
729.06,3.03,0.01,0,5.38,3260096,1642182611.54676,0
729.06,3.03,0.01,0,5.3,3260108,1642182611.55936,0
729.06,3.03,0.01,0,5.23,3260122,1642182611.57606,0
729.06,3.03,0.01,0,5.15,3260134,1642182611.5873,0
729.06,3.03,0.01,0,5.05,3260147,1642182611.59972,0
729.06,3.03,0.01,0,4.93,3260160,1642182611.61315,0
729.06,3.03,0.01,0,4.82,3260172,1642182611.62521,0
729.06,3.03,0.01,0,4.72,3260185,1642182611.63732,0
729.06,3.03,0.01,0,4.6,3260197,1642182611.64945,0
729.06,3.03,0.01,0,4.5,3260211,1642182611.67096,0
729.06,3.03,0.01,0,4.4,3260223,1642182611.67739,0
729.06,3.03,0.01,0,4.27,3260236,1642182611.68656,0
729.06,3.03,0.01,0,4.17,3260249,1642182611.70301,0
729.06,3.03,0.01,0,4.05,3260261,1642182611.7143,0
729.06,3.03,0.01,0,3.98,3260274,1642182611.7269,0
729.06,3.03,0.01,0,3.9,3260286,1642182611.73898,0
729.06,3.03,0.01,0,3.85,3260300,1642182611.75133,0
729.06,3.03,0.01,0,3.78,3260312,1642182611.76394,0
729.06,3.03,0.01,0,3.75,3260325,1642182611.7765,0
729.06,3.03,0.01,0,3.72,3260338,1642182611.79644,0
729.06,3.03,0.01,0,3.72,3260351,1642182611.806,0
729.06,3.03,0.01,0,3.72,3260363,1642182611.8167,0
729.06,3.03,0.01,0,3.7,3260377,1642182611.83027,0
729.06,3.03,0.01,0,3.7,3260389,1642182611.84459,0
729.06,3.03,0.01,0,3.7,3260401,1642182611.85688,0
729.06,3.03,0.01,0,3.7,3260414,1642182611.86692,0
729.06,3.03,0.01,0,3.7,3260427,1642182611.87913,0
729.06,3.03,0.01,0,3.7,3260439,1642182611.89165,0
729.06,3.03,0.01,0,3.7,3260452,1642182611.90401,0
729.06,3.03,0.01,0,3.7,3260465,1642182611.91631,0
729.06,3.03,0.01,0,3.7,3260477,1642182611.93226,0
729.06,3.03,0.01,0,3.7,3260490,1642182611.94527,0
729.06,3.03,0.01,0,3.7,3260503,1642182611.95613,0
729.06,3.03,0.01,0,3.7,3260515,1642182611.96862,0
729.06,3.03,0.01,0,3.7,3260528,1642182611.98111,0
729.06,3.03,0.01,0,3.68,3260540,1642182611.99351,0
729.06,3.03,0.01,0,3.68,3260553,1642182612.00539,0
729.06,3.03,0.01,0,3.68,3260566,1642182612.01894,0
729.06,3.03,0.01,0,3.68,3260578,1642182612.03019,0
729.06,3.03,0.01,0,3.68,3260591,1642182612.04265,0
729.06,3.03,0.01,0,3.68,3260603,1642182612.06483,0
729.06,3.03,0.01,0,3.68,3260616,1642182612.0702,0
729.06,3.03,0.01,0,3.68,3260628,1642182612.08296,0
729.06,3.03,0.01,0,3.68,3260641,1642182612.0968,0
729.06,3.03,0.01,0,3.68,3260653,1642182612.10905,0
729.06,3.03,0.01,0,3.68,3260665,1642182612.12058,0
729.06,3.03,0.01,0,3.68,3260679,1642182612.1328,0
729.06,3.03,0.01,0,3.68,3260691,1642182612.14537,0
729.06,3.03,0.01,0,3.68,3260703,1642182612.15766,0
729.06,3.03,0.01,0,3.68,3260716,1642182612.16999,0
729.06,3.03,0.01,0,3.68,3260729,1642182612.18223,0
729.06,3.03,0.01,0,3.68,3260741,1642182612.19439,0
729.06,3.03,0.01,0,3.68,3260753,1642182612.20739,0
729.06,3.03,0.01,0,3.68,3260766,1642182612.21904,0
729.06,3.03,0.01,0,3.68,3260779,1642182612.23057,0
729.06,3.03,0.01,0,3.68,3260791,1642182612.24335,0
729.06,3.03,0.01,0,3.68,3260804,1642182612.25581,0
729.06,3.03,0.01,0,3.68,3260816,1642182612.26846,0
729.06,3.03,0.01,0,3.68,3260829,1642182612.27971,0
729.06,3.03,0.01,0,3.68,3260841,1642182612.2967,0
729.06,3.03,0.01,0,3.68,3260854,1642182612.30901,0
729.06,3.03,0.01,0,3.68,3260866,1642182612.32127,0
729.06,3.03,0.01,0,3.68,3260879,1642182612.33362,0
729.06,3.03,0.01,0,3.68,3260892,1642182612.34619,0
729.06,3.03,0.01,0,3.68,3260904,1642182612.35819,0
729.06,3.03,0.01,0,3.68,3260916,1642182612.3706,0
729.06,3.03,0.01,0,3.68,3260930,1642182612.38314,0
729.06,3.03,0.01,0,3.68,3260942,1642182612.39556,0
729.06,3.03,0.01,0,3.68,3260954,1642182612.40698,0
729.06,3.03,0.01,0,3.68,3260966,1642182612.41944,0
729.06,3.03,0.01,0,3.68,3260980,1642182612.43154,0
729.06,3.03,0.01,0,3.68,3260992,1642182612.44393,0
729.06,3.03,0.01,0,3.68,3261004,1642182612.45644,0
729.06,3.03,0.01,0,3.68,3261017,1642182612.46918,0
729.06,3.03,0.01,0,3.68,3261030,1642182612.48487,0
729.06,3.03,0.01,0,3.68,3261042,1642182612.49694,0
729.06,3.03,0.01,0,3.68,3261054,1642182612.50951,0
729.06,3.03,0.01,0,3.68,3261067,1642182612.52164,0
729.06,3.03,0.01,0,3.68,3261080,1642182612.53406,0
729.06,3.03,0.01,0,3.68,3261092,1642182612.54636,0
729.06,3.03,0.01,0,3.68,3261105,1642182612.55889,0
729.06,3.03,0.01,0,3.68,3261117,1642182612.57105,0
729.06,3.03,0.01,0,3.68,3261130,1642182612.58328,0
729.06,3.03,0.01,0,3.68,3261143,1642182612.59568,0
729.06,3.03,0.01,0,3.68,3261155,1642182612.60771,0
729.06,3.03,0.01,0,3.68,3261167,1642182612.61995,0
729.06,3.03,0.01,0,3.68,3261180,1642182612.63232,0
729.06,3.03,0.01,0,3.68,3261193,1642182612.65357,0
729.06,3.03,0.01,0,3.68,3261205,1642182612.66594,0
729.06,3.03,0.01,0,3.68,3261217,1642182612.67567,0
729.06,3.03,0.01,0,3.68,3261231,1642182612.68665,0
729.06,3.03,0.01,0,3.68,3261243,1642182612.69811,0
729.06,3.03,0.01,0,3.68,3261255,1642182612.71002,0
729.06,3.03,0.01,0,3.68,3261267,1642182612.72243,0
729.06,3.03,0.01,0,3.68,3261281,1642182612.73466,0
729.06,3.03,0.01,0,3.68,3261293,1642182612.74695,0
729.06,3.03,0.01,0,3.68,3261305,1642182612.75928,0
729.06,3.03,0.01,0,3.68,3261318,1642182612.77135,0
729.06,3.03,0.01,0,3.68,3261331,1642182612.7836,0
729.06,3.03,0.01,0,3.68,3261343,1642182612.79645,0
729.06,3.03,0.01,0,3.68,3261356,1642182612.80876,0
729.06,3.03,0.01,0,3.68,3261368,1642182612.82066,0
729.06,3.03,0.01,0,3.68,3261381,1642182612.83544,0
729.06,3.03,0.01,0,3.68,3261393,1642182612.84975,0
729.06,3.03,0.01,0,3.68,3261406,1642182612.8624,0
729.06,3.03,0.01,0,3.68,3261418,1642182612.87453,0
729.06,3.03,0.01,0,3.68,3261431,1642182612.88582,0
729.06,3.03,0.01,0,3.68,3261444,1642182612.89963,0
729.06,3.03,0.01,0,3.68,3261456,1642182612.9117,0
729.06,3.03,0.01,0,3.68,3261468,1642182612.92325,0
729.06,3.03,0.01,0,3.68,3261481,1642182612.93566,0
729.06,3.03,0.01,0,3.68,3261494,1642182612.9483,0
729.06,3.03,0.01,0,3.68,3261506,1642182612.96947,0
729.06,3.03,0.01,0,3.68,3261518,1642182612.97552,0
729.06,3.03,0.01,0,3.68,3261532,1642182612.98533,0
729.06,3.03,0.01,0,3.68,3261544,1642182612.99838,0
729.06,3.03,0.01,0,3.68,3261556,1642182613.00901,0
729.06,3.03,0.01,0,3.68,3261569,1642182613.02204,0
729.06,3.03,0.01,0,3.68,3261582,1642182613.03761,0
729.06,3.03,0.01,0,3.68,3261594,1642182613.05031,0
729.06,3.03,0.01,0,3.68,3261606,1642182613.06316,0
729.06,3.03,0.01,0,3.68,3261619,1642182613.08371,0
729.06,3.03,0.01,0,3.68,3261632,1642182613.09316,0
729.06,3.03,0.01,0,3.68,3261644,1642182613.1003,0
729.06,3.03,0.01,0,3.68,3261657,1642182613.11154,0
729.06,3.03,0.01,0,3.68,3261669,1642182613.12374,0
729.06,3.03,0.01,0,3.68,3261682,1642182613.13611,0
729.06,3.03,0.01,0,3.68,3261694,1642182613.14838,0
729.06,3.03,0.01,0,3.68,3261707,1642182613.16092,0
729.06,3.03,0.01,0,3.68,3261719,1642182613.17272,0
729.06,3.03,0.01,0,3.68,3261732,1642182613.18524,0
729.06,3.03,0.01,0,3.68,3261745,1642182613.19757,0
729.06,3.03,0.01,0,3.68,3261757,1642182613.21028,0
729.06,3.03,0.01,0,3.68,3261769,1642182613.22591,0
729.06,3.03,0.01,0,3.68,3261783,1642182613.23824,0
729.06,3.03,0.01,0,3.68,3261795,1642182613.25142,0
729.06,3.03,0.01,0,3.68,3261807,1642182613.26298,0
729.06,3.03,0.01,0,3.68,3261819,1642182613.27513,0
729.06,3.03,0.01,0,3.68,3261833,1642182613.28737,0
729.06,3.03,0.01,0,3.68,3261845,1642182613.29966,0
729.06,3.03,0.01,0,3.68,3261857,1642182613.31174,0
729.06,3.03,0.01,0,3.68,3261870,1642182613.32451,0
729.06,3.03,0.01,0,3.68,3261883,1642182613.33616,0
729.06,3.03,0.01,0,3.68,3261895,1642182613.34882,0
729.06,3.03,0.01,0,3.68,3261907,1642182613.36155,0
729.06,3.03,0.01,0,3.68,3261920,1642182613.37337,0
729.06,3.03,0.01,0,3.68,3261933,1642182613.38664,0
729.06,3.03,0.01,0,3.68,3261945,1642182613.39901,0
729.06,3.03,0.01,0,3.68,3261958,1642182613.41452,0
729.06,3.03,0.01,0,3.68,3261970,1642182613.4281,0
729.06,3.03,0.01,0,3.68,3261983,1642182613.43984,0
729.06,3.03,0.01,0,3.68,3261996,1642182613.45198,0
729.06,3.03,0.01,0,3.68,3262008,1642182613.464,0
729.06,3.03,0.01,0,3.68,3262020,1642182613.47634,0
729.06,3.03,0.01,0,3.68,3262033,1642182613.48902,0
729.06,3.03,0.01,0,3.68,3262046,1642182613.50001,0
729.06,3.03,0.01,0,3.67,3262058,1642182613.51359,0
729.06,3.03,0.01,0,3.67,3262071,1642182613.52506,0
729.06,3.03,0.01,0,3.67,3262084,1642182613.53724,0
729.06,3.03,0.01,0,3.67,3262096,1642182613.55006,0
729.06,3.03,0.01,0,3.67,3262109,1642182613.56194,0
729.06,3.03,0.01,0,3.67,3262121,1642182613.57805,0
729.06,3.03,0.01,0,3.67,3262135,1642182613.59057,0
729.06,3.03,0.01,0,3.67,3262147,1642182613.60895,0
729.06,3.03,0.01,0,3.67,3262159,1642182613.61864,0
729.06,3.03,0.01,0,3.67,3262173,1642182613.63013,0
729.06,3.03,0.01,0,3.67,3262185,1642182613.64004,0
729.06,3.03,0.01,0,3.67,3262197,1642182613.65222,0
729.06,3.03,0.01,0,3.67,3262211,1642182613.66481,0
729.06,3.03,0.01,0,3.67,3262223,1642182613.67731,0
729.06,3.03,0.01,0,3.67,3262236,1642182613.68971,0
729.06,3.03,0.01,0,3.67,3262248,1642182613.70544,0
729.06,3.03,0.01,0,3.67,3262261,1642182613.72373,0
729.06,3.03,0.01,0,3.67,3262274,1642182613.73749,0
729.06,3.03,0.01,0,3.67,3262286,1642182613.74373,0
729.06,3.03,0.01,0,3.67,3262299,1642182613.75441,0
729.06,3.03,0.01,0,3.67,3262312,1642182613.76644,0
729.06,3.03,0.01,0,3.67,3262324,1642182613.77924,0
729.06,3.03,0.01,0,3.67,3262337,1642182613.7916,0
729.06,3.03,0.01,0,3.67,3262350,1642182613.80396,0
729.06,3.03,0.01,0,3.67,3262362,1642182613.81617,0
729.06,3.03,0.01,0,3.67,3262375,1642182613.82919,0
729.06,3.03,0.01,0,3.67,3262388,1642182613.84474,0
729.06,3.03,0.01,0,3.67,3262400,1642182613.85737,0
729.06,3.03,0.01,0,3.67,3262413,1642182613.86953,0
729.06,3.03,0.01,0,3.67,3262426,1642182613.88315,0
729.06,3.03,0.01,0,3.67,3262438,1642182613.89497,0
729.06,3.03,0.01,0,3.67,3262451,1642182613.90642,0
729.06,3.03,0.01,0,3.67,3262464,1642182613.92135,0
729.06,3.03,0.01,0,3.67,3262476,1642182613.93141,0
729.06,3.03,0.01,0,3.67,3262489,1642182613.94387,0
729.06,3.03,0.01,0,3.67,3262501,1642182613.95608,0
729.06,3.03,0.01,0,3.67,3262514,1642182613.97212,0
729.06,3.03,0.01,0,3.67,3262527,1642182613.98457,0
729.06,3.03,0.01,0,3.67,3262539,1642182613.99691,0
729.06,3.03,0.01,0,3.67,3262553,1642182614.00948,0
729.06,3.03,0.01,0,3.67,3262565,1642182614.02251,0
729.06,3.03,0.01,0,3.67,3262577,1642182614.03268,0
729.06,3.03,0.01,0,3.67,3262590,1642182614.04534,0
729.06,3.03,0.01,0,3.67,3262603,1642182614.0574,0
729.06,3.03,0.01,0,3.67,3262615,1642182614.07008,0
729.06,3.03,0.01,0,3.67,3262628,1642182614.08269,0
729.06,3.03,0.01,0,3.67,3262641,1642182614.10642,0
729.06,3.03,0.01,0,3.67,3262653,1642182614.11401,0
729.06,3.03,0.01,0,3.67,3262666,1642182614.12309,0
729.06,3.03,0.01,0,3.67,3262679,1642182614.13616,0
729.06,3.03,0.01,0,3.67,3262691,1642182614.14737,0
729.06,3.03,0.01,0,3.67,3262704,1642182614.15957,0
729.06,3.03,0.01,0,3.67,3262716,1642182614.1721,0
729.06,3.03,0.01,0,3.67,3262729,1642182614.18445,0
729.06,3.03,0.01,0,3.67,3262742,1642182614.19675,0
729.06,3.03,0.01,0,3.67,3262754,1642182614.20908,0
729.06,3.03,0.01,0,3.67,3262768,1642182614.22175,0
729.06,3.03,0.01,0,3.67,3262780,1642182614.23867,0
729.06,3.03,0.01,0,3.67,3262792,1642182614.24956,0
729.06,3.03,0.01,0,3.67,3262806,1642182614.26194,0
729.06,3.03,0.01,0,3.67,3262818,1642182614.27454,0
729.06,3.03,0.01,0,3.67,3262830,1642182614.28717,0
729.06,3.03,0.01,0,3.67,3262843,1642182614.29979,0
729.06,3.03,0.01,0,3.67,3262856,1642182614.31226,0
729.06,3.03,0.01,0,3.67,3262869,1642182614.32467,0
729.06,3.03,0.01,0,3.67,3262881,1642182614.33572,0
729.06,3.03,0.01,0,3.67,3262894,1642182614.34848,0
729.06,3.03,0.01,0,3.67,3262907,1642182614.36076,0
729.06,3.03,0.01,0,3.67,3262919,1642182614.37662,0
729.06,3.03,0.01,0,3.67,3262931,1642182614.38922,0
729.06,3.03,0.01,0,3.67,3262945,1642182614.40146,0
729.06,3.03,0.01,0,3.67,3262957,1642182614.41338,0
729.06,3.03,0.01,0,3.67,3262969,1642182614.4259,0
729.06,3.03,0.01,0,3.67,3262983,1642182614.43819,0
729.06,3.03,0.01,0,3.67,3262995,1642182614.45116,0
729.06,3.03,0.01,0,3.67,3263008,1642182614.46323,0
729.06,3.03,0.01,0,3.67,3263021,1642182614.47581,0
729.06,3.03,0.01,0,3.67,3263033,1642182614.48884,0
729.06,3.03,0.01,0,3.67,3263046,1642182614.49956,0
729.06,3.03,0.01,0,3.67,3263058,1642182614.51734,0
729.06,3.03,0.01,0,3.67,3263071,1642182614.52937,0
729.06,3.03,0.01,0,3.67,3263084,1642182614.54116,0
729.06,3.03,0.01,0,3.67,3263096,1642182614.55351,0
729.06,3.03,0.01,0,3.67,3263109,1642182614.56597,0
729.06,3.03,0.01,0,3.67,3263122,1642182614.57753,0
729.06,3.03,0.01,0,3.67,3263134,1642182614.59007,0
729.06,3.03,0.01,0,3.67,3263147,1642182614.60233,0
729.06,3.03,0.01,0,3.67,3263160,1642182614.61578,0
729.06,3.03,0.01,0,3.67,3263172,1642182614.62805,0
729.06,3.03,0.01,0,3.67,3263184,1642182614.63988,0
729.06,3.03,0.01,0,3.67,3263198,1642182614.65549,0
729.06,3.03,0.01,0,3.67,3263210,1642182614.66809,0
729.06,3.03,0.01,0,3.67,3263222,1642182614.68038,0
729.06,3.03,0.01,0,3.67,3263236,1642182614.69271,0
729.06,3.03,0.01,0,3.67,3263248,1642182614.70527,0
729.06,3.03,0.01,0,3.67,3263260,1642182614.71678,0
729.06,3.03,0.01,0,3.67,3263273,1642182614.72971,0
729.06,3.03,0.01,0,3.67,3263286,1642182614.74129,0
729.06,3.03,0.01,0,3.67,3263298,1642182614.75446,0
729.06,3.03,0.01,0,3.67,3263311,1642182614.7659,0
729.06,3.03,0.01,0,3.67,3263324,1642182614.7789,0
729.06,3.03,0.01,0,3.67,3263336,1642182614.79555,0
729.06,3.03,0.01,0,3.67,3263349,1642182614.80663,0
729.06,3.03,0.01,0,3.65,3263362,1642182614.8191,0
729.06,3.03,0.01,0,3.65,3263375,1642182614.83132,0
729.06,3.03,0.01,0,3.63,3263387,1642182614.84439,0
729.06,3.03,0.01,0,3.62,3263400,1642182614.85642,0
729.06,3.03,0.01,0,3.57,3263413,1642182614.86896,0
729.06,3.03,0.01,0,3.52,3263426,1642182614.88111,0
729.06,3.03,0.01,0,3.43,3263438,1642182614.89792,0
729.06,3.03,0.01,0,3.35,3263452,1642182614.91004,0
729.06,3.03,0.01,0,3.23,3263464,1642182614.92379,0
729.06,3.03,0.01,0,3.12,3263476,1642182614.93598,0
729.06,3.03,0.01,0,2.98,3263490,1642182614.94696,0
729.06,3.03,0.01,0,2.83,3263502,1642182614.95947,0
729.06,3.03,0.01,0,2.7,3263515,1642182614.97176,0
729.06,3.03,0.01,0,2.55,3263527,1642182614.98423,0
729.06,3.03,0.01,0,2.42,3263541,1642182614.99557,0
729.06,3.03,0.01,0,2.3,3263553,1642182615.01317,0
729.06,3.03,0.01,0,2.17,3263565,1642182615.0248,0
729.06,3.03,0.01,0,2.07,3263579,1642182615.03699,0
729.06,3.03,0.01,0,1.97,3263591,1642182615.04935,0
729.06,3.03,0.01,0,1.88,3263603,1642182615.06172,0
729.06,3.03,0.01,0,1.82,3263617,1642182615.07666,0
729.06,3.03,0.01,0,1.77,3263629,1642182615.08703,0
729.06,3.03,0.01,0,1.73,3263642,1642182615.09896,0
729.06,3.03,0.01,0,1.68,3263654,1642182615.11101,0
729.06,3.03,0.01,0,1.65,3263667,1642182615.12359,0
729.06,3.03,0.01,0,1.63,3263680,1642182615.13913,0
729.06,3.03,0.01,0,1.6,3263692,1642182615.15156,0
729.06,3.03,0.01,0,1.57,3263706,1642182615.16412,0
729.06,3.03,0.01,0,1.55,3263718,1642182615.17669,0
729.06,3.03,0.01,0,1.52,3263731,1642182615.1892,0
729.06,3.03,0.01,0,1.48,3263744,1642182615.20158,0
729.06,3.03,0.01,0,1.45,3263756,1642182615.21302,0
729.06,3.03,0.01,0,1.42,3263769,1642182615.22506,0
729.06,3.03,0.01,0,1.38,3263781,1642182615.23753,0
729.06,3.03,0.01,0,1.37,3263795,1642182615.25427,0
729.06,3.03,0.01,0,1.33,3263807,1642182615.26555,0
729.06,3.03,0.01,0,1.32,3263820,1642182615.27805,0
729.06,3.03,0.01,0,1.3,3263833,1642182615.29027,0
729.06,3.03,0.01,0,1.28,3263845,1642182615.30254,0
729.06,3.03,0.01,0,1.28,3263858,1642182615.31465,0
729.06,3.03,0.01,0,1.28,3263870,1642182615.3273,0
729.06,3.03,0.01,0,1.27,3263883,1642182615.33962,0
729.06,3.03,0.01,0,1.27,3263896,1642182615.35208,0
729.06,3.03,0.01,0,1.27,3263908,1642182615.36458,0
729.06,3.03,0.01,0,1.27,3263921,1642182615.37695,0
729.06,3.03,0.01,0,1.25,3263934,1642182615.39278,0
729.06,3.03,0.01,0,1.23,3263946,1642182615.40636,0
729.06,3.03,0.01,0,1.2,3263960,1642182615.41703,0
729.06,3.03,0.01,0,1.15,3263972,1642182615.4301,0
729.06,3.03,0.01,0,1.1,3263984,1642182615.44207,0
729.06,3.03,0.01,0,1.03,3263997,1642182615.45412,0
729.06,3.03,0.01,0,0.97,3264010,1642182615.46653,0
729.06,3.03,0.01,0,0.88,3264023,1642182615.47892,0
729.06,3.03,0.01,0,0.8,3264035,1642182615.49137,0
729.06,3.03,0.01,0,0.72,3264048,1642182615.50868,0
729.06,3.03,0.01,0,0.63,3264061,1642182615.51971,0
729.06,3.03,0.01,0,0.57,3264073,1642182615.53254,0
729.06,3.03,0.01,0,0.5,3264087,1642182615.54504,0
729.06,3.03,0.01,0,0.43,3264099,1642182615.5572,0
729.06,3.03,0.01,0,0.37,3264112,1642182615.56969,0
729.06,3.03,0.01,0,0.3,3264124,1642182615.58106,0
729.06,3.03,0.01,0,0.22,3264137,1642182615.60014,0
729.06,3.03,0.01,0,0.13,3264150,1642182615.61533,0
729.06,3.03,0.01,0,0.07,3264162,1642182615.62472,0
729.06,3.03,0.01,0,0,3264175,1642182615.63427,0
729.06,3.03,0.01,0,-0.05,3264188,1642182615.64657,0
729.06,3.03,0.01,0,-0.1,3264200,1642182615.65979,0
729.06,3.03,0.01,0,-0.13,3264212,1642182615.67223,0
729.06,3.03,0.01,0,-0.17,3264226,1642182615.68348,0
729.06,3.03,0.01,0,-0.2,3264238,1642182615.69637,0
729.06,3.03,0.01,0,-0.22,3264251,1642182615.70839,0
729.06,3.03,0.01,0,-0.23,3264264,1642182615.72058,0
729.06,3.03,0.01,0,-0.25,3264277,1642182615.73312,0
729.06,3.03,0.01,0,-0.27,3264289,1642182615.74919,0
729.06,3.03,0.01,0,-0.27,3264302,1642182615.76181,0
729.06,3.03,0.01,0,-0.27,3264315,1642182615.7741,0
729.06,3.03,0.01,0,-0.28,3264327,1642182615.78651,0
729.06,3.03,0.01,0,-0.28,3264340,1642182615.8017,0
729.06,3.03,0.01,0,-0.28,3264354,1642182615.8178,0
729.06,3.03,0.01,0,-0.3,3264366,1642182615.82446,0
729.06,3.03,0.01,0,-0.3,3264378,1642182615.83534,0
729.06,3.03,0.01,0,-0.3,3264392,1642182615.85187,0
729.06,3.03,0.01,0,-0.32,3264404,1642182615.86403,0
729.06,3.03,0.01,0,-0.32,3264416,1642182615.87614,0
729.06,3.03,0.01,0,-0.33,3264430,1642182615.88874,0
729.06,3.03,0.01,0,-0.37,3264442,1642182615.90088,0
729.06,3.03,0.01,0,-0.42,3264454,1642182615.91336,0
729.06,3.03,0.01,0,-0.47,3264467,1642182615.92531,0
729.06,3.03,0.01,0,-0.52,3264480,1642182615.93771,0
729.06,3.03,0.01,0,-0.57,3264493,1642182615.9501,0
729.06,3.03,0.01,0,-0.6,3264505,1642182615.96249,0
729.06,3.03,0.01,0,-0.67,3264519,1642182615.97842,0
729.06,3.03,0.01,0,-0.73,3264531,1642182615.99094,0
729.06,3.03,0.01,0,-0.8,3264543,1642182616.00345,0
729.06,3.03,0.01,0,-0.87,3264557,1642182616.01557,0
729.06,3.03,0.01,0,-0.97,3264569,1642182616.0289,0
729.06,3.03,0.01,0,-1.05,3264582,1642182616.03979,0
729.06,3.03,0.01,0,-1.17,3264594,1642182616.05249,0
729.06,3.03,0.01,0,-1.27,3264608,1642182616.06485,0
729.06,3.03,0.01,0,-1.37,3264620,1642182616.07707,0
729.06,3.03,0.01,0,-1.48,3264632,1642182616.09274,0
729.06,3.03,0.01,0,-1.57,3264646,1642182616.11286,0
729.06,3.03,0.01,0,-1.65,3264658,1642182616.12727,0
729.06,3.03,0.01,0,-1.73,3264671,1642182616.1347,0
729.06,3.03,0.01,0,-1.78,3264684,1642182616.14342,0
729.06,3.03,0.01,0,-1.83,3264697,1642182616.1555,0
729.06,3.03,0.01,0,-1.88,3264709,1642182616.1667,0
729.06,3.03,0.01,0,-1.92,3264721,1642182616.17936,0
729.06,3.03,0.01,0,-1.97,3264735,1642182616.19163,0
729.06,3.03,0.01,0,-2,3264747,1642182616.20741,0
729.06,3.03,0.01,0,-2.05,3264759,1642182616.22204,0
729.06,3.03,0.01,0,-2.12,3264773,1642182616.2341,0
729.06,3.03,0.01,0,-2.15,3264785,1642182616.25049,0
729.06,3.03,0.01,0,-2.2,3264798,1642182616.25909,0
729.06,3.03,0.01,0,-2.25,3264811,1642182616.26961,0
729.06,3.03,0.01,0,-2.3,3264824,1642182616.28151,0
729.06,3.03,0.01,0,-2.35,3264836,1642182616.29388,0
729.06,3.03,0.01,0,-2.4,3264849,1642182616.30588,0
729.06,3.03,0.01,0,-2.43,3264862,1642182616.32199,0
729.06,3.03,0.01,-0.01,-2.48,3264875,1642182616.33555,0
729.06,3.03,0.01,0,-2.53,3264887,1642182616.34683,0
729.06,3.03,0.01,0,-2.58,3264901,1642182616.36016,0
729.06,3.03,0.01,0,-2.62,3264913,1642182616.37654,0
729.06,3.03,0.01,-0.01,-2.67,3264926,1642182616.38457,0
729.06,3.03,0.01,0,-2.72,3264939,1642182616.39696,0
729.06,3.03,0.01,0,-2.78,3264952,1642182616.41143,0
729.06,3.03,0.01,0,-2.83,3264964,1642182616.42461,0
729.06,3.03,0.01,0,-2.92,3264977,1642182616.43745,0
729.06,3.03,0.01,0,-2.98,3264990,1642182616.4498,0
729.06,3.03,0.01,0,-3.07,3265002,1642182616.4625,0
729.06,3.03,0.01,0,-3.15,3265015,1642182616.4737,0
729.06,3.03,0.01,0,-3.23,3265028,1642182616.48601,0
729.06,3.03,0.01,0,-3.3,3265041,1642182616.49855,0
729.06,3.03,0.01,0,-3.37,3265053,1642182616.5108,0
729.06,3.03,0.01,0,-3.43,3265067,1642182616.52828,0
729.06,3.03,0.01,0,-3.5,3265079,1642182616.53933,0
729.06,3.03,0.01,0,-3.58,3265092,1642182616.5523,0
729.06,3.03,0.01,0,-3.67,3265104,1642182616.57021,0
729.06,3.03,0.01,0,-3.78,3265117,1642182616.58298,0
729.06,3.03,0.01,0,-3.92,3265130,1642182616.5924,0
729.06,3.03,0.01,0,-4.05,3265142,1642182616.602,0
729.06,3.03,0.01,0,-4.2,3265156,1642182616.61353,0
729.06,3.03,0.01,0,-4.35,3265168,1642182616.62613,0
729.06,3.03,0.01,0,-4.48,3265181,1642182616.64289,0
729.06,3.03,0.01,0,-4.6,3265193,1642182616.65434,0
729.06,3.03,0.01,0,-4.7,3265207,1642182616.66699,0
729.06,3.03,0.01,0,-4.82,3265219,1642182616.67968,0
729.06,3.03,0.01,0,-4.95,3265232,1642182616.69106,0
729.06,3.03,0.01,0,-5.08,3265245,1642182616.70428,0
729.06,3.03,0.01,0,-5.23,3265257,1642182616.7164,0
729.06,3.03,0.01,0,-5.38,3265270,1642182616.72871,0
729.06,3.03,0.01,0,-5.52,3265283,1642182616.74282,0
729.06,3.03,0.01,0,-5.65,3265296,1642182616.76037,0
729.06,3.03,0.01,0,-5.77,3265308,1642182616.77103,0
729.06,3.03,0.01,0,-5.87,3265321,1642182616.78118,0
729.06,3.03,0.01,0,-5.97,3265334,1642182616.79347,0
729.06,3.03,0.01,0,-6.07,3265346,1642182616.80659,0
729.06,3.03,0.01,0,-6.17,3265359,1642182616.818,0
729.06,3.03,0.01,0,-6.28,3265372,1642182616.83091,0
729.06,3.03,0.01,0,-6.43,3265385,1642182616.84369,0
729.06,3.03,0.01,0,-6.58,3265397,1642182616.85941,0
729.06,3.03,0.01,0,-6.73,3265411,1642182616.87128,0
729.06,3.03,0.01,0,-6.88,3265423,1642182616.88341,0
729.06,3.03,0.01,0,-7.05,3265436,1642182616.89648,0
729.06,3.03,0.01,0,-7.2,3265448,1642182616.90836,0
729.06,3.03,0.01,0,-7.37,3265462,1642182616.9208,0
729.06,3.03,0.01,0,-7.52,3265474,1642182616.93326,0
729.06,3.03,0.01,0,-7.68,3265486,1642182616.94577,0
729.06,3.03,0.01,0,-7.85,3265500,1642182616.95841,0
729.06,3.03,0.01,0,-8.02,3265512,1642182616.9737,0
729.06,3.03,0.01,0,-8.17,3265525,1642182616.98589,0
729.06,3.03,0.01,0,-8.32,3265538,1642182616.99808,0
729.06,3.03,0.01,0,-8.45,3265551,1642182617.01054,0
729.06,3.03,0.01,0,-8.6,3265563,1642182617.03174,0
729.06,3.03,0.01,0,-8.75,3265575,1642182617.04198,0
729.06,3.03,0.01,0,-8.88,3265589,1642182617.04952,0
729.06,3.03,0.01,0,-9.02,3265601,1642182617.06065,0
729.06,3.03,0.01,0,-9.13,3265614,1642182617.07706,0
729.06,3.03,0.01,0,-9.25,3265627,1642182617.09682,0
729.06,3.03,0.01,0,-9.35,3265640,1642182617.10342,0
729.06,3.03,0.01,0,-9.47,3265652,1642182617.11317,0
729.06,3.03,0.01,0,-9.58,3265666,1642182617.12534,0
729.06,3.03,0.01,0,-9.72,3265678,1642182617.13764,0
729.06,3.03,0.01,0,-9.85,3265691,1642182617.14992,0
729.06,3.03,0.01,0,-9.98,3265703,1642182617.16243,0
729.06,3.03,0.01,0,-10.12,3265717,1642182617.17501,0
729.06,3.03,0.01,0,-10.25,3265729,1642182617.19064,0
729.06,3.03,0.01,0,-10.42,3265742,1642182617.20399,0
729.06,3.03,0.01,0,-10.57,3265755,1642182617.21623,0
729.06,3.03,0.01,0,-10.7,3265768,1642182617.2292,0
729.06,3.03,0.01,0,-10.83,3265781,1642182617.23995,0
729.06,3.03,0.01,0,-10.97,3265794,1642182617.25205,0
729.06,3.03,0.01,0,-11.1,3265807,1642182617.26912,0
729.06,3.03,0.01,0,-11.23,3265819,1642182617.28132,0
729.06,3.03,0.01,0,-11.38,3265832,1642182617.29368,0
729.06,3.03,0.01,0,-11.52,3265845,1642182617.30589,0
729.06,3.03,0.01,0,-11.65,3265858,1642182617.31817,0
729.06,3.03,0.01,0,-11.77,3265871,1642182617.33046,0
729.06,3.03,0.01,0,-11.88,3265884,1642182617.34314,0
729.06,3.03,0.01,0,-12,3265897,1642182617.35895,0
729.06,3.03,0.01,0,-12.1,3265909,1642182617.371,0
729.06,3.03,0.01,0,-12.22,3265923,1642182617.38345,0
729.06,3.03,0.01,0,-12.33,3265936,1642182617.39607,0
729.06,3.03,0.01,0,-12.43,3265948,1642182617.40874,0
729.06,3.03,0.01,0,-12.53,3265961,1642182617.42162,0
729.06,3.03,0.01,0,-12.65,3265974,1642182617.43334,0
729.06,3.03,0.01,0,-12.75,3265987,1642182617.44938,0
729.06,3.03,0.01,0,-12.85,3265999,1642182617.46206,0
729.06,3.03,0.01,0,-12.93,3266013,1642182617.47345,0
729.06,3.03,0.01,0,-13.03,3266026,1642182617.48632,0
729.06,3.03,0.01,0,-13.12,3266038,1642182617.49851,0
729.06,3.03,0.01,0,-13.22,3266052,1642182617.51074,0
729.06,3.03,0.01,0,-13.3,3266064,1642182617.52694,0
729.06,3.03,0.01,0,-13.38,3266077,1642182617.53927,0
729.06,3.03,0.01,0,-13.47,3266089,1642182617.55172,0
729.06,3.03,0.01,0,-13.53,3266103,1642182617.56421,0
729.06,3.03,0.01,0,-13.62,3266116,1642182617.57634,0
729.06,3.03,0.01,0,-13.7,3266128,1642182617.58866,0
729.06,3.03,0.01,0,-13.78,3266142,1642182617.60081,0
729.06,3.03,0.01,0,-13.87,3266154,1642182617.61694,0
729.06,3.03,0.01,0,-13.95,3266167,1642182617.6297,0
729.06,3.03,0.01,0,-14.03,3266180,1642182617.64144,0
729.06,3.03,0.01,0,-14.13,3266193,1642182617.65389,0
729.06,3.03,0.01,0,-14.23,3266205,1642182617.66638,0
729.06,3.03,0.01,0,-14.32,3266219,1642182617.6788,0
729.06,3.03,0.01,0,-14.42,3266232,1642182617.69641,0
729.06,3.03,0.01,0,-14.5,3266244,1642182617.71074,0
729.06,3.03,0.01,0,-14.58,3266257,1642182617.72016,0
729.06,3.03,0.01,0,-14.65,3266270,1642182617.73123,0
729.06,3.03,0.01,0,-14.73,3266283,1642182617.74364,0
729.06,3.03,0.01,0,-14.8,3266295,1642182617.75609,0
729.06,3.03,0.01,0,-14.87,3266309,1642182617.76865,0
729.06,3.03,0.01,0,-14.93,3266321,1642182617.78087,0
729.06,3.03,0.01,0,-14.98,3266334,1642182617.79322,0
729.06,3.03,0.01,0,-15.05,3266347,1642182617.8095,0
729.06,3.03,0.01,0,-15.08,3266360,1642182617.82193,0
729.06,3.03,0.01,0,-15.13,3266372,1642182617.8347,0
729.06,3.03,0.01,0,-15.18,3266385,1642182617.84605,0
729.06,3.03,0.01,0,-15.25,3266399,1642182617.85866,0
729.06,3.03,0.01,0,-15.3,3266411,1642182617.87107,0
729.06,3.03,0.01,0,-15.35,3266424,1642182617.88686,0
729.06,3.03,0.01,0,-15.42,3266437,1642182617.8992,0
729.06,3.03,0.01,0,-15.5,3266450,1642182617.91165,0
729.06,3.03,0.01,0,-15.58,3266462,1642182617.9243,0
729.06,3.03,0.01,0,-15.68,3266476,1642182617.93671,0
729.06,3.03,0.01,0,-15.8,3266488,1642182617.94906,0
729.06,3.03,0.01,0,-15.93,3266501,1642182617.96132,0
729.06,3.03,0.01,0,-16.07,3266514,1642182617.97791,0
729.06,3.03,0.01,0,-16.2,3266527,1642182617.98977,0
729.06,3.03,0.01,0,-16.33,3266540,1642182618.00204,0
729.06,3.03,0.01,0,-16.48,3266552,1642182618.01503,0
729.06,3.03,0.01,0,-16.6,3266566,1642182618.02672,0
729.06,3.03,0.01,0,-16.73,3266579,1642182618.0395,0
729.06,3.03,0.01,0,-16.85,3266591,1642182618.05165,0
729.06,3.03,0.01,0,-16.95,3266605,1642182618.06755,0
729.06,3.03,0.01,0,-17.07,3266617,1642182618.08,0
729.06,3.03,0.01,0,-17.18,3266630,1642182618.09285,0
729.06,3.03,0.01,0,-17.28,3266642,1642182618.10485,0
729.06,3.03,0.01,0,-17.4,3266656,1642182618.11626,0
729.06,3.03,0.01,0,-17.5,3266668,1642182618.12943,0
729.06,3.03,0.01,0,-17.6,3266681,1642182618.14204,0
729.06,3.03,0.01,0,-17.7,3266695,1642182618.15788,0
729.06,3.03,0.01,0,-17.8,3266707,1642182618.16982,0
729.06,3.03,0.01,0,-17.88,3266720,1642182618.18233,0
729.06,3.03,0.01,0,-17.97,3266733,1642182618.19486,0
729.06,3.03,0.01,0,-18.05,3266746,1642182618.20672,0
729.06,3.03,0.01,0,-18.13,3266758,1642182618.21901,0
729.06,3.03,0.01,0,-18.22,3266771,1642182618.2316,0
729.06,3.03,0.01,0,-18.32,3266785,1642182618.24732,0
729.06,3.03,0.01,0,-18.42,3266797,1642182618.25963,0
729.06,3.03,0.01,0,-18.52,3266810,1642182618.27213,0
729.06,3.03,0.01,0,-18.63,3266823,1642182618.28483,0
729.06,3.03,0.01,0,-18.75,3266836,1642182618.30507,0
729.06,3.03,0.01,0,-18.85,3266849,1642182618.31179,0
729.06,3.03,0.01,0,-18.97,3266862,1642182618.32571,0
729.06,3.03,0.01,0,-19.1,3266875,1642182618.33804,0
729.06,3.03,0.01,-0.01,-19.2,3266888,1642182618.35052,0
729.06,3.03,0.01,0,-19.32,3266900,1642182618.36281,0
729.06,3.03,0.01,0,-19.43,3266914,1642182618.3752,0
729.06,3.03,0.01,0,-19.55,3266927,1642182618.38657,0
729.06,3.03,0.01,0,-19.68,3266939,1642182618.40351,0
729.06,3.03,0.01,0,-19.78,3266953,1642182618.41539,0
729.06,3.03,0.01,0,-19.9,3266965,1642182618.42821,0
729.06,3.03,0.01,0,-20.02,3266978,1642182618.44007,0
729.06,3.03,0.01,0,-20.12,3266992,1642182618.45209,0
729.06,3.03,0.01,-0.01,-20.22,3267004,1642182618.46486,0
729.06,3.03,0.01,0,-20.32,3267017,1642182618.4808,0
729.06,3.03,0.01,0,-20.42,3267031,1642182618.49311,0
729.06,3.03,0.01,0,-20.52,3267043,1642182618.50534,0
729.06,3.03,0.01,0,-20.6,3267056,1642182618.51759,0
729.06,3.03,0.01,0,-20.7,3267068,1642182618.53007,0
729.06,3.03,0.01,0,-20.78,3267082,1642182618.54285,0
729.06,3.03,0.01,0,-20.88,3267095,1642182618.55514,0
729.06,3.03,0.01,0,-20.97,3267107,1642182618.57103,0
729.06,3.03,0.01,-0.01,-21.07,3267121,1642182618.58341,0
729.06,3.03,0.01,0,-21.18,3267134,1642182618.59606,0
729.06,3.03,0.01,0,-21.28,3267146,1642182618.60952,0
729.06,3.03,0.01,0,-21.4,3267160,1642182618.6202,0
729.06,3.03,0.01,0,-21.52,3267172,1642182618.63275,0
729.06,3.03,0.01,0,-21.63,3267185,1642182618.65448,0
729.06,3.03,0.01,0,-21.75,3267198,1642182618.66647,0
729.06,3.03,0.01,0,-21.85,3267211,1642182618.67597,0
729.06,3.03,0.01,0,-21.97,3267224,1642182618.68651,0
729.06,3.03,0.01,-0.01,-22.08,3267237,1642182618.70068,0
729.06,3.03,0.01,0,-22.18,3267250,1642182618.71598,0
729.06,3.03,0.01,0,-22.28,3267263,1642182618.72726,0
729.06,3.03,0.01,0,-22.38,3267276,1642182618.73957,0
729.06,3.03,0.01,0,-22.48,3267289,1642182618.75181,0
729.06,3.03,0.01,0,-22.58,3267302,1642182618.76424,0
729.06,3.03,0.01,0,-22.68,3267315,1642182618.77653,0
729.06,3.03,0.01,0,-22.78,3267328,1642182618.789,0
729.06,3.03,0.01,0,-22.88,3267341,1642182618.80606,0
729.06,3.03,0.01,0,-22.98,3267354,1642182618.81679,0
729.06,3.03,0.01,0,-23.08,3267366,1642182618.82968,0
729.06,3.03,0.01,0,-23.18,3267380,1642182618.84162,0
729.06,3.03,0.01,0,-23.28,3267393,1642182618.85391,0
729.06,3.03,0.01,0,-23.4,3267405,1642182618.86618,0
729.06,3.03,0.01,0,-23.52,3267419,1642182618.88299,0
729.06,3.03,0.01,0,-23.63,3267431,1642182618.89519,0
729.06,3.03,0.01,0,-23.73,3267444,1642182618.90748,0
729.06,3.03,0.01,0,-23.85,3267458,1642182618.91996,0
729.06,3.03,0.01,0,-23.97,3267470,1642182618.93234,0
729.06,3.03,0.01,0,-24.08,3267483,1642182618.94408,0
729.06,3.03,0.01,0,-24.2,3267496,1642182618.96109,0
729.06,3.03,0.01,0,-24.32,3267509,1642182618.97328,0
729.06,3.03,0.01,0,-24.43,3267522,1642182618.98553,0
729.06,3.03,0.01,0,-24.55,3267535,1642182618.99691,0
729.06,3.03,0.01,0,-24.65,3267548,1642182619.00954,0
729.06,3.03,0.01,0,-24.75,3267561,1642182619.02612,0
729.06,3.03,0.01,0,-24.83,3267574,1642182619.03867,0
729.06,3.03,0.01,-0.01,-24.93,3267588,1642182619.05224,0
729.06,3.03,0.01,0,-25.02,3267601,1642182619.06424,0
729.06,3.03,0.01,0,-25.1,3267613,1642182619.07629,0
729.06,3.03,0.01,0,-25.18,3267627,1642182619.09162,0
729.06,3.03,0.01,0,-25.25,3267640,1642182619.10408,0
729.06,3.03,0.01,-0.01,-25.33,3267653,1642182619.11646,0
729.06,3.03,0.01,0,-25.42,3267665,1642182619.12911,0
729.06,3.03,0.01,0,-25.5,3267679,1642182619.14012,0
729.06,3.03,0.01,0,-25.6,3267692,1642182619.15717,0
729.06,3.03,0.01,0,-25.68,3267705,1642182619.16957,0
729.06,3.03,0.01,-0.01,-25.78,3267719,1642182619.18199,0
729.06,3.03,0.01,0,-25.9,3267731,1642182619.19452,0
729.06,3.03,0.01,0,-26,3267744,1642182619.20594,0
729.06,3.03,0.01,0,-26.12,3267758,1642182619.22199,0
729.06,3.03,0.01,-0.01,-26.23,3267771,1642182619.23546,0
729.06,3.03,0.01,0,-26.33,3267784,1642182619.24988,0
729.06,3.03,0.01,0,-26.45,3267798,1642182619.26275,0
729.06,3.03,0.01,0,-26.55,3267811,1642182619.27716,0
729.06,3.03,0.01,-0.01,-26.65,3267824,1642182619.28868,0
729.06,3.03,0.01,-0.01,-26.73,3267837,1642182619.30089,0
729.06,3.03,0.01,0,-26.83,3267850,1642182619.31282,0
729.06,3.03,0.01,0,-26.93,3267863,1642182619.3323,0
729.06,3.03,0.01,0,-27.03,3267876,1642182619.34195,0
729.06,3.03,0.01,-0.01,-27.12,3267890,1642182619.3536,0
729.06,3.03,0.01,0,-27.2,3267903,1642182619.3658,0
729.06,3.03,0.01,0,-27.3,3267916,1642182619.37857,0
729.06,3.03,0.01,0,-27.38,3267929,1642182619.39094,0
729.06,3.03,0.01,-0.01,-27.45,3267943,1642182619.40637,0
729.06,3.03,0.01,0,-27.53,3267955,1642182619.41892,0
729.06,3.03,0.01,0,-27.62,3267969,1642182619.43126,0
729.06,3.03,0.01,0,-27.68,3267982,1642182619.4435,0
729.06,3.03,0.01,0,-27.77,3267995,1642182619.46014,0
729.06,3.03,0.01,-0.01,-27.85,3268008,1642182619.47276,0
729.06,3.03,0.01,0,-27.92,3268021,1642182619.48541,0
729.06,3.03,0.01,-0.01,-27.98,3268034,1642182619.50022,0
729.06,3.03,0.01,0,-28.05,3268047,1642182619.51638,0
729.06,3.03,0.01,0,-28.12,3268061,1642182619.52699,0
729.06,3.03,0.01,-0.01,-28.18,3268074,1642182619.53891,0
729.06,3.03,0.01,-0.01,-28.25,3268087,1642182619.55099,0
729.06,3.03,0.01,-0.01,-28.32,3268101,1642182619.56241,0
729.06,3.03,0.01,0,-28.37,3268113,1642182619.57943,0
729.06,3.03,0.01,-0.01,-28.43,3268127,1642182619.59065,0
729.06,3.03,0.01,-0.01,-28.52,3268140,1642182619.60275,0
729.06,3.03,0.01,-0.01,-28.58,3268153,1642182619.61509,0
729.06,3.03,0.01,0,-28.65,3268166,1642182619.62815,0
729.06,3.03,0.01,0,-28.73,3268179,1642182619.64467,0
729.06,3.03,0.01,0,-28.82,3268193,1642182619.6573,0
729.06,3.03,0.01,-0.01,-28.9,3268206,1642182619.66859,0
729.06,3.03,0.01,0,-28.97,3268218,1642182619.6809,0
729.06,3.03,0.01,0,-29.05,3268232,1642182619.69781,0
729.06,3.03,0.01,0,-29.13,3268245,1642182619.70946,0
729.06,3.03,0.01,0,-29.22,3268258,1642182619.72175,0
729.06,3.03,0.01,-0.01,-29.3,3268272,1642182619.73395,0
729.06,3.03,0.01,0,-29.4,3268284,1642182619.74727,0
729.06,3.03,0.01,0,-29.48,3268297,1642182619.76303,0
729.06,3.03,0.01,0,-29.57,3268311,1642182619.7756,0
729.06,3.03,0.01,-0.01,-29.65,3268324,1642182619.78766,0
729.06,3.03,0.01,0,-29.72,3268337,1642182619.80027,0
729.06,3.03,0.01,-0.01,-29.8,3268350,1642182619.81281,0
729.06,3.03,0.01,0,-29.87,3268364,1642182619.82869,0
729.06,3.03,0.01,0,-29.93,3268376,1642182619.84146,0
729.06,3.03,0.01,-0.01,-29.98,3268390,1642182619.85373,0
729.06,3.03,0.01,-0.01,-30.05,3268403,1642182619.86526,0
729.06,3.03,0.01,-0.01,-30.12,3268416,1642182619.88189,0
729.06,3.03,0.01,0,-30.17,3268429,1642182619.8945,0
729.06,3.03,0.01,-0.01,-30.23,3268443,1642182619.90654,0
729.06,3.03,0.01,-0.01,-30.28,3268456,1642182619.91929,0
729.06,3.03,0.01,-0.01,-30.35,3268469,1642182619.93477,0
729.06,3.03,0.01,-0.01,-30.4,3268483,1642182619.94716,0
729.06,3.03,0.01,0,-30.48,3268496,1642182619.95978,0
729.06,3.03,0.01,-0.01,-30.57,3268509,1642182619.97199,0
729.06,3.03,0.01,0,-30.65,3268523,1642182619.98827,0
729.06,3.03,0.01,-0.01,-30.73,3268536,1642182620.00078,0
729.06,3.03,0.01,0,-30.82,3268549,1642182620.0131,0
729.06,3.03,0.01,0,-30.92,3268562,1642182620.02547,0
729.06,3.03,0.01,0,-31,3268576,1642182620.04197,0
729.06,3.03,0.01,-0.01,-31.08,3268589,1642182620.05427,0
729.06,3.03,0.01,-0.01,-31.17,3268602,1642182620.06671,0
729.06,3.03,0.01,0,-31.25,3268615,1642182620.07823,0
729.06,3.03,0.01,0,-31.33,3268628,1642182620.09073,0
729.06,3.03,0.01,0,-31.42,3268641,1642182620.10794,0
729.06,3.03,0.01,-0.01,-31.5,3268655,1642182620.12485,0
729.06,3.03,0.01,0,-31.57,3268668,1642182620.13902,0
729.06,3.03,0.01,0,-31.65,3268681,1642182620.14608,0
729.06,3.03,0.01,0,-31.72,3268695,1642182620.16086,0
729.06,3.03,0.01,-0.01,-31.8,3268708,1642182620.17294,0
729.06,3.03,0.01,0,-31.87,3268720,1642182620.18534,0
729.06,3.03,0.01,-0.01,-31.95,3268733,1642182620.19839,0
729.06,3.03,0.01,0,-32.03,3268747,1642182620.21756,0
729.06,3.03,0.01,0,-32.12,3268760,1642182620.22699,0
729.06,3.03,0.01,-0.01,-32.2,3268773,1642182620.23896,0
729.06,3.03,0.01,-0.01,-32.3,3268787,1642182620.25113,0
729.06,3.03,0.01,-0.01,-32.38,3268800,1642182620.26327,0
729.06,3.03,0.01,0,-32.45,3268813,1642182620.27913,0
729.06,3.03,0.01,0,-32.53,3268827,1642182620.29168,0
729.06,3.03,0.01,-0.01,-32.62,3268840,1642182620.31018,0
729.06,3.03,0.01,-0.01,-32.68,3268853,1642182620.31784,0
729.06,3.03,0.01,-0.01,-32.75,3268867,1642182620.33268,0
729.06,3.03,0.01,0,-32.82,3268880,1642182620.34569,0
729.06,3.03,0.01,0,-32.87,3268893,1642182620.35684,0
729.06,3.03,0.01,0,-32.93,3268907,1642182620.36999,0
729.06,3.03,0.01,-0.01,-32.98,3268920,1642182620.39529,0
729.06,3.03,0.01,-0.01,-33.05,3268933,1642182620.40101,0
729.06,3.03,0.01,0,-33.1,3268946,1642182620.4142,0
729.06,3.03,0.01,0,-33.17,3268960,1642182620.42479,0
729.06,3.03,0.01,-0.01,-33.22,3268973,1642182620.43872,0
729.06,3.03,0.01,0,-33.28,3268986,1642182620.45082,0
729.06,3.03,0.01,-0.01,-33.33,3268999,1642182620.46415,0
729.06,3.03,0.01,0,-33.38,3269012,1642182620.47559,0
729.06,3.03,0.01,-0.01,-33.43,3269025,1642182620.49907,0
729.06,3.03,0.01,0,-33.5,3269039,1642182620.51062,0
729.06,3.03,0.01,-0.01,-33.55,3269052,1642182620.51856,0
729.06,3.03,0.01,-0.01,-33.62,3269065,1642182620.52985,0
729.06,3.03,0.01,0,-33.68,3269079,1642182620.54673,0
729.06,3.03,0.01,0,-33.73,3269092,1642182620.55818,0
729.06,3.03,0.01,-0.01,-33.8,3269105,1642182620.5706,0
729.06,3.03,0.01,0,-33.87,3269118,1642182620.58206,0
729.06,3.03,0.01,-0.01,-33.93,3269132,1642182620.59427,0
729.06,3.03,0.01,0,-33.98,3269145,1642182620.61032,0
729.06,3.03,0.01,-0.01,-34.05,3269158,1642182620.62288,0
729.06,3.03,0.01,0,-34.12,3269172,1642182620.63589,0
729.06,3.03,0.01,-0.01,-34.17,3269185,1642182620.64819,0
729.06,3.03,0.01,-0.01,-34.25,3269198,1642182620.66424,0
729.06,3.03,0.01,0,-34.32,3269211,1642182620.67669,0
729.06,3.03,0.01,0,-34.38,3269224,1642182620.68895,0
729.06,3.03,0.01,-0.01,-34.47,3269237,1642182620.70123,0
729.06,3.03,0.01,-0.01,-34.53,3269251,1642182620.7239,0
729.06,3.03,0.01,0,-34.58,3269264,1642182620.7376,0
729.06,3.03,0.01,0,-34.65,3269277,1642182620.74367,0
729.06,3.03,0.01,0,-34.7,3269291,1642182620.75465,0
729.06,3.03,0.01,-0.01,-34.75,3269304,1642182620.76683,0
729.06,3.03,0.01,0,-34.8,3269316,1642182620.79014,0
729.06,3.03,0.01,0,-34.87,3269329,1642182620.79732,0
729.06,3.03,0.01,0,-34.93,3269343,1642182620.81079,0
729.06,3.03,0.01,-0.01,-35,3269356,1642182620.82023,0
729.06,3.03,0.01,0,-35.05,3269369,1642182620.83641,0
729.06,3.03,0.01,-0.01,-35.1,3269383,1642182620.84935,0
729.06,3.03,0.01,0,-35.17,3269396,1642182620.86182,0
729.06,3.03,0.01,0,-35.22,3269408,1642182620.87309,0
729.06,3.03,0.01,-0.01,-35.27,3269423,1642182620.8898,0
729.06,3.03,0.01,-0.01,-35.32,3269435,1642182620.902,0
729.06,3.03,0.01,-0.01,-35.37,3269448,1642182620.91429,0
729.06,3.03,0.01,0,-35.42,3269462,1642182620.92693,0
729.06,3.03,0.01,0,-35.45,3269475,1642182620.94171,0
729.06,3.03,0.01,0,-35.5,3269488,1642182620.95522,0
729.06,3.03,0.01,-0.01,-35.55,3269501,1642182620.96755,0
729.06,3.03,0.01,0,-35.58,3269515,1642182620.97964,0
729.06,3.03,0.01,0,-35.63,3269527,1642182620.99175,0
729.06,3.03,0.01,0,-35.67,3269540,1642182621.0089,0
729.06,3.03,0.01,-0.01,-35.72,3269554,1642182621.02039,0
729.06,3.03,0.01,0,-35.75,3269567,1642182621.03305,0
729.06,3.03,0.01,0,-35.78,3269580,1642182621.04558,0
729.06,3.03,0.01,0,-35.82,3269594,1642182621.06211,0
729.06,3.03,0.01,-0.01,-35.85,3269607,1642182621.07978,0
729.06,3.03,0.01,0,-35.88,3269620,1642182621.09268,0
729.06,3.03,0.01,-0.01,-35.92,3269634,1642182621.10265,0
729.06,3.03,0.01,0,-35.95,3269647,1642182621.11238,0
729.06,3.03,0.01,0,-35.98,3269660,1642182621.12756,0
729.06,3.03,0.01,-0.01,-36.02,3269673,1642182621.14004,0
729.06,3.03,0.01,-0.01,-36.05,3269687,1642182621.15152,0
729.06,3.03,0.01,-0.01,-36.07,3269700,1642182621.16397,0
729.06,3.03,0.01,0,-36.12,3269713,1642182621.18013,0
729.06,3.03,0.01,0,-36.15,3269727,1642182621.19285,0
729.06,3.03,0.01,-0.01,-36.18,3269740,1642182621.20537,0
729.06,3.03,0.01,0,-36.23,3269753,1642182621.21781,0
729.06,3.03,0.01,-0.01,-36.27,3269766,1642182621.2333,0
729.06,3.03,0.01,0,-36.32,3269779,1642182621.24567,0
729.06,3.03,0.01,0,-36.37,3269792,1642182621.25786,0
729.06,3.03,0.01,0,-36.4,3269806,1642182621.27048,0
729.06,3.03,0.01,-0.01,-36.45,3269819,1642182621.28646,0
729.06,3.03,0.01,-0.01,-36.5,3269832,1642182621.29916,0
729.06,3.03,0.01,0,-36.55,3269846,1642182621.31142,0
729.06,3.03,0.01,0,-36.6,3269859,1642182621.32383,0
729.06,3.03,0.01,-0.01,-36.65,3269872,1642182621.34055,0
729.06,3.03,0.01,-0.01,-36.7,3269885,1642182621.35277,0
729.06,3.03,0.01,-0.01,-36.78,3269899,1642182621.36477,0
729.06,3.03,0.01,0,-36.85,3269912,1642182621.37703,0
729.06,3.03,0.01,0,-36.92,3269924,1642182621.38941,0
729.06,3.03,0.01,-0.01,-36.98,3269938,1642182621.406,0
729.06,3.03,0.01,0,-37.07,3269951,1642182621.4174,0
729.06,3.03,0.01,-0.01,-37.13,3269964,1642182621.43015,0
729.06,3.03,0.01,0,-37.22,3269978,1642182621.44289,0
729.06,3.03,0.01,0,-37.3,3269991,1642182621.45874,0
729.06,3.03,0.01,0,-37.4,3270004,1642182621.4708,0
729.06,3.03,0.01,-0.01,-37.48,3270018,1642182621.48316,0
729.06,3.03,0.01,0,-37.58,3270030,1642182621.49559,0
729.06,3.03,0.01,0,-37.65,3270043,1642182621.50759,0
729.06,3.03,0.01,0,-37.73,3270056,1642182621.5245,0
729.06,3.03,0.01,-0.01,-37.8,3270070,1642182621.53701,0
729.06,3.03,0.01,-0.01,-37.85,3270083,1642182621.54942,0
729.06,3.03,0.01,0,-37.92,3270096,1642182621.56152,0
729.06,3.03,0.01,0,-37.98,3270109,1642182621.57999,0
729.06,3.03,0.01,0,-38.03,3270122,1642182621.5925,0
729.06,3.03,0.01,-0.01,-38.08,3270135,1642182621.60623,0
729.06,3.03,0.01,-0.01,-38.13,3270149,1642182621.61493,0
729.06,3.03,0.01,0,-38.17,3270162,1642182621.62852,0
729.06,3.03,0.01,0,-38.22,3270175,1642182621.64315,0
729.06,3.03,0.01,-0.01,-38.27,3270189,1642182621.65537,0
729.06,3.03,0.01,0,-38.3,3270202,1642182621.66797,0
729.06,3.03,0.01,-0.01,-38.33,3270215,1642182621.68017,0
729.06,3.03,0.01,0,-38.37,3270228,1642182621.69673,0
729.06,3.03,0.01,0,-38.4,3270242,1642182621.71934,0
729.06,3.03,0.01,0,-38.43,3270255,1642182621.72191,0
729.06,3.03,0.01,-0.01,-38.47,3270267,1642182621.73391,0
729.06,3.03,0.01,-0.01,-38.5,3270281,1642182621.75092,0
729.06,3.03,0.01,0,-38.53,3270294,1642182621.76227,0
729.06,3.03,0.01,0,-38.55,3270307,1642182621.77447,0
729.06,3.03,0.01,0,-38.58,3270321,1642182621.78663,0
729.06,3.03,0.01,-0.01,-38.62,3270334,1642182621.80225,0
729.06,3.03,0.01,0,-38.65,3270346,1642182621.81569,0
729.06,3.03,0.01,0,-38.67,3270360,1642182621.82889,0
729.06,3.03,0.01,0,-38.68,3270373,1642182621.84052,0
729.06,3.03,0.01,-0.01,-38.7,3270386,1642182621.85264,0
729.06,3.03,0.01,0,-38.73,3270400,1642182621.86421,0
729.06,3.03,0.01,0,-38.75,3270413,1642182621.88115,0
729.06,3.03,0.01,0,-38.77,3270426,1642182621.89359,0
729.06,3.03,0.01,0,-38.78,3270438,1642182621.90554,0
729.06,3.03,0.01,-0.01,-38.8,3270452,1642182621.91837,0
729.06,3.03,0.01,-0.01,-38.8,3270465,1642182621.9295,0
729.06,3.03,0.01,0,-38.82,3270477,1642182621.9464,0
729.06,3.03,0.01,0,-38.83,3270491,1642182621.95932,0
729.06,3.03,0.01,0,-38.85,3270504,1642182621.97048,0
729.06,3.03,0.01,0,-38.85,3270516,1642182621.98282,0
729.06,3.03,0.01,0,-38.87,3270530,1642182621.99527,0
729.06,3.03,0.01,0,-38.88,3270542,1642182622.00868,0
729.06,3.03,0.01,0,-38.88,3270555,1642182622.02392,0
729.06,3.03,0.01,0,-38.9,3270568,1642182622.03626,0
729.06,3.03,0.01,0,-38.92,3270581,1642182622.04927,0
729.06,3.03,0.01,0,-38.93,3270594,1642182622.06063,0
729.06,3.03,0.01,0,-38.95,3270606,1642182622.07319,0
729.06,3.03,0.01,0,-38.97,3270620,1642182622.08586,0
729.06,3.03,0.01,0,-38.98,3270633,1642182622.10176,0
729.06,3.03,0.01,0,-38.98,3270645,1642182622.11399,0
729.06,3.03,0.01,0,-39,3270659,1642182622.12683,0
729.06,3.03,0.01,0,-39.02,3270672,1642182622.13915,0
729.06,3.03,0.01,0,-39.03,3270684,1642182622.15151,0
729.06,3.03,0.01,0,-39.05,3270697,1642182622.16378,0
729.06,3.03,0.01,0,-39.07,3270710,1642182622.17598,0
729.06,3.03,0.01,0,-39.08,3270723,1642182622.1919,0
729.06,3.03,0.01,0,-39.1,3270736,1642182622.20463,0
729.06,3.03,0.01,0,-39.13,3270749,1642182622.21648,0
729.06,3.03,0.01,0,-39.15,3270762,1642182622.22918,0
729.06,3.03,0.01,0,-39.17,3270775,1642182622.2415,0
729.06,3.03,0.01,-0.01,-39.18,3270789,1642182622.26294,0
729.06,3.03,0.01,0,-39.2,3270801,1642182622.27552,0
729.06,3.03,0.01,-0.01,-39.22,3270815,1642182622.2819,0
729.06,3.03,0.01,0,-39.23,3270828,1642182622.29434,0
729.06,3.03,0.01,0,-39.25,3270841,1642182622.30626,0
729.06,3.03,0.01,-0.01,-39.27,3270854,1642182622.32291,0
729.06,3.03,0.01,0,-39.3,3270867,1642182622.33493,0
729.06,3.03,0.01,-0.01,-39.32,3270880,1642182622.34712,0
729.06,3.03,0.01,0,-39.33,3270893,1642182622.35964,0
729.06,3.03,0.01,0,-39.35,3270906,1642182622.38324,0
729.06,3.03,0.01,0,-39.37,3270920,1642182622.39702,0
729.06,3.03,0.01,-0.01,-39.38,3270933,1642182622.40637,0
729.06,3.03,0.01,-0.01,-39.4,3270946,1642182622.41481,0
729.06,3.03,0.01,0,-39.42,3270959,1642182622.42616,0
729.06,3.03,0.01,0,-39.45,3270972,1642182622.43817,0
729.06,3.03,0.01,0,-39.47,3270985,1642182622.45354,0
729.06,3.03,0.01,-0.01,-39.5,3270999,1642182622.46592,0
729.06,3.03,0.01,0,-39.52,3271012,1642182622.47854,0
729.06,3.03,0.01,0,-39.55,3271024,1642182622.49079,0
729.06,3.03,0.01,-0.01,-39.58,3271037,1642182622.50752,0
729.06,3.03,0.01,0,-39.62,3271051,1642182622.51987,0
729.06,3.03,0.01,-0.01,-39.65,3271064,1642182622.53228,0
729.06,3.03,0.01,0,-39.68,3271077,1642182622.54463,0
729.06,3.03,0.01,0,-39.73,3271091,1642182622.55604,0
729.06,3.03,0.01,0,-39.78,3271103,1642182622.57819,0
729.06,3.03,0.01,-0.01,-39.85,3271116,1642182622.59111,0
729.06,3.03,0.01,-0.01,-39.9,3271130,1642182622.59983,0
729.06,3.03,0.01,0,-39.97,3271143,1642182622.60967,0
729.06,3.03,0.01,0,-40.02,3271156,1642182622.6224,0
729.06,3.03,0.01,0,-40.08,3271170,1642182622.63877,0
729.06,3.03,0.01,-0.01,-40.15,3271183,1642182622.65181,0
729.06,3.03,0.01,0,-40.2,3271195,1642182622.66288,0
729.06,3.03,0.01,0,-40.27,3271208,1642182622.67674,0
729.06,3.03,0.01,0,-40.33,3271222,1642182622.69196,0
729.06,3.03,0.01,-0.01,-40.4,3271235,1642182622.70448,0
729.06,3.03,0.01,0,-40.47,3271248,1642182622.71577,0
729.06,3.03,0.01,0,-40.52,3271261,1642182622.72873,0
729.06,3.03,0.01,0,-40.57,3271274,1642182622.74091,0
729.06,3.03,0.01,0,-40.62,3271287,1642182622.75687,0
729.06,3.03,0.01,-0.01,-40.65,3271301,1642182622.76952,0
729.06,3.03,0.01,0,-40.68,3271314,1642182622.78192,0
729.06,3.03,0.01,0,-40.72,3271326,1642182622.79453,0
729.06,3.03,0.01,0,-40.73,3271340,1642182622.80669,0
729.06,3.03,0.01,0,-40.75,3271353,1642182622.81892,0
729.06,3.03,0.01,-0.01,-40.78,3271365,1642182622.83464,0
729.06,3.03,0.01,-0.01,-40.8,3271378,1642182622.84709,0
729.06,3.03,0.01,0,-40.82,3271392,1642182622.85973,0
729.06,3.03,0.01,0,-40.83,3271405,1642182622.87185,0
729.06,3.03,0.01,0,-40.83,3271417,1642182622.88455,0
729.06,3.03,0.01,-0.01,-40.85,3271431,1642182622.9004,0
729.06,3.03,0.01,0,-40.87,3271444,1642182622.91304,0
729.06,3.03,0.01,0,-40.88,3271456,1642182622.92517,0
729.06,3.03,0.01,0,-40.9,3271470,1642182622.9373,0
729.06,3.03,0.01,0,-40.92,3271483,1642182622.94951,0
729.06,3.03,0.01,-0.01,-40.92,3271496,1642182622.96546,0
729.06,3.03,0.01,0,-40.92,3271508,1642182622.9785,0
729.06,3.03,0.01,0,-40.93,3271522,1642182622.99027,0
729.06,3.03,0.01,0,-40.93,3271535,1642182623.00364,0
729.06,3.03,0.01,-0.01,-40.93,3271547,1642182623.01488,0
729.06,3.03,0.01,0,-40.93,3271561,1642182623.0273,0
729.06,3.03,0.01,0,-40.95,3271574,1642182623.04437,0
729.06,3.03,0.01,0,-40.95,3271587,1642182623.05592,0
729.06,3.03,0.01,-0.01,-40.95,3271601,1642182623.06826,0
729.06,3.03,0.01,-0.01,-40.95,3271614,1642182623.08068,0
729.06,3.03,0.01,0,-40.95,3271627,1642182623.0983,0
729.06,3.03,0.01,0,-40.95,3271641,1642182623.10997,0
729.06,3.03,0.01,0,-40.95,3271654,1642182623.12253,0
729.06,3.03,0.01,0,-40.95,3271667,1642182623.13354,0
729.06,3.03,0.01,-0.01,-40.95,3271681,1642182623.15029,0
729.06,3.03,0.01,0,-40.95,3271694,1642182623.1629,0
729.06,3.03,0.01,0,-40.97,3271707,1642182623.17523,0
729.06,3.03,0.01,0,-40.97,3271719,1642182623.18817,0
729.06,3.03,0.01,-0.01,-40.97,3271733,1642182623.20362,0
729.06,3.03,0.01,0,-40.97,3271746,1642182623.21595,0
729.06,3.03,0.01,0,-40.97,3271758,1642182623.22935,0
729.06,3.03,0.01,0,-40.97,3271772,1642182623.25214,0
729.06,3.03,0.01,0,-40.97,3271785,1642182623.25698,0
729.06,3.03,0.01,0,-40.97,3271797,1642182623.26812,0
729.06,3.03,0.01,0,-40.97,3271811,1642182623.27791,0
729.06,3.03,0.01,0,-40.97,3271823,1642182623.29549,0
729.06,3.03,0.01,0,-40.97,3271836,1642182623.30669,0
729.06,3.03,0.01,0,-40.97,3271848,1642182623.31783,0
729.06,3.03,0.01,0,-40.97,3271862,1642182623.33013,0
729.06,3.03,0.01,0,-40.97,3271874,1642182623.34301,0
729.06,3.03,0.01,0,-40.97,3271887,1642182623.35536,0
729.06,3.03,0.01,0,-40.97,3271900,1642182623.36824,0
729.06,3.03,0.01,0,-40.97,3271913,1642182623.38417,0
729.06,3.03,0.01,0,-40.98,3271925,1642182623.3964,0
729.06,3.03,0.01,0,-40.98,3271939,1642182623.40868,0
729.06,3.03,0.01,0,-40.98,3271951,1642182623.42073,0
729.06,3.03,0.01,0,-40.98,3271964,1642182623.43344,0
729.06,3.03,0.01,0,-40.98,3271976,1642182623.44596,0
729.06,3.03,0.01,0,-41,3271990,1642182623.45786,0
729.06,3.03,0.01,0,-41,3272003,1642182623.46995,0
729.06,3.03,0.01,0,-41,3272015,1642182623.48654,0
729.06,3.03,0.01,-0.01,-41,3272029,1642182623.49897,0
729.06,3.03,0.01,0,-41,3272041,1642182623.51214,0
729.06,3.03,0.01,0,-41,3272054,1642182623.52311,0
729.06,3.03,0.01,0,-41,3272067,1642182623.53572,0
729.06,3.03,0.01,-0.01,-41,3272080,1642182623.5484,0
729.06,3.03,0.01,0,-41,3272093,1642182623.56398,0
729.06,3.03,0.01,0,-41,3272105,1642182623.57602,0
729.06,3.03,0.01,0,-41,3272119,1642182623.58946,0
729.06,3.03,0.01,0,-41.02,3272132,1642182623.60175,0
729.06,3.03,0.01,0,-41.02,3272144,1642182623.61298,0
729.06,3.03,0.01,0,-41.02,3272158,1642182623.62592,0
729.06,3.03,0.01,0,-41.02,3272171,1642182623.64216,0
729.06,3.03,0.01,0,-41.02,3272184,1642182623.65433,0
729.06,3.03,0.01,0,-41.02,3272198,1642182623.66665,0
729.06,3.03,0.01,0,-41.02,3272211,1642182623.67908,0
729.06,3.03,0.01,0,-41.02,3272223,1642182623.69503,0
729.06,3.03,0.01,0,-41.02,3272237,1642182623.7076,0
729.06,3.03,0.01,0,-41.02,3272250,1642182623.72033,0
729.06,3.03,0.01,0,-41.02,3272263,1642182623.73168,0
729.06,3.03,0.01,0,-41.02,3272276,1642182623.74482,0
729.06,3.03,0.01,0,-41.02,3272290,1642182623.76517,0
729.06,3.03,0.01,0,-41.02,3272302,1642182623.77598,0
729.06,3.03,0.01,0,-41.02,3272315,1642182623.78622,0
729.06,3.03,0.01,0,-41.02,3272329,1642182623.79845,0
729.06,3.03,0.01,0,-41.02,3272342,1642182623.81003,0
729.06,3.03,0.01,0,-41.02,3272355,1642182623.82657,0
729.06,3.03,0.01,0,-41.02,3272368,1642182623.83927,0
729.06,3.03,0.01,0,-41.02,3272381,1642182623.85123,0
729.06,3.03,0.01,0,-41.02,3272394,1642182623.86331,0
729.06,3.03,0.01,0,-41.02,3272408,1642182623.87541,0
729.06,3.03,0.01,0,-41.02,3272421,1642182623.8921,0
729.06,3.03,0.01,0,-41.02,3272434,1642182623.90444,0
729.06,3.03,0.01,0,-41.02,3272446,1642182623.91657,0
729.06,3.03,0.01,0,-41.02,3272460,1642182623.92878,0
729.06,3.03,0.01,0,-41.02,3272473,1642182623.94538,0
729.06,3.03,0.01,0,-41.02,3272486,1642182623.95745,0
729.06,3.03,0.01,0,-41.02,3272500,1642182623.96971,0
729.06,3.03,0.01,0,-41.02,3272513,1642182623.98209,0
729.06,3.03,0.01,0,-41.03,3272525,1642182623.99453,0
729.06,3.03,0.01,0,-41.03,3272539,1642182624.00688,0
729.06,3.03,0.01,0,-41.03,3272551,1642182624.02282,0
729.06,3.03,0.01,0,-41.03,3272564,1642182624.03513,0
729.06,3.03,0.01,0,-41.03,3272577,1642182624.04731,0
729.06,3.03,0.01,0,-41.03,3272590,1642182624.05982,0
729.06,3.03,0.01,0,-41.03,3272602,1642182624.0725,0
729.06,3.03,0.01,0,-41.03,3272615,1642182624.08514,0
729.06,3.03,0.01,0,-41.03,3272628,1642182624.09741,0
729.06,3.03,0.01,0,-41.03,3272640,1642182624.10899,0
729.06,3.03,0.01,0,-41.03,3272653,1642182624.12524,0
729.06,3.03,0.01,0,-41.05,3272666,1642182624.13826,0
729.06,3.03,0.01,0,-41.05,3272679,1642182624.15614,0
729.06,3.03,0.01,0,-41.05,3272691,1642182624.16409,0
729.06,3.03,0.01,0,-41.05,3272705,1642182624.17792,0
729.06,3.03,0.01,0,-41.05,3272717,1642182624.18798,0
729.06,3.03,0.01,0,-41.05,3272729,1642182624.19892,0
729.06,3.03,0.01,0,-41.05,3272742,1642182624.21135,0
729.06,3.03,0.01,0,-41.05,3272755,1642182624.22317,0
729.06,3.03,0.01,0,-41.05,3272767,1642182624.23541,0
729.06,3.03,0.01,0,-41.05,3272780,1642182624.25229,0
729.06,3.03,0.01,0,-41.05,3272793,1642182624.26454,0
729.06,3.03,0.01,0,-41.05,3272806,1642182624.27698,0
729.06,3.03,0.01,0,-41.05,3272818,1642182624.28929,0
729.06,3.03,0.01,0,-41.05,3272830,1642182624.30187,0
729.06,3.03,0.01,0,-41.05,3272844,1642182624.31438,0
729.06,3.03,0.01,0,-41.05,3272856,1642182624.32693,0
729.06,3.03,0.01,0,-41.05,3272868,1642182624.33821,0
729.06,3.03,0.01,0,-41.05,3272882,1642182624.35026,0
729.06,3.03,0.01,0,-41.05,3272894,1642182624.36276,0
729.06,3.03,0.01,0,-41.05,3272907,1642182624.37954,0
729.06,3.03,0.01,0,-41.05,3272920,1642182624.39212,0
729.06,3.03,0.01,0,-41.05,3272932,1642182624.40349,0
729.06,3.03,0.01,0,-41.05,3272945,1642182624.417,0
729.06,3.03,0.01,0,-41.05,3272957,1642182624.42904,0
729.06,3.03,0.01,0,-41.05,3272970,1642182624.44063,0
729.06,3.03,0.01,0,-41.05,3272983,1642182624.45272,0
729.06,3.03,0.01,0,-41.05,3272995,1642182624.4652,0
729.06,3.03,0.01,0,-41.05,3273009,1642182624.47765,0
729.06,3.03,0.01,0,-41.05,3273021,1642182624.49028,0
729.06,3.03,0.01,0,-41.05,3273033,1642182624.50567,0
729.06,3.03,0.01,0,-41.05,3273047,1642182624.51797,0
729.06,3.03,0.01,0,-41.05,3273059,1642182624.53108,0
729.06,3.03,0.01,0,-41.05,3273071,1642182624.54372,0
729.06,3.03,0.01,0,-41.05,3273084,1642182624.55599,0
729.06,3.03,0.01,0,-41.05,3273097,1642182624.56755,0
729.06,3.03,0.01,0,-41.05,3273110,1642182624.58062,0
729.06,3.03,0.01,0,-41.05,3273122,1642182624.59297,0
729.06,3.03,0.01,0,-41.05,3273135,1642182624.60409,0
729.06,3.03,0.01,0,-41.05,3273148,1642182624.61663,0
729.06,3.03,0.01,0,-41.05,3273160,1642182624.62964,0
729.06,3.03,0.01,0,-41.05,3273172,1642182624.64568,0
729.06,3.03,0.01,0,-41.05,3273186,1642182624.65791,0
729.06,3.03,0.01,0,-41.05,3273198,1642182624.67044,0
729.06,3.03,0.01,0,-41.05,3273211,1642182624.6827,0
729.06,3.03,0.01,0,-41.05,3273224,1642182624.69503,0
729.06,3.03,0.01,0,-41.05,3273236,1642182624.70731,0
729.06,3.03,0.01,0,-41.05,3273249,1642182624.71981,0
729.06,3.03,0.01,0,-41.05,3273262,1642182624.7314,0
729.06,3.03,0.01,0,-41.05,3273274,1642182624.74366,0
729.06,3.03,0.01,0,-41.05,3273287,1642182624.75608,0
729.06,3.03,0.01,0,-41.05,3273299,1642182624.77186,0
729.06,3.03,0.01,0,-41.05,3273313,1642182624.78421,0
729.06,3.03,0.01,0,-41.07,3273325,1642182624.79652,0
729.06,3.03,0.01,0,-41.07,3273337,1642182624.80938,0
729.06,3.03,0.01,0,-41.07,3273351,1642182624.82182,0
729.06,3.03,0.01,0,-41.07,3273363,1642182624.83399,0
729.06,3.03,0.01,0,-41.07,3273376,1642182624.84647,0
729.06,3.03,0.01,0,-41.07,3273389,1642182624.85909,0
729.06,3.03,0.01,0,-41.07,3273402,1642182624.87444,0
729.06,3.03,0.01,0,-41.08,3273415,1642182624.88674,0
729.06,3.03,0.01,0,-41.08,3273427,1642182624.8995,0
729.06,3.03,0.01,0,-41.1,3273441,1642182624.91267,0
729.06,3.03,0.01,0,-41.12,3273453,1642182624.92346,0
729.06,3.03,0.01,0,-41.13,3273466,1642182624.9356,0
729.06,3.03,0.01,0,-41.15,3273479,1642182624.94931,0
729.06,3.03,0.01,0,-41.17,3273492,1642182624.96537,0
729.06,3.03,0.01,0,-41.18,3273505,1642182624.97774,0
729.06,3.03,0.01,0,-41.2,3273518,1642182624.99008,0
729.06,3.03,0.01,0,-41.22,3273531,1642182625.00215,0
729.06,3.03,0.01,0,-41.23,3273543,1642182625.01356,0
729.06,3.03,0.01,0,-41.25,3273556,1642182625.02614,0
729.06,3.03,0.01,0,-41.27,3273569,1642182625.03921,0
729.06,3.03,0.01,0,-41.3,3273582,1642182625.05568,0
729.06,3.03,0.01,0,-41.32,3273595,1642182625.06809,0
729.06,3.03,0.01,0,-41.35,3273608,1642182625.07962,0
729.06,3.03,0.01,0,-41.38,3273621,1642182625.0975,0
729.06,3.03,0.01,0,-41.4,3273633,1642182625.1064,0
729.06,3.03,0.01,0,-41.43,3273647,1642182625.11737,0
729.06,3.03,0.01,0,-41.45,3273659,1642182625.12938,0
729.06,3.03,0.01,0,-41.47,3273672,1642182625.14618,0
729.06,3.03,0.01,0,-41.5,3273684,1642182625.15833,0
729.06,3.03,0.01,0,-41.53,3273698,1642182625.16936,0
729.06,3.03,0.01,0,-41.55,3273711,1642182625.18195,0
729.06,3.03,0.01,0,-41.55,3273723,1642182625.19469,0
729.06,3.03,0.01,0,-41.55,3273737,1642182625.20621,0
729.06,3.03,0.01,0,-41.57,3273750,1642182625.22295,0
729.06,3.03,0.01,0,-41.57,3273762,1642182625.2352,0
729.06,3.03,0.01,0,-41.58,3273776,1642182625.24786,0
729.06,3.03,0.01,0,-41.58,3273788,1642182625.25994,0
729.06,3.03,0.01,0,-41.58,3273800,1642182625.2722,0
729.06,3.03,0.01,0,-41.58,3273814,1642182625.28451,0
729.06,3.03,0.01,0,-41.57,3273826,1642182625.29706,0
729.06,3.03,0.01,0,-41.57,3273839,1642182625.30963,0
729.06,3.03,0.01,0,-41.52,3273851,1642182625.32492,0
729.06,3.03,0.01,0,-41.47,3273865,1642182625.33753,0
729.06,3.03,0.01,0,-41.38,3273878,1642182625.34985,0
729.06,3.03,0.01,0,-41.32,3273890,1642182625.36227,0
729.06,3.03,0.01,0,-41.25,3273904,1642182625.3745,0
729.06,3.03,0.01,0,-41.17,3273916,1642182625.38698,0
729.06,3.03,0.01,0,-41.08,3273929,1642182625.39949,0
729.06,3.03,0.01,0,-40.98,3273942,1642182625.415,0
729.06,3.03,0.01,0,-40.88,3273955,1642182625.42841,0
729.06,3.03,0.01,0,-40.78,3273967,1642182625.44029,0
729.06,3.03,0.01,0,-40.7,3273980,1642182625.45386,0
729.06,3.03,0.01,0,-40.62,3273994,1642182625.46634,0
729.06,3.03,0.01,0,-40.53,3274006,1642182625.47806,0
729.06,3.03,0.01,0,-40.45,3274019,1642182625.48951,0
729.06,3.03,0.01,0,-40.35,3274032,1642182625.50633,0
729.06,3.03,0.01,0,-40.25,3274045,1642182625.51876,0
729.06,3.03,0.01,0,-40.13,3274057,1642182625.52971,0
729.06,3.03,0.01,0,-39.98,3274071,1642182625.54362,0
729.06,3.03,0.01,0,-39.85,3274084,1642182625.55559,0
729.06,3.03,0.01,0,-39.7,3274096,1642182625.5675,0
729.06,3.03,0.01,0,-39.55,3274109,1642182625.58343,0
729.06,3.03,0.01,0,-39.4,3274122,1642182625.59515,0
729.06,3.03,0.01,0,-39.27,3274135,1642182625.6073,0
729.06,3.03,0.01,0,-39.13,3274148,1642182625.61988,0
729.06,3.03,0.01,0,-39.02,3274161,1642182625.63213,0
729.06,3.03,0.01,0,-38.87,3274174,1642182625.64498,0
729.06,3.03,0.01,0,-38.72,3274186,1642182625.65755,0
729.06,3.03,0.01,0,-38.57,3274200,1642182625.67378,0
729.06,3.03,0.01,0,-38.42,3274212,1642182625.68599,0
729.06,3.03,0.01,0,-38.28,3274225,1642182625.69841,0
729.06,3.03,0.01,0,-38.13,3274238,1642182625.71085,0
729.06,3.03,0.01,0,-37.98,3274251,1642182625.72279,0
729.06,3.03,0.01,0,-37.83,3274264,1642182625.73533,0
729.06,3.03,0.01,0,-37.68,3274276,1642182625.74775,0
729.06,3.03,0.01,0,-37.55,3274290,1642182625.76356,0
729.06,3.03,0.01,0,-37.45,3274303,1642182625.77587,0
729.06,3.03,0.01,0,-37.4,3274315,1642182625.7881,0
729.06,3.03,0.01,0,-37.37,3274329,1642182625.80006,0
729.06,3.03,0.01,0,-37.35,3274341,1642182625.81281,0
729.06,3.03,0.01,0,-37.33,3274354,1642182625.82504,0
729.06,3.03,0.01,0,-37.32,3274366,1642182625.83741,0
729.06,3.03,0.01,0,-37.32,3274380,1642182625.85353,0
729.06,3.03,0.01,0,-37.32,3274392,1642182625.86594,0
729.06,3.03,0.01,0,-37.32,3274405,1642182625.87866,0
729.06,3.03,0.01,0,-37.3,3274418,1642182625.89086,0
729.06,3.03,0.01,0,-37.3,3274431,1642182625.90288,0
729.06,3.03,0.01,0,-37.3,3274443,1642182625.91463,0
729.06,3.03,0.01,0,-37.3,3274457,1642182625.92765,0
729.06,3.03,0.01,0,-37.3,3274469,1642182625.93984,0
729.06,3.03,0.01,0,-37.3,3274482,1642182625.96648,0
729.06,3.03,0.01,0,-37.3,3274494,1642182625.97052,0
729.06,3.03,0.01,0,-37.3,3274508,1642182625.98136,0
729.06,3.03,0.01,0,-37.3,3274520,1642182625.99342,0
729.06,3.03,0.01,0,-37.3,3274533,1642182626.00588,0
729.06,3.03,0.01,0,-37.28,3274546,1642182626.01825,0
729.06,3.03,0.01,0,-37.28,3274559,1642182626.0307,0
729.06,3.03,0.01,0,-37.27,3274572,1642182626.04658,0
729.06,3.03,0.01,0,-37.27,3274585,1642182626.0588,0
729.06,3.03,0.01,0,-37.27,3274598,1642182626.0713,0
729.06,3.03,0.01,0,-37.27,3274610,1642182626.08392,0
729.06,3.03,0.01,0,-37.27,3274624,1642182626.09533,0
729.06,3.03,0.01,0,-37.27,3274636,1642182626.10743,0
729.06,3.03,0.01,0,-37.27,3274649,1642182626.12085,0
729.06,3.03,0.01,0,-37.27,3274661,1642182626.13671,0
729.06,3.03,0.01,0,-37.25,3274675,1642182626.14937,0
729.06,3.03,0.01,0,-37.25,3274687,1642182626.16143,0
729.06,3.03,0.01,0,-37.25,3274699,1642182626.17391,0
729.06,3.03,0.01,0,-37.25,3274713,1642182626.18516,0
729.06,3.03,0.01,0,-37.25,3274725,1642182626.19873,0
729.06,3.03,0.01,0,-37.25,3274738,1642182626.21122,0
729.06,3.03,0.01,0,-37.25,3274750,1642182626.22315,0
729.06,3.03,0.01,0,-37.25,3274764,1642182626.23542,0
729.06,3.03,0.01,0,-37.25,3274776,1642182626.25129,0
729.06,3.03,0.01,0,-37.25,3274788,1642182626.26407,0
729.06,3.03,0.01,0,-37.25,3274802,1642182626.27547,0
729.06,3.03,0.01,0,-37.25,3274814,1642182626.28812,0
729.06,3.03,0.01,0,-37.25,3274827,1642182626.30058,0
729.06,3.03,0.01,0,-37.25,3274840,1642182626.31298,0
729.06,3.03,0.01,0,-37.25,3274853,1642182626.32552,0
729.06,3.03,0.01,0,-37.25,3274865,1642182626.33785,0
729.06,3.03,0.01,0,-37.25,3274877,1642182626.34924,0
729.06,3.03,0.01,0,-37.25,3274891,1642182626.36586,0
729.06,3.03,0.01,0,-37.25,3274903,1642182626.37813,0
729.06,3.03,0.01,0,-37.25,3274916,1642182626.39064,0
729.06,3.03,0.01,0,-37.25,3274929,1642182626.40319,0
729.06,3.03,0.01,0,-37.25,3274942,1642182626.41459,0
729.06,3.03,0.01,0,-37.25,3274954,1642182626.42727,0
729.06,3.03,0.01,0,-37.25,3274968,1642182626.43984,0
729.06,3.03,0.01,0,-37.25,3274980,1642182626.45212,0
729.06,3.03,0.01,0,-37.25,3274992,1642182626.46458,0
729.06,3.03,0.01,0,-37.25,3275005,1642182626.48471,0
729.06,3.03,0.01,0,-37.25,3275018,1642182626.49449,0
729.06,3.03,0.01,0,-37.25,3275031,1642182626.5056,0
729.06,3.03,0.01,0,-37.25,3275043,1642182626.51694,0
729.06,3.03,0.01,0,-37.25,3275057,1642182626.5294,0
729.06,3.03,0.01,0,-37.25,3275069,1642182626.54188,0
729.06,3.03,0.01,0,-37.23,3275081,1642182626.55403,0
729.06,3.03,0.01,0,-37.23,3275095,1642182626.56676,0
729.06,3.03,0.01,0,-37.23,3275107,1642182626.58264,0
729.06,3.03,0.01,0,-37.23,3275120,1642182626.59498,0
729.06,3.03,0.01,0,-37.23,3275132,1642182626.60722,0
729.06,3.03,0.01,0,-37.23,3275146,1642182626.61958,0
729.06,3.03,0.01,0,-37.23,3275158,1642182626.63205,0
729.06,3.03,0.01,0,-37.23,3275171,1642182626.64496,0
729.06,3.03,0.01,0,-37.23,3275184,1642182626.65609,0
729.06,3.03,0.01,0,-37.23,3275197,1642182626.66854,0
729.06,3.03,0.01,0,-37.23,3275209,1642182626.68513,0
729.06,3.03,0.01,0,-37.23,3275223,1642182626.69751,0
729.06,3.03,0.01,0,-37.23,3275235,1642182626.70998,0
729.06,3.03,0.01,0,-37.23,3275248,1642182626.72264,0
729.06,3.03,0.01,0,-37.23,3275261,1642182626.73477,0
729.06,3.03,0.01,-0.01,-37.23,3275274,1642182626.753,0
729.06,3.03,0.01,0,-37.23,3275287,1642182626.76657,0
729.06,3.03,0.01,0,-37.23,3275299,1642182626.77576,0
729.06,3.03,0.01,-0.01,-37.23,3275313,1642182626.78725,0
729.06,3.03,0.01,0,-37.23,3275326,1642182626.79948,0
729.06,3.03,0.01,-0.01,-37.23,3275339,1642182626.81228,0
729.06,3.03,0.01,0,-37.23,3275353,1642182626.83526,0
729.06,3.03,0.01,0,-37.23,3275365,1642182626.84185,0
729.06,3.03,0.01,-0.01,-37.23,3275379,1642182626.85343,0
729.06,3.03,0.01,0,-37.23,3275392,1642182626.86546,0
729.06,3.03,0.01,-0.01,-37.23,3275405,1642182626.87788,0
729.06,3.03,0.01,0,-37.23,3275418,1642182626.89056,0
729.06,3.03,0.01,0,-37.23,3275431,1642182626.90665,0
729.06,3.03,0.01,-0.01,-37.23,3275445,1642182626.91912,0
729.06,3.03,0.01,-0.01,-37.23,3275457,1642182626.93125,0
729.06,3.03,0.01,0,-37.23,3275470,1642182626.94396,0
729.06,3.03,0.01,0,-37.23,3275484,1642182626.95599,0
729.06,3.03,0.01,0,-37.23,3275497,1642182626.9721,0
729.06,3.03,0.01,0,-37.23,3275509,1642182626.98458,0
729.06,3.03,0.01,0,-37.23,3275523,1642182626.99703,0
729.06,3.03,0.01,0,-37.23,3275535,1642182627.00931,0
729.06,3.03,0.01,0,-37.23,3275548,1642182627.02056,0
729.06,3.03,0.01,0,-37.23,3275560,1642182627.03282,0
729.06,3.03,0.01,-0.01,-37.23,3275574,1642182627.05001,0
729.06,3.03,0.01,0,-37.23,3275587,1642182627.06232,0
729.06,3.03,0.01,0,-37.23,3275599,1642182627.07468,0
729.06,3.03,0.01,0,-37.23,3275613,1642182627.08592,0
729.06,3.03,0.01,0,-37.23,3275625,1642182627.09857,0
729.06,3.03,0.01,0,-37.23,3275638,1642182627.11085,0
729.06,3.03,0.01,0,-37.23,3275651,1642182627.12364,0
729.06,3.03,0.01,0,-37.23,3275664,1642182627.1396,0
729.06,3.03,0.01,0,-37.23,3275676,1642182627.15206,0
729.06,3.03,0.01,0,-37.23,3275689,1642182627.16439,0
729.06,3.03,0.01,0,-37.23,3275702,1642182627.17667,0
729.06,3.03,0.01,0,-37.23,3275715,1642182627.18946,0
729.06,3.03,0.01,0,-37.23,3275727,1642182627.20094,0
729.06,3.03,0.01,0,-37.23,3275741,1642182627.21327,0
729.06,3.03,0.01,0,-37.23,3275753,1642182627.23216,0
729.06,3.03,0.01,0,-37.23,3275766,1642182627.24614,0
729.06,3.03,0.01,0,-37.23,3275779,1642182627.25521,0
729.06,3.03,0.01,0,-37.23,3275792,1642182627.26668,0
729.06,3.03,0.01,0,-37.22,3275804,1642182627.27936,0
729.06,3.03,0.01,0,-37.22,3275817,1642182627.29135,0
729.06,3.03,0.01,0,-37.22,3275831,1642182627.30345,0
729.06,3.03,0.01,0,-37.22,3275844,1642182627.32506,0
729.06,3.03,0.01,0,-37.22,3275857,1642182627.33232,0
729.06,3.03,0.01,0,-37.22,3275871,1642182627.34505,0
729.06,3.03,0.01,0,-37.22,3275884,1642182627.35691,0
729.06,3.03,0.01,0,-37.22,3275896,1642182627.37385,0
729.06,3.03,0.01,0,-37.22,3275910,1642182627.38554,0
729.06,3.03,0.01,0,-37.22,3275923,1642182627.39788,0
729.06,3.03,0.01,0,-37.22,3275936,1642182627.41021,0
729.06,3.03,0.01,0,-37.22,3275950,1642182627.42258,0
729.06,3.03,0.01,0,-37.22,3275963,1642182627.43854,0
729.06,3.03,0.01,0,-37.22,3275976,1642182627.45077,0
729.06,3.03,0.01,0,-37.22,3275990,1642182627.46309,0
729.06,3.03,0.01,0,-37.22,3276002,1642182627.4765,0
729.06,3.03,0.01,0,-37.22,3276015,1642182627.49228,0
729.06,3.03,0.01,0,-37.22,3276028,1642182627.50477,0
729.06,3.03,0.01,0,-37.22,3276042,1642182627.51792,0
729.06,3.03,0.01,0,-37.22,3276055,1642182627.52904,0
729.06,3.03,0.01,0,-37.22,3276068,1642182627.54205,0
729.06,3.03,0.01,0,-37.22,3276082,1642182627.55766,0
729.06,3.03,0.01,0,-37.22,3276095,1642182627.57006,0
729.06,3.03,0.01,0,-37.22,3276107,1642182627.58232,0
729.06,3.03,0.01,0,-37.22,3276121,1642182627.59484,0
729.06,3.03,0.01,0,-37.22,3276134,1642182627.61061,0
729.06,3.03,0.01,0,-37.22,3276147,1642182627.62253,0
729.06,3.03,0.01,0,-37.22,3276161,1642182627.63501,0
729.06,3.03,0.01,0,-37.22,3276174,1642182627.64726,0
729.06,3.03,0.01,0,-37.22,3276187,1642182627.65964,0
729.06,3.03,0.01,0,-37.22,3276199,1642182627.683,0
729.06,3.03,0.01,0,-37.22,3276213,1642182627.69448,0
729.06,3.03,0.01,0,-37.22,3276226,1642182627.70213,0
729.06,3.03,0.01,0,-37.22,3276239,1642182627.71351,0
729.06,3.03,0.01,0,-37.22,3276253,1642182627.72961,0
729.06,3.03,0.01,0,-37.22,3276266,1642182627.74262,0
729.06,3.03,0.01,0,-37.22,3276279,1642182627.75402,0
729.06,3.03,0.01,0,-37.22,3276293,1642182627.7663,0
729.06,3.03,0.01,0,-37.22,3276305,1642182627.7788,0
729.06,3.03,0.01,0,-37.22,3276318,1642182627.79586,0
729.06,3.03,0.01,0,-37.22,3276332,1642182627.8071,0
729.06,3.03,0.01,0,-37.22,3276345,1642182627.81995,0
729.06,3.03,0.01,0,-37.22,3276358,1642182627.83235,0
729.06,3.03,0.01,0,-37.22,3276371,1642182627.84855,0
729.06,3.03,0.01,0,-37.22,3276385,1642182627.86059,0
729.06,3.03,0.01,0,-37.22,3276398,1642182627.87295,0
729.06,3.03,0.01,0,-37.22,3276410,1642182627.88536,0
729.06,3.03,0.01,0,-37.22,3276424,1642182627.89769,0
729.06,3.03,0.01,0,-37.22,3276437,1642182627.91513,0
729.06,3.03,0.01,0,-37.22,3276450,1642182627.92703,0
729.06,3.03,0.01,0,-37.22,3276464,1642182627.93929,0
729.06,3.03,0.01,0,-37.22,3276477,1642182627.95138,0
729.06,3.03,0.01,0,-37.22,3276490,1642182627.96712,0
729.06,3.03,0.01,0,-37.22,3276503,1642182627.9801,0
729.06,3.03,0.01,0,-37.22,3276516,1642182627.99195,0
729.06,3.03,0.01,0,-37.22,3276529,1642182628.00409,0
729.06,3.03,0.01,0,-37.22,3276542,1642182628.01744,0
729.06,3.03,0.01,0,-37.22,3276556,1642182628.03236,0
729.06,3.03,0.01,0,-37.22,3276569,1642182628.04526,0
729.06,3.03,0.01,0,-37.22,3276582,1642182628.05745,0
729.06,3.03,0.01,0,-37.22,3276596,1642182628.06973,0
729.06,3.03,0.01,0,-37.22,3276609,1642182628.08652,0
729.06,3.03,0.01,0,-37.22,3276621,1642182628.09847,0
729.06,3.03,0.01,0,-37.22,3276635,1642182628.1107,0
729.06,3.03,0.01,0,-37.22,3276648,1642182628.1226,0
729.06,3.03,0.01,0,-37.22,3276661,1642182628.13504,0
729.06,3.03,0.01,0,-37.22,3276675,1642182628.15191,0
729.06,3.03,0.01,0,-37.22,3276688,1642182628.16414,0
729.06,3.03,0.01,0,-37.22,3276701,1642182628.17611,0
729.06,3.03,0.01,0,-37.22,3276715,1642182628.18855,0
729.06,3.03,0.01,0,-37.22,3276727,1642182628.21157,0
729.06,3.03,0.01,0,-37.22,3276740,1642182628.22322,0
729.06,3.03,0.01,0,-37.22,3276753,1642182628.23136,0
729.06,3.03,0.01,0,-37.22,3276767,1642182628.24227,0
729.06,3.03,0.01,0,-37.22,3276780,1642182628.25756,0
729.06,3.03,0.01,0,-37.22,3276793,1642182628.27012,0
729.06,3.03,0.01,0,-37.22,3276807,1642182628.2825,0
729.06,3.03,0.01,0,-37.22,3276820,1642182628.29974,0
729.06,3.03,0.01,0,-37.22,3276832,1642182628.30889,0
729.06,3.03,0.01,0,-37.22,3276846,1642182628.32394,0
729.06,3.03,0.01,0,-37.22,3276859,1642182628.33524,0
729.06,3.03,0.01,0,-37.22,3276872,1642182628.34751,0
729.06,3.03,0.01,0,-37.22,3276886,1642182628.36118,0
729.06,3.03,0.01,0,-37.22,3276898,1642182628.37354,0
729.06,3.03,0.01,0,-37.22,3276911,1642182628.38929,0
729.06,3.03,0.01,0,-37.22,3276924,1642182628.40178,0
729.06,3.03,0.01,0,-37.22,3276938,1642182628.41317,0
729.06,3.03,0.01,0,-37.22,3276951,1642182628.42554,0
729.06,3.03,0.01,0,-37.22,3276964,1642182628.43906,0
729.06,3.03,0.01,0,-37.22,3276977,1642182628.45514,0
729.06,3.03,0.01,0,-37.22,3276990,1642182628.46767,0
729.06,3.03,0.01,0,-37.22,3277003,1642182628.47933,0
729.06,3.03,0.01,0,-37.22,3277017,1642182628.49156,0
729.06,3.03,0.01,0,-37.22,3277030,1642182628.51042,0
729.06,3.03,0.01,0,-37.22,3277043,1642182628.52057,0
729.06,3.03,0.01,0,-37.22,3277056,1642182628.53296,0
729.06,3.03,0.01,0,-37.22,3277069,1642182628.54533,0
729.06,3.03,0.01,0,-37.22,3277082,1642182628.55772,0
729.06,3.03,0.01,0,-37.22,3277095,1642182628.57363,0
729.06,3.03,0.01,0,-37.22,3277109,1642182628.58585,0
729.06,3.03,0.01,0,-37.22,3277122,1642182628.59864,0
729.06,3.03,0.01,0,-37.22,3277134,1642182628.61062,0
729.06,3.03,0.01,0,-37.22,3277148,1642182628.62259,0
729.06,3.03,0.01,0,-37.2,3277161,1642182628.63974,0
729.06,3.03,0.01,0,-37.2,3277173,1642182628.65106,0
729.06,3.03,0.01,0,-37.2,3277187,1642182628.66353,0
729.06,3.03,0.01,0,-37.2,3277199,1642182628.67586,0
729.06,3.03,0.01,0,-37.2,3277212,1642182628.68846,0
729.06,3.03,0.01,0,-37.2,3277224,1642182628.70082,0
729.06,3.03,0.01,0,-37.2,3277238,1642182628.71331,0
729.06,3.03,0.01,0,-37.2,3277250,1642182628.72533,0
729.06,3.03,0.01,0,-37.2,3277263,1642182628.74071,0
729.06,3.03,0.01,0,-37.2,3277276,1642182628.75401,0
729.06,3.03,0.01,0,-37.2,3277289,1642182628.76537,0
729.06,3.03,0.01,0,-37.2,3277301,1642182628.77775,0
729.06,3.03,0.01,0,-37.2,3277314,1642182628.79003,0
729.06,3.03,0.01,0,-37.2,3277327,1642182628.8034,0
729.06,3.03,0.01,0,-37.2,3277339,1642182628.81548,0
729.06,3.03,0.01,0,-37.2,3277352,1642182628.82827,0
729.06,3.03,0.01,0,-37.2,3277365,1642182628.84811,0
729.06,3.03,0.01,0,-37.2,3277378,1642182628.85643,0
729.06,3.03,0.01,0,-37.2,3277390,1642182628.86856,0
729.06,3.03,0.01,0,-37.2,3277404,1642182628.88074,0
729.06,3.03,0.01,0,-37.2,3277416,1642182628.89291,0
729.06,3.03,0.01,0,-37.2,3277429,1642182628.90531,0
729.06,3.03,0.01,0,-37.2,3277442,1642182628.91794,0
729.06,3.03,0.01,0,-37.2,3277454,1642182628.92957,0
729.06,3.03,0.01,0,-37.2,3277467,1642182628.94209,0
729.06,3.03,0.01,0,-37.2,3277479,1642182628.95815,0
729.06,3.03,0.01,0,-37.2,3277493,1642182628.9705,0
