705.18,3.69,0.21,0,100.81,13961552,1642171641.53918,0
705.18,3.69,0.21,0,100.81,13961573,1642171641.5399,0
705.18,3.69,0.21,0.01,100.81,13961592,1642171641.54062,0
705.18,3.69,0.21,0.01,100.81,13961613,1642171641.54127,0
705.18,3.69,0.21,0,100.81,13961632,1642171641.56802,0
705.18,3.69,0.21,0,100.81,13961653,1642171641.59259,0
705.18,3.69,0.21,0,100.81,13961672,1642171641.5957,0
705.18,3.69,0.21,0.01,100.81,13961693,1642171641.61412,0
705.18,3.69,0.21,0.01,100.81,13961712,1642171641.63946,0
705.18,3.69,0.21,0,100.81,13961733,1642171641.66725,0
705.18,3.69,0.21,0,100.81,13961752,1642171641.67288,0
705.18,3.69,0.21,0,100.81,13961773,1642171641.69299,0
705.18,3.69,0.21,0.01,100.81,13961793,1642171641.71356,0
705.18,3.69,0.21,0.01,100.81,13961812,1642171641.74936,0
705.18,3.69,0.21,0,100.81,13961833,1642171641.75502,0
705.18,3.69,0.21,0,100.81,13961852,1642171641.77564,0
705.18,3.69,0.21,0,100.81,13961873,1642171641.79247,0
705.18,3.69,0.21,0.01,100.81,13961892,1642171641.81187,0
705.18,3.69,0.21,0.01,100.81,13961913,1642171641.83305,0
705.18,3.69,0.21,0,100.81,13961932,1642171641.85271,0
705.18,3.69,0.21,0,100.81,13961953,1642171641.87313,0
705.18,3.69,0.21,0,100.81,13961972,1642171641.89355,0
705.18,3.69,0.21,0.01,100.81,13961993,1642171641.91413,0
705.18,3.69,0.21,0.01,100.81,13962012,1642171641.93595,0
705.18,3.69,0.21,0,100.81,13962033,1642171641.96104,0
705.18,3.69,0.21,0,100.81,13962052,1642171641.9777,0
705.18,3.69,0.21,0,100.81,13962073,1642171642.00429,0
705.18,3.69,0.21,0.01,100.81,13962093,1642171642.01946,0
705.18,3.69,0.21,0.01,100.81,13962113,1642171642.04429,0
705.18,3.69,0.21,0,100.81,13962133,1642171642.06762,0
705.18,3.69,0.21,0,100.81,13962152,1642171642.07363,0
705.18,3.69,0.21,0,100.81,13962173,1642171642.09499,0
705.18,3.69,0.21,0.01,100.81,13962192,1642171642.11616,0
705.18,3.69,0.21,0.01,100.81,13962213,1642171642.136,0
705.18,3.69,0.21,0,100.81,13962232,1642171642.15175,0
705.18,3.69,0.21,0,100.81,13962253,1642171642.17192,0
705.18,3.69,0.21,0,100.81,13962272,1642171642.19425,0
705.18,3.69,0.21,0.01,100.81,13962293,1642171642.21886,0
705.18,3.69,0.21,0.01,100.81,13962312,1642171642.24125,0
705.18,3.69,0.21,0,100.81,13962333,1642171642.26146,0
705.18,3.69,0.21,0,100.81,13962352,1642171642.28139,0
705.18,3.69,0.21,0,100.81,13962373,1642171642.3,0
705.18,3.69,0.21,0.01,100.81,13962392,1642171642.31852,0
705.18,3.69,0.21,0,100.81,13962413,1642171642.33264,0
705.18,3.69,0.21,0,100.81,13962433,1642171642.35837,0
705.18,3.69,0.21,0,100.81,13962452,1642171642.37427,0
705.18,3.69,0.21,0,100.81,13962473,1642171642.39458,0
705.18,3.69,0.21,0.01,100.81,13962492,1642171642.41509,0
705.18,3.69,0.21,0,100.81,13962513,1642171642.43477,0
705.18,3.69,0.21,0,100.81,13962532,1642171642.45972,0
705.18,3.69,0.21,0,100.81,13962553,1642171642.4763,0
705.18,3.69,0.21,0,100.81,13962572,1642171642.4958,0
705.18,3.69,0.21,0.01,100.81,13962593,1642171642.51293,0
705.18,3.69,0.21,0,100.81,13962612,1642171642.53347,0
705.18,3.69,0.21,0,100.81,13962633,1642171642.55348,0
705.18,3.69,0.21,0,100.81,13962652,1642171642.57418,0
705.18,3.69,0.21,0,100.81,13962673,1642171642.59443,0
705.18,3.69,0.21,0.01,100.81,13962692,1642171642.6156,0
705.18,3.69,0.21,0,100.81,13962713,1642171642.63605,0
705.18,3.69,0.21,0,100.81,13962733,1642171642.6568,0
705.18,3.69,0.21,0,100.81,13962753,1642171642.67684,0
705.18,3.69,0.21,0,100.81,13962772,1642171642.69348,0
705.18,3.69,0.21,0.01,100.81,13962792,1642171642.71393,0
705.18,3.69,0.21,0,100.81,13962812,1642171642.73428,0
705.18,3.69,0.21,0,100.81,13962832,1642171642.75543,0
705.18,3.69,0.21,0,100.81,13962853,1642171642.77522,0
705.18,3.69,0.21,0,100.81,13962872,1642171642.79634,0
705.18,3.69,0.21,0.01,100.81,13962893,1642171642.817,0
705.18,3.69,0.21,0,100.81,13962912,1642171642.83665,0
705.18,3.69,0.21,0,100.81,13962933,1642171642.85668,0
705.18,3.69,0.21,0,100.81,13962952,1642171642.87391,0
705.18,3.69,0.21,0,100.81,13962973,1642171642.89398,0
705.18,3.69,0.21,0.01,100.81,13962992,1642171642.91437,0
705.18,3.69,0.21,0,100.81,13963013,1642171642.94031,0
705.18,3.69,0.21,0,100.81,13963033,1642171642.95689,0
705.18,3.69,0.21,0,100.81,13963053,1642171642.976,0
705.18,3.69,0.21,0,100.81,13963072,1642171642.99706,0
705.18,3.69,0.21,0.01,100.81,13963092,1642171643.01687,0
705.18,3.69,0.21,0,100.81,13963112,1642171643.03808,0
705.18,3.69,0.21,0,100.81,13963132,1642171643.05776,0
705.18,3.69,0.21,0,100.81,13963153,1642171643.07453,0
705.18,3.69,0.21,0,100.81,13963172,1642171643.09499,0
705.18,3.69,0.21,0.01,100.81,13963193,1642171643.11548,0
705.18,3.69,0.21,0,100.81,13963212,1642171643.13491,0
705.18,3.69,0.21,0,100.81,13963233,1642171643.15615,0
705.18,3.69,0.21,0,100.81,13963252,1642171643.17672,0
705.18,3.69,0.21,0,100.81,13963273,1642171643.19727,0
705.18,3.69,0.21,0.01,100.81,13963292,1642171643.21795,0
705.18,3.69,0.21,0,100.81,13963313,1642171643.23825,0
705.18,3.69,0.21,0,100.81,13963332,1642171643.25369,0
705.18,3.69,0.21,0,100.81,13963353,1642171643.27902,0
705.18,3.69,0.21,0,100.81,13963372,1642171643.29541,0
705.18,3.69,0.21,0.01,100.81,13963393,1642171643.31496,0
705.18,3.69,0.21,0,100.81,13963413,1642171643.33551,0
705.18,3.69,0.21,0,100.81,13963432,1642171643.35596,0
705.18,3.69,0.21,0,100.81,13963453,1642171643.38139,0
705.18,3.69,0.21,0.01,100.81,13963472,1642171643.39763,0
705.18,3.69,0.21,0.01,100.81,13963493,1642171643.41786,0
705.18,3.69,0.21,0,100.81,13963512,1642171643.43393,0
705.18,3.69,0.21,0,100.81,13963533,1642171643.45383,0
705.18,3.69,0.21,0,100.81,13963552,1642171643.4751,0
705.18,3.69,0.21,0.01,100.81,13963573,1642171643.49529,0
705.18,3.69,0.21,0.01,100.81,13963592,1642171643.51564,0
705.18,3.69,0.21,0,100.81,13963613,1642171643.53634,0
705.18,3.69,0.21,0,100.81,13963632,1642171643.55692,0
705.18,3.69,0.21,0,100.81,13963653,1642171643.57789,0
705.18,3.69,0.21,0.01,100.81,13963672,1642171643.59821,0
705.18,3.69,0.21,0.01,100.81,13963693,1642171643.61512,0
705.18,3.69,0.21,0,100.81,13963713,1642171643.63523,0
705.18,3.69,0.21,0,100.81,13963732,1642171643.65574,0
705.18,3.69,0.21,0,100.81,13963753,1642171643.67605,0
705.18,3.69,0.21,0.01,100.81,13963772,1642171643.6964,0
705.18,3.69,0.21,0.01,100.81,13963793,1642171643.72413,0
705.18,3.69,0.21,0,100.81,13963812,1642171643.73824,0
705.18,3.69,0.21,0,100.81,13963833,1642171643.75855,0
705.18,3.69,0.21,0,100.81,13963852,1642171643.77907,0
705.18,3.69,0.21,0.01,100.81,13963873,1642171643.79496,0
705.18,3.69,0.21,0.01,100.81,13963892,1642171643.81526,0
705.18,3.69,0.21,0,100.81,13963913,1642171643.83619,0
705.18,3.69,0.21,0,100.81,13963932,1642171643.85609,0
705.18,3.69,0.21,0,100.81,13963953,1642171643.87629,0
705.18,3.69,0.21,0.01,100.81,13963972,1642171643.89812,0
705.18,3.69,0.21,0.01,100.81,13963993,1642171643.91861,0
705.18,3.69,0.21,0,100.81,13964012,1642171643.93744,0
705.18,3.69,0.21,0,100.81,13964033,1642171643.9637,0
705.18,3.69,0.21,0,100.81,13964053,1642171643.97519,0
705.18,3.69,0.21,0.01,100.81,13964072,1642171643.99528,0
705.18,3.69,0.21,0.01,100.81,13964093,1642171644.0206,0
705.18,3.69,0.21,0,100.81,13964112,1642171644.03647,0
705.18,3.69,0.21,0,100.81,13964133,1642171644.05651,0
705.18,3.69,0.21,0,100.81,13964152,1642171644.07672,0
705.18,3.69,0.21,0.01,100.81,13964173,1642171644.09713,0
705.18,3.69,0.21,0.01,100.81,13964192,1642171644.12681,0
705.18,3.69,0.21,0,100.81,13964213,1642171644.1401,0
705.18,3.69,0.21,0,100.81,13964232,1642171644.15507,0
705.18,3.69,0.21,0,100.81,13964253,1642171644.17549,0
705.18,3.69,0.21,0.01,100.81,13964272,1642171644.19675,0
705.18,3.69,0.21,0,100.81,13964293,1642171644.21625,0
705.18,3.69,0.21,0,100.81,13964313,1642171644.2362,0
705.18,3.69,0.21,0,100.81,13964333,1642171644.25674,0
705.18,3.69,0.21,0,100.81,13964352,1642171644.2776,0
705.18,3.69,0.21,0.01,100.81,13964372,1642171644.29788,0
705.18,3.69,0.21,0,100.81,13964392,1642171644.31847,0
705.18,3.69,0.21,0,100.81,13964412,1642171644.33534,0
705.18,3.69,0.21,0,100.81,13964433,1642171644.35562,0
705.18,3.69,0.21,0,100.81,13964452,1642171644.37582,0
705.18,3.69,0.21,0.01,100.81,13964473,1642171644.39665,0
705.18,3.69,0.21,0,100.81,13964492,1642171644.41713,0
705.18,3.69,0.21,0,100.81,13964513,1642171644.4373,0
705.18,3.69,0.21,0,100.81,13964532,1642171644.45885,0
705.18,3.69,0.21,0,100.81,13964553,1642171644.47938,0
705.18,3.69,0.21,0.01,100.81,13964572,1642171644.49994,0
705.18,3.69,0.21,0,100.81,13964593,1642171644.51576,0
705.18,3.69,0.21,0,100.81,13964612,1642171644.53586,0
705.18,3.69,0.21,0,100.81,13964633,1642171644.5629,0
705.18,3.69,0.21,0,100.81,13964652,1642171644.57672,0
705.18,3.69,0.21,0.01,100.81,13964673,1642171644.59673,0
705.18,3.69,0.21,0,100.81,13964692,1642171644.62224,0
705.18,3.69,0.21,0,100.81,13964712,1642171644.63977,0
705.18,3.69,0.21,0,100.81,13964733,1642171644.66274,0
705.18,3.69,0.21,0,100.81,13964752,1642171644.6797,0
705.18,3.69,0.21,0.01,100.81,13964773,1642171644.69997,0
705.18,3.69,0.21,0,100.81,13964792,1642171644.71663,0
705.18,3.69,0.21,0,100.81,13964813,1642171644.73639,0
705.18,3.69,0.21,0,100.81,13964832,1642171644.75765,0
705.18,3.69,0.21,0,100.81,13964853,1642171644.77705,0
705.18,3.69,0.21,0.01,100.81,13964872,1642171644.79792,0
705.18,3.69,0.21,0,100.81,13964893,1642171644.81859,0
705.18,3.69,0.21,0,100.81,13964913,1642171644.83944,0
705.18,3.69,0.21,0,100.81,13964933,1642171644.8599,0
705.18,3.69,0.21,0,100.81,13964952,1642171644.87559,0
705.18,3.69,0.21,0.01,100.81,13964973,1642171644.89712,0
705.18,3.69,0.21,0,100.81,13964992,1642171644.91745,0
705.18,3.69,0.21,0,100.81,13965012,1642171644.93738,0
705.18,3.69,0.21,0,100.81,13965033,1642171644.95857,0
705.18,3.69,0.21,0,100.81,13965052,1642171644.97855,0
705.18,3.69,0.21,0.01,100.81,13965073,1642171644.99858,0
705.18,3.69,0.21,0,100.81,13965092,1642171645.02047,0
705.18,3.69,0.21,0,100.81,13965113,1642171645.0401,0
705.18,3.69,0.21,0,100.81,13965132,1642171645.05682,0
705.18,3.69,0.21,0,100.81,13965153,1642171645.0771,0
705.18,3.69,0.21,0.01,100.81,13965172,1642171645.09724,0
705.18,3.69,0.21,0,100.81,13965193,1642171645.11767,0
705.18,3.69,0.21,0,100.81,13965212,1642171645.13797,0
705.18,3.69,0.21,0,100.81,13965233,1642171645.15849,0
705.18,3.69,0.21,0,100.81,13965252,1642171645.1794,0
705.18,3.69,0.21,0.01,100.81,13965273,1642171645.19981,0
705.18,3.69,0.21,0,100.81,13965292,1642171645.22012,0
705.18,3.69,0.21,0,100.81,13965313,1642171645.24117,0
705.18,3.69,0.21,0,100.81,13965332,1642171645.25665,0
705.18,3.69,0.21,0,100.81,13965352,1642171645.2771,0
705.18,3.69,0.21,0.01,100.81,13965373,1642171645.29875,0
705.18,3.69,0.21,0,100.81,13965392,1642171645.32435,0
705.18,3.69,0.21,0,100.81,13965413,1642171645.33943,0
705.18,3.69,0.21,0,100.81,13965432,1642171645.35919,0
705.18,3.69,0.21,0,100.81,13965453,1642171645.37957,0
705.18,3.69,0.21,0.01,100.81,13965472,1642171645.39962,0
705.18,3.69,0.21,0,100.81,13965493,1642171645.42006,0
705.18,3.69,0.21,0,100.81,13965512,1642171645.43742,0
705.18,3.69,0.21,0,100.81,13965533,1642171645.45783,0
705.18,3.69,0.21,0,100.81,13965552,1642171645.47845,0
705.18,3.69,0.21,0.01,100.81,13965573,1642171645.49979,0
705.18,3.69,0.21,0,100.81,13965592,1642171645.51873,0
705.18,3.69,0.21,0,100.81,13965613,1642171645.53988,0
705.18,3.69,0.21,0,100.81,13965632,1642171645.56015,0
705.18,3.69,0.21,0,100.81,13965652,1642171645.58089,0
705.18,3.69,0.21,0.01,100.81,13965673,1642171645.60098,0
705.18,3.69,0.21,0,100.81,13965692,1642171645.61976,0
705.18,3.69,0.21,0,100.81,13965713,1642171645.63913,0
705.18,3.69,0.21,0,100.81,13965732,1642171645.65964,0
705.18,3.69,0.21,0,100.81,13965753,1642171645.67938,0
705.18,3.69,0.21,0.01,100.81,13965772,1642171645.69907,0
705.18,3.69,0.21,0,100.81,13965793,1642171645.72017,0
705.18,3.69,0.21,0,100.81,13965812,1642171645.74058,0
705.18,3.69,0.21,0,100.81,13965833,1642171645.76094,0
705.18,3.69,0.21,0,100.81,13965852,1642171645.78636,0
705.18,3.69,0.21,0.01,100.81,13965873,1642171645.80569,0
705.18,3.69,0.21,0,100.81,13965892,1642171645.81852,0
705.18,3.69,0.21,0,100.81,13965913,1642171645.83856,0
705.18,3.69,0.21,0,100.81,13965932,1642171645.85895,0
705.18,3.69,0.21,0,100.81,13965953,1642171645.87938,0
705.18,3.69,0.21,0.01,100.81,13965972,1642171645.90009,0
705.18,3.69,0.21,0,100.81,13965992,1642171645.92111,0
705.18,3.69,0.21,0,100.81,13966013,1642171645.94075,0
705.18,3.69,0.21,0,100.81,13966032,1642171645.96228,0
705.18,3.69,0.21,0,100.81,13966053,1642171645.97822,0
705.18,3.69,0.21,0.01,100.81,13966072,1642171645.99856,0
705.18,3.69,0.21,0,100.81,13966093,1642171646.01939,0
705.18,3.69,0.21,0,100.81,13966112,1642171646.03932,0
705.18,3.69,0.21,0,100.81,13966133,1642171646.05973,0
705.18,3.69,0.21,0.01,100.81,13966152,1642171646.08015,0
705.18,3.69,0.21,0.01,100.81,13966173,1642171646.10641,0
705.18,3.69,0.21,0,100.81,13966192,1642171646.12087,0
705.18,3.69,0.21,0.01,100.81,13966213,1642171646.14165,0
705.18,3.69,0.21,0,100.81,13966232,1642171646.15734,0
705.18,3.69,0.21,0.01,100.81,13966253,1642171646.17766,0
705.18,3.69,0.21,0.01,100.81,13966272,1642171646.19896,0
705.18,3.69,0.21,0,100.81,13966292,1642171646.2193,0
705.18,3.69,0.21,0.01,100.83,13966313,1642171646.23983,0
705.18,3.69,0.21,0,100.83,13966332,1642171646.26015,0
705.18,3.69,0.21,0.01,100.83,13966352,1642171646.28033,0
705.18,3.69,0.21,0.01,100.83,13966372,1642171646.30183,0
705.18,3.69,0.21,0,100.83,13966392,1642171646.31844,0
705.18,3.69,0.21,0,100.83,13966412,1642171646.33784,0
705.18,3.69,0.21,0,100.85,13966432,1642171646.35836,0
705.18,3.69,0.21,0.01,100.86,13966452,1642171646.379,0
705.18,3.69,0.21,0.01,101,13966472,1642171646.40015,0
705.18,3.69,0.21,0.01,101.06,13966492,1642171646.42052,0
705.18,3.69,0.21,0,101.11,13966512,1642171646.44127,0
705.18,3.69,0.21,0,101.18,13966532,1642171646.46174,0
705.18,3.69,0.21,0.01,101.21,13966553,1642171646.48189,0
705.18,3.69,0.21,0.01,101.23,13966572,1642171646.49829,0
705.18,3.69,0.21,0.01,101.25,13966593,1642171646.51938,0
705.18,3.69,0.21,0,101.25,13966612,1642171646.54525,0
705.18,3.69,0.21,0,101.26,13966632,1642171646.55936,0
705.18,3.69,0.21,0.01,101.31,13966652,1642171646.57924,0
705.18,3.69,0.21,0.01,101.35,13966672,1642171646.60707,0
705.18,3.69,0.21,0.01,101.38,13966692,1642171646.62121,0
705.18,3.69,0.21,0,101.38,13966712,1642171646.64086,0
705.18,3.69,0.21,0,101.38,13966732,1642171646.66142,0
705.18,3.69,0.21,0.01,101.38,13966752,1642171646.67851,0
705.18,3.69,0.21,0.01,101.4,13966772,1642171646.69777,0
705.18,3.69,0.21,0,101.4,13966792,1642171646.71902,0
705.18,3.69,0.21,0.01,101.4,13966813,1642171646.73935,0
705.18,3.69,0.21,0,101.4,13966832,1642171646.75995,0
705.18,3.69,0.21,0.01,101.4,13966853,1642171646.78059,0
705.18,3.69,0.21,0.01,101.4,13966872,1642171646.80158,0
705.18,3.69,0.21,0,101.38,13966893,1642171646.82103,0
705.18,3.69,0.21,0.01,101.36,13966912,1642171646.8416,0
705.18,3.69,0.21,0,101.28,13966932,1642171646.86232,0
705.18,3.69,0.21,0.01,101.08,13966952,1642171646.8871,0
705.18,3.69,0.21,0.01,100.7,13966972,1642171646.90214,0
705.18,3.69,0.21,0,100.05,13966992,1642171646.91923,0
705.18,3.69,0.21,0.01,99.15,13967012,1642171646.93952,0
705.18,3.69,0.21,0,98.11,13967032,1642171646.95977,0
705.18,3.69,0.21,0.01,96.85,13967052,1642171646.98128,0
705.18,3.69,0.21,0.01,95.56,13967072,1642171647.00291,0
705.18,3.69,0.21,0,94.25,13967092,1642171647.02269,0
705.18,3.69,0.21,0.01,92.95,13967113,1642171647.04356,0
705.18,3.69,0.21,0,91.75,13967132,1642171647.05906,0
705.18,3.69,0.21,0.01,90.56,13967153,1642171647.07905,0
705.18,3.69,0.21,0.01,89.45,13967172,1642171647.09996,0
705.18,3.69,0.21,0,88.38,13967193,1642171647.11963,0
705.18,3.69,0.21,0.01,87.35,13967212,1642171647.14101,0
705.18,3.69,0.21,0,86.38,13967233,1642171647.16141,0
705.18,3.69,0.21,0.01,85.51,13967252,1642171647.1819,0
705.18,3.69,0.21,0.01,84.73,13967272,1642171647.20136,0
705.18,3.69,0.21,0,84,13967292,1642171647.21845,0
705.18,3.69,0.21,0.01,83.23,13967312,1642171647.23853,0
705.18,3.69,0.21,0.01,82.46,13967332,1642171647.25965,0
705.18,3.69,0.21,0.01,81.8,13967352,1642171647.28129,0
705.18,3.69,0.21,0,81.15,13967372,1642171647.30219,0
705.18,3.69,0.21,0,80.51,13967392,1642171647.3226,0
705.18,3.69,0.21,0.01,79.9,13967413,1642171647.34237,0
705.18,3.69,0.21,0.01,79.33,13967432,1642171647.36231,0
705.18,3.69,0.21,0.01,78.76,13967453,1642171647.38275,0
705.18,3.69,0.21,0,78.15,13967472,1642171647.39873,0
705.18,3.69,0.21,0,77.53,13967493,1642171647.41971,0
705.18,3.69,0.21,0.01,76.91,13967512,1642171647.43939,0
705.18,3.69,0.21,0.01,76.26,13967533,1642171647.45987,0
705.18,3.69,0.21,0.01,75.51,13967552,1642171647.48162,0
705.18,3.69,0.21,0,74.73,13967572,1642171647.50113,0
705.18,3.69,0.21,0,73.9,13967592,1642171647.52154,0
705.18,3.69,0.21,0,73.05,13967612,1642171647.54224,0
705.18,3.69,0.21,0.01,72.08,13967633,1642171647.56217,0
705.18,3.69,0.21,0.01,71.03,13967652,1642171647.58337,0
705.18,3.69,0.21,0,69.86,13967672,1642171647.59915,0
705.18,3.69,0.21,0,68.55,13967692,1642171647.62049,0
705.18,3.69,0.21,0,67.18,13967713,1642171647.64012,0
705.18,3.69,0.21,0.01,65.8,13967732,1642171647.66065,0
705.18,3.69,0.21,0.01,64.48,13967752,1642171647.68109,0
705.18,3.69,0.21,0,63.31,13967772,1642171647.70262,0
705.18,3.69,0.21,0,62.25,13967793,1642171647.72203,0
705.18,3.69,0.21,0,61.36,13967812,1642171647.74307,0
705.18,3.69,0.21,0.01,60.5,13967833,1642171647.76315,0
705.18,3.69,0.21,0.01,59.68,13967852,1642171647.77999,0
705.18,3.69,0.21,0,58.83,13967873,1642171647.80025,0
705.18,3.69,0.21,0,57.98,13967892,1642171647.82042,0
705.18,3.69,0.21,0,57.1,13967912,1642171647.84171,0
705.18,3.69,0.21,0.01,56.2,13967932,1642171647.86203,0
705.18,3.69,0.21,0.01,55.35,13967952,1642171647.88269,0
705.18,3.69,0.21,0,54.53,13967972,1642171647.90339,0
705.18,3.69,0.21,0,53.75,13967992,1642171647.92521,0
705.18,3.69,0.21,0,52.97,13968012,1642171647.94404,0
705.18,3.69,0.21,0.01,52.17,13968032,1642171647.96275,0
705.18,3.69,0.21,0.01,51.37,13968052,1642171647.98041,0
705.18,3.69,0.21,0,50.53,13968072,1642171648.00114,0
705.18,3.69,0.21,0,49.72,13968093,1642171648.02241,0
705.18,3.69,0.21,0,48.85,13968112,1642171648.04204,0
705.18,3.69,0.21,0.01,47.9,13968133,1642171648.06892,0
705.18,3.69,0.21,0.01,46.97,13968152,1642171648.085,0
705.18,3.69,0.21,0,45.98,13968173,1642171648.10396,0
705.18,3.69,0.21,0,44.93,13968192,1642171648.12429,0
705.18,3.69,0.21,0,43.88,13968212,1642171648.1397,0
705.18,3.69,0.21,0.01,42.85,13968232,1642171648.16037,0
705.18,3.69,0.21,0.01,41.82,13968252,1642171648.18101,0
705.18,3.69,0.21,0,40.83,13968272,1642171648.20146,0
705.18,3.69,0.21,0,39.83,13968292,1642171648.22316,0
705.18,3.69,0.21,0,38.85,13968312,1642171648.24305,0
705.18,3.69,0.21,0.01,37.82,13968332,1642171648.26344,0
705.18,3.69,0.21,0.01,36.85,13968353,1642171648.28379,0
705.18,3.69,0.21,0,35.9,13968372,1642171648.30405,0
705.18,3.69,0.21,0,34.93,13968392,1642171648.32206,0
705.18,3.69,0.21,0,33.98,13968412,1642171648.34135,0
705.18,3.69,0.21,0.01,33,13968433,1642171648.36148,0
705.18,3.69,0.21,0.01,32.03,13968452,1642171648.38197,0
705.18,3.69,0.21,0,31.07,13968473,1642171648.403,0
705.18,3.69,0.21,0,30.15,13968492,1642171648.42331,0
705.18,3.69,0.21,0,29.27,13968513,1642171648.44336,0
705.18,3.69,0.21,0.01,28.4,13968532,1642171648.46474,0
705.18,3.69,0.21,0.01,27.52,13968552,1642171648.48516,0
705.18,3.69,0.21,0,26.67,13968572,1642171648.50275,0
705.18,3.69,0.21,0,25.82,13968592,1642171648.52152,0
705.18,3.69,0.21,0,24.98,13968612,1642171648.54218,0
705.18,3.69,0.21,0.01,24.18,13968632,1642171648.56265,0
705.18,3.69,0.21,0.01,23.43,13968652,1642171648.58331,0
705.18,3.69,0.21,0,22.68,13968672,1642171648.60366,0
705.18,3.69,0.21,0,21.97,13968692,1642171648.62415,0
705.18,3.69,0.21,0,21.25,13968712,1642171648.64478,0
705.18,3.69,0.21,0.01,20.52,13968733,1642171648.66506,0
705.18,3.69,0.21,0.01,19.8,13968752,1642171648.68219,0
705.18,3.69,0.21,0,19.03,13968772,1642171648.70244,0
705.18,3.69,0.21,0,18.32,13968792,1642171648.72266,0
705.18,3.69,0.21,0,17.62,13968813,1642171648.74301,0
705.18,3.69,0.21,0.01,16.92,13968832,1642171648.7636,0
705.18,3.69,0.21,0.01,16.27,13968852,1642171648.7838,0
705.18,3.69,0.21,0,15.62,13968872,1642171648.8043,0
705.18,3.69,0.21,0,14.95,13968892,1642171648.82463,0
705.18,3.69,0.21,0,14.3,13968912,1642171648.85407,0
705.18,3.69,0.21,0.01,13.65,13968932,1642171648.86571,0
705.18,3.69,0.21,0.01,13,13968952,1642171648.88111,0
705.18,3.69,0.21,0,12.3,13968972,1642171648.90229,0
705.18,3.69,0.21,0,11.55,13968992,1642171648.92276,0
705.18,3.69,0.21,0,10.68,13969012,1642171648.94311,0
705.18,3.69,0.21,0.01,9.78,13969032,1642171648.96319,0
705.18,3.69,0.21,0.01,8.82,13969052,1642171648.98343,0
705.18,3.69,0.21,0,7.88,13969072,1642171649.00472,0
705.18,3.69,0.21,0,6.97,13969092,1642171649.0307,0
705.18,3.69,0.21,0,6.08,13969112,1642171649.04164,0
705.18,3.69,0.21,0.01,5.32,13969132,1642171649.06138,0
705.18,3.69,0.21,0.01,4.68,13969153,1642171649.0819,0
705.18,3.69,0.21,0,4.15,13969172,1642171649.10203,0
705.18,3.69,0.21,0,3.73,13969192,1642171649.12352,0
705.18,3.69,0.21,0,3.37,13969212,1642171649.14316,0
705.18,3.69,0.21,0.01,3.03,13969231,1642171649.16435,0
705.18,3.69,0.21,0.01,2.72,13969252,1642171649.18481,0
705.18,3.69,0.21,0,2.42,13969272,1642171649.20506,0
705.18,3.69,0.21,0,2.1,13969292,1642171649.22163,0
705.18,3.69,0.21,0,1.77,13969312,1642171649.24313,0
705.18,3.69,0.21,0.01,1.45,13969332,1642171649.26321,0
705.18,3.69,0.21,0.01,1.12,13969352,1642171649.28357,0
705.18,3.69,0.21,0,0.82,13969372,1642171649.30414,0
705.18,3.69,0.21,0,0.53,13969392,1642171649.32417,0
705.18,3.69,0.21,0,0.28,13969412,1642171649.35049,0
705.18,3.69,0.21,0.01,0.03,13969432,1642171649.36463,0
705.18,3.69,0.21,0.01,-0.2,13969453,1642171649.38458,0
705.18,3.69,0.21,0,-0.43,13969472,1642171649.40185,0
705.18,3.69,0.21,0,-0.65,13969491,1642171649.4221,0
705.18,3.69,0.21,0,-0.88,13969512,1642171649.44259,0
705.18,3.69,0.21,0.01,-1.1,13969531,1642171649.46303,0
705.18,3.69,0.21,0.01,-1.32,13969552,1642171649.48362,0
705.18,3.69,0.21,0,-1.5,13969572,1642171649.50391,0
705.18,3.69,0.21,0,-1.67,13969592,1642171649.53458,0
705.18,3.69,0.21,0,-1.82,13969612,1642171649.54893,0
705.18,3.69,0.21,0.01,-1.97,13969632,1642171649.56566,0
705.18,3.69,0.21,0.01,-2.12,13969652,1642171649.58638,0
705.18,3.69,0.21,0,-2.27,13969672,1642171649.6022,0
705.18,3.69,0.21,0,-2.45,13969692,1642171649.62259,0
705.18,3.69,0.21,0,-2.65,13969712,1642171649.64317,0
705.18,3.69,0.21,0.01,-2.83,13969732,1642171649.66449,0
705.18,3.69,0.21,0.01,-3.02,13969752,1642171649.68474,0
705.18,3.69,0.21,0.01,-3.18,13969772,1642171649.70585,0
705.18,3.69,0.21,0,-3.33,13969792,1642171649.72524,0
705.18,3.69,0.21,0,-3.52,13969812,1642171649.75095,0
705.18,3.69,0.21,0.01,-3.72,13969832,1642171649.76599,0
705.18,3.69,0.21,0.01,-3.93,13969852,1642171649.78857,0
705.18,3.69,0.21,0.01,-4.15,13969872,1642171649.80267,0
705.18,3.69,0.21,0,-4.35,13969892,1642171649.82355,0
705.18,3.69,0.21,0,-4.55,13969911,1642171649.84963,0
705.18,3.69,0.21,0.01,-4.73,13969932,1642171649.86583,0
705.18,3.69,0.21,0.01,-4.9,13969952,1642171649.88563,0
705.18,3.69,0.21,0.01,-5.05,13969972,1642171649.90605,0
705.18,3.69,0.21,0,-5.18,13969992,1642171649.92649,0
705.18,3.69,0.21,0,-5.32,13970012,1642171649.94207,0
705.18,3.69,0.21,0.01,-5.42,13970032,1642171649.9638,0
705.18,3.69,0.21,0.01,-5.52,13970053,1642171649.98326,0
705.18,3.69,0.21,0.01,-5.62,13970072,1642171650.00429,0
705.18,3.69,0.21,0,-5.7,13970092,1642171650.02481,0
705.18,3.69,0.21,0,-5.8,13970112,1642171650.04477,0
705.18,3.69,0.21,0.01,-5.92,13970131,1642171650.06627,0
705.18,3.69,0.21,0.01,-6.05,13970152,1642171650.08549,0
705.18,3.69,0.21,0.01,-6.17,13970172,1642171650.10678,0
705.18,3.69,0.21,0,-6.28,13970192,1642171650.12266,0
705.18,3.69,0.21,0,-6.42,13970212,1642171650.1429,0
705.18,3.69,0.21,0.01,-6.53,13970232,1642171650.16338,0
705.18,3.69,0.21,0.01,-6.65,13970252,1642171650.18467,0
705.18,3.69,0.21,0.01,-6.73,13970272,1642171650.20506,0
705.18,3.69,0.21,0,-6.8,13970292,1642171650.22566,0
705.18,3.69,0.21,0,-6.87,13970312,1642171650.24594,0
705.18,3.69,0.21,0.01,-6.9,13970332,1642171650.26643,0
705.18,3.69,0.21,0,-6.95,13970352,1642171650.28624,0
705.18,3.69,0.21,0.01,-7,13970372,1642171650.30742,0
705.18,3.69,0.21,0,-7.03,13970392,1642171650.32411,0
705.18,3.69,0.21,0,-7.07,13970412,1642171650.34403,0
705.18,3.69,0.21,0.01,-7.1,13970432,1642171650.36462,0
705.18,3.69,0.21,0,-7.13,13970452,1642171650.38466,0
705.18,3.69,0.21,0.01,-7.17,13970471,1642171650.40568,0
705.18,3.69,0.21,0,-7.22,13970492,1642171650.42609,0
705.18,3.69,0.21,0.01,-7.27,13970512,1642171650.44635,0
705.18,3.69,0.21,0.01,-7.32,13970532,1642171650.46687,0
705.18,3.69,0.21,0,-7.38,13970552,1642171650.48703,0
705.18,3.69,0.21,0.01,-7.43,13970572,1642171650.50357,0
705.18,3.69,0.21,0.01,-7.48,13970592,1642171650.53402,0
705.18,3.69,0.21,0.01,-7.52,13970612,1642171650.5482,0
705.18,3.69,0.21,0.01,-7.57,13970632,1642171650.56456,0
705.18,3.69,0.21,0,-7.62,13970652,1642171650.58517,0
705.18,3.69,0.21,0.01,-7.65,13970672,1642171650.60541,0
705.18,3.69,0.21,0.01,-7.68,13970692,1642171650.62576,0
705.18,3.69,0.21,0.01,-7.73,13970712,1642171650.64653,0
705.18,3.69,0.21,0.01,-7.77,13970732,1642171650.66666,0
705.18,3.69,0.21,0,-7.82,13970752,1642171650.68356,0
705.18,3.69,0.21,0,-7.87,13970772,1642171650.70433,0
705.18,3.69,0.21,0.01,-7.92,13970792,1642171650.72691,0
705.18,3.69,0.21,0.01,-7.97,13970811,1642171650.74782,0
705.18,3.69,0.21,0.01,-8.02,13970832,1642171650.77104,0
705.18,3.69,0.21,0,-8.08,13970851,1642171650.78625,0
705.18,3.69,0.21,0,-8.12,13970872,1642171650.80723,0
705.18,3.69,0.21,0.01,-8.15,13970892,1642171650.82941,0
705.18,3.69,0.21,0.01,-8.18,13970912,1642171650.84854,0
705.18,3.69,0.21,0.01,-8.22,13970932,1642171650.8638,0
705.18,3.69,0.21,0,-8.23,13970952,1642171650.88438,0
705.18,3.69,0.21,0,-8.25,13970972,1642171650.9046,0
705.18,3.69,0.21,0.01,-8.27,13970992,1642171650.92632,0
705.18,3.69,0.21,0.01,-8.3,13971012,1642171650.94568,0
705.18,3.69,0.21,0.01,-8.32,13971033,1642171650.96664,0
705.18,3.69,0.21,0,-8.35,13971052,1642171650.98617,0
705.18,3.69,0.21,0.01,-8.37,13971073,1642171651.01256,0
705.18,3.69,0.21,0.01,-8.4,13971092,1642171651.03015,0
705.18,3.69,0.21,0.01,-8.4,13971111,1642171651.04491,0
705.18,3.69,0.21,0.01,-8.42,13971132,1642171651.06436,0
705.18,3.69,0.21,0,-8.42,13971151,1642171651.08545,0
705.18,3.69,0.21,0.01,-8.42,13971172,1642171651.10547,0
705.18,3.69,0.21,0.01,-8.42,13971192,1642171651.12626,0
705.18,3.69,0.21,0.01,-8.42,13971212,1642171651.154,0
705.18,3.69,0.21,0.01,-8.42,13971232,1642171651.17399,0
705.18,3.69,0.21,0,-8.43,13971252,1642171651.18822,0
705.18,3.69,0.21,0,-8.43,13971272,1642171651.21022,0
705.18,3.69,0.21,0.01,-8.43,13971292,1642171651.22444,0
705.18,3.69,0.21,0.01,-8.43,13971312,1642171651.24447,0
705.18,3.69,0.21,0.01,-8.45,13971333,1642171651.26505,0
705.18,3.69,0.21,0,-8.45,13971352,1642171651.28561,0
705.18,3.69,0.21,0,-8.45,13971373,1642171651.30614,0
705.18,3.69,0.21,0,-8.45,13971392,1642171651.32637,0
705.18,3.69,0.21,0.01,-8.45,13971412,1642171651.34677,0
705.18,3.69,0.21,0.01,-8.47,13971432,1642171651.37214,0
705.18,3.69,0.21,0,-8.47,13971451,1642171651.38891,0
705.18,3.69,0.21,0,-8.47,13971472,1642171651.40608,0
705.18,3.69,0.21,0.01,-8.48,13971492,1642171651.42529,0
705.18,3.69,0.21,0.01,-8.48,13971512,1642171651.44717,0
705.18,3.69,0.21,0.01,-8.5,13971532,1642171651.46654,0
705.18,3.69,0.21,0,-8.5,13971552,1642171651.48677,0
705.18,3.69,0.21,0,-8.5,13971572,1642171651.50701,0
705.18,3.69,0.21,0.01,-8.5,13971592,1642171651.52754,0
705.18,3.69,0.21,0.01,-8.52,13971612,1642171651.54822,0
705.18,3.69,0.21,0.01,-8.52,13971633,1642171651.56842,0
705.18,3.69,0.21,0,-8.52,13971652,1642171651.5888,0
705.18,3.69,0.21,0,-8.52,13971673,1642171651.60575,0
705.18,3.69,0.21,0,-8.52,13971692,1642171651.62571,0
705.18,3.69,0.21,0.01,-8.52,13971713,1642171651.64669,0
705.18,3.69,0.21,0.01,-8.52,13971732,1642171651.66668,0
705.18,3.69,0.21,0,-8.52,13971752,1642171651.68689,0
705.18,3.69,0.21,0,-8.52,13971772,1642171651.70807,0
705.18,3.69,0.21,0,-8.52,13971792,1642171651.73777,0
705.18,3.69,0.21,0.01,-8.52,13971813,1642171651.75062,0
705.18,3.69,0.21,0,-8.52,13971832,1642171651.76945,0
705.18,3.69,0.21,0,-8.52,13971852,1642171651.786,0
705.18,3.69,0.21,0,-8.52,13971872,1642171651.80692,0
705.18,3.69,0.21,0,-8.52,13971893,1642171651.82731,0
705.18,3.69,0.21,0.01,-8.52,13971912,1642171651.85204,0
705.18,3.69,0.21,0,-8.52,13971932,1642171651.86716,0
705.18,3.69,0.21,0,-8.52,13971952,1642171651.88716,0
705.18,3.69,0.21,0,-8.52,13971973,1642171651.90893,0
705.18,3.69,0.21,0,-8.52,13971992,1642171651.92881,0
705.18,3.69,0.21,0.01,-8.52,13972013,1642171651.94912,0
705.18,3.69,0.21,0,-8.52,13972032,1642171651.96577,0
705.18,3.69,0.21,0,-8.52,13972052,1642171651.98707,0
705.18,3.69,0.21,0,-8.52,13972072,1642171652.00756,0
705.18,3.69,0.21,0,-8.52,13972092,1642171652.02759,0
705.18,3.69,0.21,0.01,-8.52,13972113,1642171652.04799,0
705.18,3.69,0.21,0.01,-8.52,13972132,1642171652.06863,0
705.18,3.69,0.21,0,-8.52,13972152,1642171652.08925,0
705.18,3.69,0.21,0,-8.52,13972172,1642171652.10963,0
705.18,3.69,0.21,0,-8.52,13972192,1642171652.12971,0
705.18,3.69,0.21,0.01,-8.52,13972212,1642171652.1466,0
705.18,3.69,0.21,0.01,-8.52,13972233,1642171652.16727,0
705.18,3.69,0.21,0,-8.52,13972252,1642171652.18764,0
705.18,3.69,0.21,0,-8.52,13972273,1642171652.2083,0
705.18,3.69,0.21,0,-8.52,13972292,1642171652.22881,0
705.18,3.69,0.21,0.01,-8.52,13972313,1642171652.24889,0
705.18,3.69,0.21,0.01,-8.52,13972332,1642171652.26909,0
705.18,3.69,0.21,0,-8.52,13972353,1642171652.28962,0
705.18,3.69,0.21,0,-8.52,13972372,1642171652.30972,0
705.18,3.69,0.21,0,-8.53,13972391,1642171652.32721,0
705.18,3.69,0.21,0.01,-8.53,13972412,1642171652.34765,0
705.18,3.69,0.21,0,-8.53,13972431,1642171652.36792,0
705.18,3.69,0.21,0,-8.53,13972452,1642171652.3884,0
705.18,3.69,0.21,0,-8.53,13972471,1642171652.40847,0
705.18,3.69,0.21,0.01,-8.53,13972492,1642171652.43455,0
705.18,3.69,0.21,0.01,-8.53,13972512,1642171652.4509,0
705.18,3.69,0.21,0,-8.53,13972532,1642171652.47047,0
705.18,3.69,0.21,0,-8.53,13972552,1642171652.4871,0
705.18,3.69,0.21,0,-8.53,13972572,1642171652.50772,0
705.18,3.69,0.21,0,-8.53,13972592,1642171652.52787,0
705.18,3.69,0.21,0.01,-8.53,13972612,1642171652.54824,0
705.18,3.69,0.21,0,-8.53,13972632,1642171652.56828,0
705.18,3.69,0.21,0,-8.53,13972652,1642171652.58934,0
705.18,3.69,0.21,0,-8.53,13972672,1642171652.60943,0
705.18,3.69,0.21,0,-8.53,13972691,1642171652.62986,0
705.18,3.69,0.21,0.01,-8.53,13972712,1642171652.65063,0
705.18,3.69,0.21,0,-8.53,13972732,1642171652.67056,0
705.18,3.69,0.21,0,-8.53,13972752,1642171652.68742,0
705.18,3.69,0.21,0,-8.53,13972771,1642171652.70888,0
705.18,3.69,0.21,0,-8.53,13972792,1642171652.72795,0
705.18,3.69,0.21,0.01,-8.53,13972812,1642171652.74866,0
705.18,3.69,0.21,0,-8.53,13972832,1642171652.76963,0
705.18,3.69,0.21,0,-8.53,13972852,1642171652.78936,0
705.18,3.69,0.21,0,-8.53,13972872,1642171652.81015,0
705.18,3.69,0.21,0,-8.53,13972892,1642171652.83096,0
705.18,3.69,0.21,0.01,-8.53,13972912,1642171652.8511,0
705.18,3.69,0.21,0,-8.53,13972932,1642171652.86682,0
705.18,3.69,0.21,0,-8.53,13972952,1642171652.88822,0
705.18,3.69,0.21,0,-8.53,13972972,1642171652.90923,0
705.18,3.69,0.21,0,-8.53,13972992,1642171652.92882,0
705.18,3.69,0.21,0.01,-8.53,13973012,1642171652.94902,0
705.18,3.69,0.21,0,-8.53,13973031,1642171652.96953,0
705.18,3.69,0.21,0,-8.53,13973052,1642171652.99056,0
705.18,3.69,0.21,0,-8.53,13973072,1642171653.01012,0
705.18,3.69,0.21,0,-8.53,13973092,1642171653.0269,0
705.18,3.69,0.21,0.01,-8.53,13973112,1642171653.04708,0
705.18,3.69,0.21,0,-8.53,13973132,1642171653.06774,0
705.18,3.69,0.21,0,-8.53,13973152,1642171653.08826,0
705.18,3.69,0.21,0,-8.53,13973172,1642171653.1095,0
705.18,3.69,0.21,0.01,-8.53,13973192,1642171653.13014,0
705.18,3.69,0.21,0.01,-8.53,13973212,1642171653.15402,0
705.18,3.69,0.21,0,-8.53,13973232,1642171653.16974,0
705.18,3.69,0.21,0,-8.53,13973252,1642171653.19074,0
705.18,3.69,0.21,0,-8.53,13973272,1642171653.21052,0
705.18,3.69,0.21,0.01,-8.53,13973292,1642171653.22716,0
705.18,3.69,0.21,0.01,-8.53,13973312,1642171653.2475,0
705.18,3.69,0.21,0,-8.53,13973331,1642171653.26812,0
705.18,3.69,0.21,0,-8.53,13973352,1642171653.28869,0
705.18,3.69,0.21,0,-8.53,13973372,1642171653.30936,0
705.18,3.69,0.21,0.01,-8.53,13973392,1642171653.32964,0
705.18,3.69,0.21,0.01,-8.53,13973412,1642171653.35545,0
705.18,3.69,0.21,0,-8.53,13973432,1642171653.37096,0
705.18,3.69,0.21,0,-8.53,13973452,1642171653.3919,0
705.18,3.69,0.21,0,-8.53,13973472,1642171653.40931,0
705.18,3.69,0.21,0.01,-8.53,13973492,1642171653.42913,0
705.18,3.69,0.21,0.01,-8.53,13973512,1642171653.4495,0
705.18,3.69,0.21,0,-8.53,13973532,1642171653.47053,0
705.18,3.69,0.21,0,-8.53,13973552,1642171653.48996,0
705.18,3.69,0.21,0,-8.53,13973572,1642171653.51028,0
705.18,3.69,0.21,0.01,-8.53,13973592,1642171653.53185,0
705.18,3.69,0.21,0.01,-8.53,13973612,1642171653.55212,0
705.18,3.69,0.21,0,-8.53,13973632,1642171653.5716,0
705.18,3.69,0.21,0,-8.53,13973652,1642171653.58906,0
705.18,3.69,0.21,0,-8.53,13973672,1642171653.6092,0
705.18,3.69,0.21,0.01,-8.53,13973692,1642171653.63327,0
705.18,3.69,0.21,0.01,-8.53,13973712,1642171653.64906,0
705.18,3.69,0.21,0,-8.53,13973732,1642171653.66949,0
705.18,3.69,0.21,0,-8.53,13973752,1642171653.68989,0
705.18,3.69,0.21,0,-8.53,13973772,1642171653.70996,0
705.18,3.69,0.21,0.01,-8.53,13973792,1642171653.73038,0
705.18,3.69,0.21,0.01,-8.53,13973812,1642171653.75163,0
705.18,3.69,0.21,0,-8.53,13973832,1642171653.76794,0
705.18,3.69,0.21,0,-8.53,13973852,1642171653.78987,0
705.18,3.69,0.21,0,-8.53,13973872,1642171653.81075,0
705.18,3.69,0.21,0.01,-8.53,13973892,1642171653.8321,0
705.18,3.69,0.21,0.01,-8.53,13973912,1642171653.85164,0
705.18,3.69,0.21,0,-8.53,13973932,1642171653.87107,0
705.18,3.69,0.21,0,-8.53,13973952,1642171653.89125,0
705.18,3.69,0.21,0,-8.53,13973972,1642171653.9114,0
705.18,3.69,0.21,0.01,-8.53,13973992,1642171653.93142,0
705.18,3.69,0.21,0.01,-8.53,13974012,1642171653.94813,0
705.18,3.69,0.21,0,-8.53,13974032,1642171653.96941,0
705.18,3.69,0.21,0,-8.53,13974052,1642171653.98932,0
705.18,3.69,0.21,0,-8.53,13974072,1642171654.00935,0
705.18,3.69,0.21,0.01,-8.53,13974092,1642171654.03017,0
705.18,3.69,0.21,0,-8.53,13974112,1642171654.05042,0
705.18,3.69,0.21,0,-8.53,13974132,1642171654.07054,0
705.18,3.69,0.21,0,-8.53,13974152,1642171654.09096,0
705.18,3.69,0.21,0,-8.53,13974172,1642171654.11206,0
705.18,3.69,0.21,0.01,-8.53,13974192,1642171654.13082,0
705.18,3.69,0.21,0,-8.53,13974212,1642171654.15971,0
705.18,3.69,0.21,0,-8.53,13974232,1642171654.17113,0
705.18,3.69,0.21,0,-8.53,13974252,1642171654.18964,0
705.18,3.69,0.21,0,-8.53,13974272,1642171654.20949,0
705.18,3.69,0.21,0.01,-8.53,13974292,1642171654.22993,0
705.18,3.69,0.21,0,-8.53,13974311,1642171654.25135,0
705.18,3.69,0.21,0,-8.53,13974332,1642171654.27151,0
705.18,3.69,0.21,0,-8.53,13974352,1642171654.29186,0
705.18,3.69,0.21,0,-8.53,13974372,1642171654.30875,0
705.18,3.69,0.21,0.01,-8.55,13974392,1642171654.32989,0
705.18,3.69,0.21,0,-8.55,13974412,1642171654.35097,0
705.18,3.69,0.21,0,-8.55,13974432,1642171654.37113,0
705.18,3.69,0.21,0,-8.55,13974452,1642171654.39166,0
705.18,3.69,0.21,0,-8.55,13974472,1642171654.41224,0
705.18,3.69,0.21,0.01,-8.55,13974492,1642171654.43317,0
705.18,3.69,0.21,0,-8.55,13974512,1642171654.45152,0
705.18,3.69,0.21,0,-8.55,13974532,1642171654.47761,0
705.18,3.69,0.21,0,-8.55,13974552,1642171654.4905,0
705.18,3.69,0.21,0,-8.55,13974572,1642171654.50995,0
705.18,3.69,0.21,0.01,-8.55,13974592,1642171654.53122,0
705.18,3.69,0.21,0,-8.55,13974611,1642171654.55146,0
705.18,3.69,0.21,0,-8.55,13974632,1642171654.58212,0
705.18,3.69,0.21,0,-8.55,13974651,1642171654.59059,0
705.18,3.69,0.21,0,-8.55,13974672,1642171654.6109,0
705.18,3.69,0.21,0.01,-8.55,13974692,1642171654.63255,0
705.18,3.69,0.21,0,-8.55,13974712,1642171654.65202,0
705.18,3.69,0.21,0,-8.55,13974732,1642171654.66847,0
705.18,3.69,0.21,0,-8.55,13974752,1642171654.68903,0
705.18,3.69,0.21,0.01,-8.55,13974772,1642171654.70936,0
705.18,3.69,0.21,0.01,-8.55,13974792,1642171654.73161,0
705.18,3.69,0.21,0,-8.55,13974811,1642171654.75611,0
705.18,3.69,0.21,0,-8.55,13974832,1642171654.77198,0
705.18,3.69,0.21,0,-8.55,13974852,1642171654.79172,0
705.18,3.69,0.21,0.01,-8.55,13974872,1642171654.81164,0
705.18,3.69,0.21,0.01,-8.55,13974892,1642171654.83212,0
705.18,3.69,0.21,0,-8.55,13974912,1642171654.84916,0
705.18,3.69,0.21,0,-8.55,13974932,1642171654.86982,0
705.18,3.69,0.21,0,-8.55,13974951,1642171654.8907,0
705.18,3.69,0.21,0.01,-8.55,13974972,1642171654.91111,0
705.18,3.69,0.21,0.01,-8.55,13974992,1642171654.93154,0
705.18,3.69,0.21,0,-8.55,13975012,1642171654.95202,0
705.18,3.69,0.21,0,-8.55,13975031,1642171654.97659,0
705.18,3.69,0.21,0,-8.55,13975052,1642171654.99659,0
705.18,3.69,0.21,0.01,-8.55,13975072,1642171655.01305,0
705.18,3.69,0.21,0.01,-8.55,13975092,1642171655.03344,0
705.18,3.69,0.21,0,-8.55,13975111,1642171655.05951,0
705.18,3.69,0.21,0,-8.55,13975132,1642171655.07152,0
705.18,3.69,0.21,0,-8.55,13975152,1642171655.09107,0
705.18,3.69,0.21,0.01,-8.55,13975172,1642171655.11154,0
705.18,3.69,0.21,0.01,-8.55,13975192,1642171655.13184,0
705.18,3.69,0.21,0,-8.55,13975212,1642171655.1516,0
705.18,3.69,0.21,0,-8.55,13975232,1642171655.17304,0
705.18,3.69,0.21,0,-8.55,13975251,1642171655.19386,0
705.18,3.69,0.21,0.01,-8.55,13975272,1642171655.21399,0
705.18,3.69,0.21,0.01,-8.55,13975292,1642171655.23085,0
705.18,3.69,0.21,0,-8.55,13975312,1642171655.25123,0
705.18,3.69,0.21,0,-8.55,13975331,1642171655.2714,0
705.18,3.69,0.21,0,-8.55,13975352,1642171655.29151,0
705.18,3.69,0.21,0.01,-8.55,13975372,1642171655.31272,0
705.18,3.69,0.21,0.01,-8.55,13975392,1642171655.33349,0
705.18,3.69,0.21,0,-8.55,13975412,1642171655.35594,0
705.18,3.69,0.21,0,-8.55,13975432,1642171655.37706,0
705.18,3.69,0.21,0,-8.55,13975452,1642171655.39402,0
705.18,3.69,0.21,0.01,-8.55,13975472,1642171655.40994,0
705.18,3.69,0.21,0.01,-8.55,13975492,1642171655.43096,0
705.18,3.69,0.21,0,-8.55,13975512,1642171655.45116,0
705.18,3.69,0.21,0,-8.55,13975532,1642171655.47186,0
705.18,3.69,0.21,0,-8.55,13975552,1642171655.49195,0
705.18,3.69,0.21,0.01,-8.55,13975572,1642171655.5125,0
705.18,3.69,0.21,0.01,-8.55,13975591,1642171655.53368,0
705.18,3.69,0.21,0,-8.55,13975612,1642171655.55372,0
705.18,3.69,0.21,0,-8.55,13975631,1642171655.5843,0
705.18,3.69,0.21,0,-8.55,13975652,1642171655.59277,0
705.18,3.69,0.21,0.01,-8.55,13975672,1642171655.61077,0
705.18,3.69,0.21,0.01,-8.55,13975692,1642171655.6319,0
705.18,3.69,0.21,0,-8.55,13975711,1642171655.65235,0
705.18,3.69,0.21,0,-8.55,13975732,1642171655.67259,0
705.18,3.69,0.21,0,-8.55,13975752,1642171655.69302,0
705.18,3.69,0.21,0.01,-8.55,13975772,1642171655.71427,0
705.18,3.69,0.21,0.01,-8.57,13975792,1642171655.73496,0
705.18,3.69,0.21,0,-8.57,13975812,1642171655.75518,0
705.18,3.69,0.21,0,-8.58,13975832,1642171655.77086,0
705.18,3.69,0.21,0,-8.6,13975852,1642171655.79237,0
705.18,3.69,0.21,0.01,-8.65,13975872,1642171655.81327,0
705.18,3.69,0.21,0.01,-8.72,13975892,1642171655.83342,0
705.18,3.69,0.21,0,-8.8,13975912,1642171655.85334,0
705.18,3.69,0.21,0,-8.9,13975932,1642171655.87385,0
705.18,3.69,0.21,0,-9,13975952,1642171655.89376,0
705.18,3.69,0.21,0.01,-9.12,13975972,1642171655.91438,0
705.18,3.69,0.21,0.01,-9.25,13975992,1642171655.93493,0
705.18,3.69,0.21,0,-9.4,13976012,1642171655.9516,0
705.18,3.69,0.21,0,-9.55,13976032,1642171655.97152,0
705.18,3.69,0.21,0,-9.72,13976052,1642171655.99275,0
705.18,3.69,0.21,0.01,-9.9,13976072,1642171656.01288,0
705.18,3.69,0.21,0.01,-10.07,13976092,1642171656.03388,0
705.18,3.69,0.21,0,-10.22,13976112,1642171656.05374,0
705.18,3.69,0.21,0,-10.37,13976132,1642171656.0742,0
705.18,3.69,0.21,0,-10.48,13976153,1642171656.09472,0
705.18,3.69,0.21,0.01,-10.6,13976172,1642171656.11497,0
705.18,3.69,0.21,0.01,-10.7,13976193,1642171656.13563,0
705.18,3.69,0.21,0,-10.78,13976212,1642171656.15122,0
705.18,3.69,0.21,0,-10.87,13976232,1642171656.1719,0
705.18,3.69,0.21,0,-10.92,13976252,1642171656.19381,0
705.18,3.69,0.21,0.01,-10.98,13976272,1642171656.21359,0
705.18,3.69,0.21,0.01,-11.02,13976292,1642171656.23442,0
705.18,3.69,0.21,0,-11.07,13976312,1642171656.25432,0
705.18,3.69,0.21,0,-11.1,13976332,1642171656.27472,0
705.18,3.69,0.21,0,-11.13,13976352,1642171656.29553,0
705.18,3.69,0.21,0.01,-11.18,13976372,1642171656.317,0
705.18,3.69,0.21,0.01,-11.22,13976392,1642171656.33283,0
705.18,3.69,0.21,0,-11.27,13976412,1642171656.3529,0
705.18,3.69,0.21,0,-11.33,13976432,1642171656.37325,0
705.18,3.69,0.21,0,-11.38,13976452,1642171656.3936,0
705.18,3.69,0.21,0.01,-11.42,13976472,1642171656.41428,0
705.18,3.69,0.21,0.01,-11.47,13976493,1642171656.43456,0
705.18,3.69,0.21,0,-11.52,13976512,1642171656.45441,0
705.18,3.69,0.21,0,-11.57,13976531,1642171656.47548,0
705.18,3.69,0.21,0,-11.63,13976552,1642171656.49245,0
705.18,3.69,0.21,0.01,-11.68,13976572,1642171656.51249,0
705.18,3.69,0.21,0.01,-11.72,13976593,1642171656.53296,0
705.18,3.69,0.21,0,-11.77,13976611,1642171656.55369,0
705.18,3.69,0.21,0,-11.82,13976632,1642171656.57399,0
705.18,3.69,0.21,0,-11.87,13976652,1642171656.5947,0
705.18,3.69,0.21,0.01,-11.92,13976673,1642171656.61477,0
705.18,3.69,0.21,0.01,-12,13976692,1642171656.63611,0
705.18,3.69,0.21,0,-12.07,13976712,1642171656.6564,0
705.18,3.69,0.21,0,-12.15,13976732,1642171656.6769,0
705.18,3.69,0.21,0,-12.23,13976752,1642171656.693,0
705.18,3.69,0.21,0.01,-12.32,13976772,1642171656.71309,0
705.18,3.69,0.21,0.01,-12.37,13976793,1642171656.73477,0
705.18,3.69,0.21,0,-12.47,13976812,1642171656.75476,0
705.18,3.69,0.21,0,-12.62,13976832,1642171656.77507,0
705.18,3.69,0.21,0,-12.73,13976852,1642171656.79553,0
705.18,3.69,0.21,0.01,-12.77,13976872,1642171656.81586,0
705.18,3.69,0.21,0.01,-12.83,13976892,1642171656.83591,0
705.18,3.69,0.21,0,-12.9,13976912,1642171656.85635,0
705.18,3.69,0.21,0,-12.95,13976932,1642171656.87357,0
705.18,3.69,0.21,0,-13.02,13976952,1642171656.89457,0
705.18,3.69,0.21,0.01,-13.08,13976972,1642171656.91575,0
705.18,3.69,0.21,0.01,-13.17,13976992,1642171656.93477,0
705.18,3.69,0.21,0,-13.23,13977012,1642171656.95493,0
705.18,3.69,0.21,0,-13.3,13977032,1642171656.97455,0
705.18,3.69,0.21,0,-13.4,13977052,1642171656.99538,0
705.18,3.69,0.21,0.01,-13.48,13977072,1642171657.0172,0
705.18,3.69,0.21,0.01,-13.6,13977093,1642171657.03648,0
705.18,3.69,0.21,0,-13.72,13977112,1642171657.05334,0
705.18,3.69,0.21,0,-13.83,13977132,1642171657.0825,0
705.18,3.69,0.21,0,-13.97,13977152,1642171657.0948,0
705.18,3.69,0.21,0.01,-14.08,13977172,1642171657.11556,0
705.18,3.69,0.21,0.01,-14.23,13977192,1642171657.13679,0
705.18,3.69,0.21,0.01,-14.37,13977212,1642171657.15568,0
705.18,3.69,0.21,0,-14.5,13977232,1642171657.17626,0
705.18,3.69,0.21,0,-14.63,13977252,1642171657.19707,0
705.18,3.69,0.21,0.01,-14.77,13977272,1642171657.21743,0
705.18,3.69,0.21,0,-14.88,13977292,1642171657.23576,0
705.18,3.69,0.21,0.01,-15.02,13977312,1642171657.25407,0
705.18,3.69,0.21,0,-15.15,13977332,1642171657.2742,0
705.18,3.69,0.21,0,-15.28,13977352,1642171657.29526,0
705.18,3.69,0.21,0.01,-15.42,13977372,1642171657.31545,0
705.18,3.69,0.21,0,-15.53,13977392,1642171657.33712,0
705.18,3.69,0.21,0.01,-15.67,13977412,1642171657.35729,0
705.18,3.69,0.21,0,-15.8,13977432,1642171657.37777,0
705.18,3.69,0.21,0,-15.93,13977452,1642171657.39815,0
705.18,3.69,0.21,0.01,-16.07,13977473,1642171657.41422,0
705.18,3.69,0.21,0,-16.2,13977492,1642171657.43535,0
705.18,3.69,0.21,0.01,-16.32,13977512,1642171657.45535,0
705.18,3.69,0.21,0,-16.42,13977532,1642171657.47605,0
705.18,3.69,0.21,0,-16.53,13977552,1642171657.49559,0
705.18,3.69,0.21,0.01,-16.63,13977572,1642171657.51686,0
705.18,3.69,0.21,0,-16.75,13977592,1642171657.53729,0
705.18,3.69,0.21,0.01,-16.85,13977612,1642171657.55796,0
705.18,3.69,0.21,0,-16.97,13977632,1642171657.58289,0
705.18,3.69,0.21,0,-17.07,13977652,1642171657.59616,0
705.18,3.69,0.21,0.01,-17.18,13977672,1642171657.61491,0
705.18,3.69,0.21,0,-17.3,13977692,1642171657.63792,0
705.18,3.69,0.21,0.01,-17.42,13977712,1642171657.65423,0
705.18,3.69,0.21,0.01,-17.55,13977733,1642171657.67914,0
705.18,3.69,0.21,0,-17.7,13977752,1642171657.69583,0
705.18,3.69,0.21,0.01,-17.83,13977773,1642171657.71591,0
705.18,3.69,0.21,0,-18,13977792,1642171657.73689,0
705.18,3.69,0.21,0.01,-18.15,13977812,1642171657.76253,0
705.18,3.69,0.21,0,-18.3,13977832,1642171657.77492,0
705.18,3.69,0.21,0,-18.47,13977852,1642171657.79446,0
705.18,3.69,0.21,0.01,-18.63,13977872,1642171657.81493,0
705.18,3.69,0.21,0,-18.82,13977892,1642171657.83495,0
705.18,3.69,0.21,0,-19,13977912,1642171657.85502,0
705.18,3.69,0.21,0.01,-19.22,13977932,1642171657.87634,0
705.18,3.69,0.21,0,-19.4,13977952,1642171657.90507,0
705.18,3.69,0.21,0.01,-19.6,13977972,1642171657.91974,0
705.18,3.69,0.21,0,-19.77,13977992,1642171657.93771,0
705.18,3.69,0.21,0.01,-19.93,13978012,1642171657.95847,0
705.18,3.69,0.21,0.01,-20.07,13978033,1642171657.97494,0
705.18,3.69,0.21,0,-20.18,13978052,1642171657.99553,0
705.18,3.69,0.21,0.01,-20.3,13978072,1642171658.0156,0
705.18,3.69,0.21,0,-20.4,13978092,1642171658.04301,0
705.18,3.69,0.21,0,-20.48,13978113,1642171658.05964,0
705.18,3.69,0.21,0.01,-20.57,13978132,1642171658.07723,0
705.18,3.69,0.21,0.01,-20.63,13978152,1642171658.09817,0
705.18,3.69,0.21,0.01,-20.68,13978172,1642171658.11872,0
705.18,3.69,0.21,0,-20.73,13978192,1642171658.13837,0
705.18,3.69,0.21,0.01,-20.78,13978212,1642171658.1552,0
705.18,3.69,0.21,0.01,-20.82,13978232,1642171658.17572,0
705.18,3.69,0.21,0.01,-20.85,13978253,1642171658.19617,0
705.18,3.69,0.21,0.01,-20.9,13978272,1642171658.21648,0
705.18,3.69,0.21,0,-20.93,13978293,1642171658.23717,0
705.18,3.69,0.21,0.01,-20.97,13978312,1642171658.25785,0
705.18,3.69,0.21,0.01,-21,13978333,1642171658.27767,0
705.18,3.69,0.21,0.01,-21.03,13978352,1642171658.29808,0
705.18,3.69,0.21,0.01,-21.07,13978372,1642171658.31942,0
705.18,3.69,0.21,0,-21.1,13978392,1642171658.33563,0
705.18,3.69,0.21,0,-21.13,13978413,1642171658.35547,0
705.18,3.69,0.21,0.01,-21.17,13978432,1642171658.37601,0
705.18,3.69,0.21,0.01,-21.18,13978452,1642171658.39817,0
705.18,3.69,0.21,0.01,-21.22,13978472,1642171658.41756,0
705.18,3.69,0.21,0,-21.25,13978492,1642171658.44136,0
705.18,3.69,0.21,0,-21.28,13978512,1642171658.45836,0
705.18,3.69,0.21,0.01,-21.32,13978532,1642171658.48037,0
705.18,3.69,0.21,0.01,-21.35,13978552,1642171658.50243,0
705.18,3.69,0.21,0.01,-21.38,13978572,1642171658.51543,0
705.18,3.69,0.21,0,-21.42,13978592,1642171658.53558,0
705.18,3.69,0.21,0,-21.45,13978612,1642171658.55593,0
705.18,3.69,0.21,0.01,-21.48,13978632,1642171658.57658,0
705.18,3.69,0.21,0.01,-21.52,13978652,1642171658.59807,0
705.18,3.69,0.21,0.01,-21.53,13978672,1642171658.61752,0
705.18,3.69,0.21,0,-21.57,13978692,1642171658.63803,0
705.18,3.69,0.21,0,-21.6,13978713,1642171658.6584,0
705.18,3.69,0.21,0.01,-21.62,13978732,1642171658.67477,0
705.18,3.69,0.21,0.01,-21.65,13978753,1642171658.70434,0
705.18,3.69,0.21,0.01,-21.68,13978772,1642171658.71932,0
705.18,3.69,0.21,0,-21.72,13978792,1642171658.73744,0
705.18,3.69,0.21,0,-21.77,13978812,1642171658.75714,0
705.18,3.69,0.21,0.01,-21.8,13978832,1642171658.77755,0
705.18,3.69,0.21,0.01,-21.83,13978852,1642171658.79865,0
705.18,3.69,0.21,0.01,-21.87,13978872,1642171658.81816,0
705.18,3.69,0.21,0,-21.92,13978892,1642171658.83856,0
705.18,3.69,0.21,0,-21.97,13978912,1642171658.85529,0
705.18,3.69,0.21,0.01,-22.02,13978932,1642171658.87544,0
705.18,3.69,0.21,0.01,-22.07,13978952,1642171658.89588,0
705.18,3.69,0.21,0,-22.13,13978972,1642171658.91739,0
705.18,3.69,0.21,0,-22.2,13978992,1642171658.9367,0
705.18,3.69,0.21,0,-22.27,13979012,1642171658.95717,0
705.18,3.69,0.21,0,-22.35,13979032,1642171658.97808,0
705.18,3.69,0.21,0.01,-22.43,13979053,1642171658.9986,0
705.18,3.69,0.21,0.01,-22.52,13979072,1642171659.0196,0
705.18,3.69,0.21,0,-22.6,13979092,1642171659.03942,0
705.18,3.69,0.21,0,-22.67,13979112,1642171659.05603,0
705.18,3.69,0.21,0.01,-22.75,13979132,1642171659.07667,0
705.18,3.69,0.21,0.01,-22.83,13979152,1642171659.09711,0
705.18,3.69,0.21,0.01,-22.9,13979172,1642171659.11794,0
705.18,3.69,0.21,0,-22.95,13979192,1642171659.13755,0
705.18,3.69,0.21,0,-23,13979212,1642171659.15832,0
705.18,3.69,0.21,0,-23.05,13979232,1642171659.17878,0
705.18,3.69,0.21,0.01,-23.1,13979252,1642171659.19951,0
705.18,3.69,0.21,0,-23.15,13979272,1642171659.22038,0
705.18,3.69,0.21,0,-23.2,13979292,1642171659.23605,0
705.18,3.69,0.21,0,-23.23,13979312,1642171659.25655,0
705.18,3.69,0.21,0,-23.28,13979332,1642171659.27785,0
705.18,3.69,0.21,0.01,-23.33,13979353,1642171659.29849,0
705.18,3.69,0.21,0,-23.4,13979372,1642171659.31925,0
705.18,3.69,0.21,0,-23.48,13979393,1642171659.33843,0
705.18,3.69,0.21,0,-23.55,13979412,1642171659.35999,0
705.18,3.69,0.21,0,-23.65,13979432,1642171659.37936,0
705.18,3.69,0.21,0.01,-23.77,13979452,1642171659.4015,0
705.18,3.69,0.21,0,-23.88,13979472,1642171659.41747,0
705.18,3.69,0.21,0,-24.03,13979492,1642171659.43742,0
705.18,3.69,0.21,0,-24.2,13979512,1642171659.4584,0
705.18,3.69,0.21,0,-24.42,13979532,1642171659.4788,0
705.18,3.69,0.21,0.01,-24.63,13979552,1642171659.49893,0
705.18,3.69,0.21,0,-24.85,13979572,1642171659.51943,0
705.18,3.69,0.21,0,-25.08,13979592,1642171659.53927,0
705.18,3.69,0.21,0,-25.32,13979612,1642171659.55958,0
705.18,3.69,0.21,0,-25.53,13979632,1642171659.58551,0
705.18,3.69,0.21,0.01,-25.73,13979653,1642171659.60481,0
705.18,3.69,0.21,0.01,-25.92,13979672,1642171659.61722,0
705.18,3.69,0.21,0,-26.1,13979692,1642171659.63789,0
705.18,3.69,0.21,0,-26.25,13979712,1642171659.65821,0
705.18,3.69,0.21,0,-26.4,13979732,1642171659.67843,0
705.18,3.69,0.21,0.01,-26.52,13979752,1642171659.6993,0
705.18,3.69,0.21,0,-26.63,13979772,1642171659.72033,0
705.18,3.69,0.21,0,-26.75,13979792,1642171659.74036,0
705.18,3.69,0.21,0,-26.85,13979812,1642171659.76048,0
705.18,3.69,0.21,0,-26.95,13979832,1642171659.777,0
705.18,3.69,0.21,0.01,-27.02,13979852,1642171659.79747,0
705.18,3.69,0.21,0,-27.1,13979872,1642171659.81868,0
705.18,3.69,0.21,0,-27.17,13979892,1642171659.83902,0
705.18,3.69,0.21,0,-27.23,13979912,1642171659.85932,0
705.18,3.69,0.21,0,-27.28,13979932,1642171659.87928,0
705.18,3.69,0.21,0.01,-27.35,13979953,1642171659.89934,0
705.18,3.69,0.21,0,-27.43,13979972,1642171659.92068,0
705.18,3.69,0.21,0,-27.52,13979992,1642171659.94076,0
705.18,3.69,0.21,0,-27.62,13980012,1642171659.95805,0
705.18,3.69,0.21,0,-27.73,13980033,1642171659.97839,0
705.18,3.69,0.21,0.01,-27.88,13980052,1642171659.99794,0
705.18,3.69,0.21,0,-28.03,13980072,1642171660.01752,0
705.18,3.69,0.21,0,-28.17,13980092,1642171660.03873,0
705.18,3.69,0.21,0,-28.3,13980112,1642171660.05926,0
705.18,3.69,0.21,0,-28.42,13980132,1642171660.07921,0
705.18,3.69,0.21,0.01,-28.53,13980152,1642171660.09972,0
705.18,3.69,0.21,0,-28.63,13980172,1642171660.12002,0
705.18,3.69,0.21,0,-28.72,13980192,1642171660.14704,0
705.18,3.69,0.21,0,-28.8,13980212,1642171660.15872,0
705.18,3.69,0.21,0,-28.87,13980232,1642171660.17884,0
705.18,3.69,0.21,0.01,-28.93,13980252,1642171660.20007,0
705.18,3.69,0.21,0,-29.02,13980272,1642171660.21922,0
705.18,3.69,0.21,0,-29.08,13980293,1642171660.23922,0
705.18,3.69,0.21,0,-29.13,13980312,1642171660.26026,0
705.18,3.69,0.21,0,-29.2,13980333,1642171660.28058,0
705.18,3.69,0.21,0.01,-29.27,13980352,1642171660.30134,0
705.18,3.69,0.21,0,-29.32,13980372,1642171660.32138,0
705.18,3.69,0.21,0,-29.37,13980392,1642171660.33845,0
705.18,3.69,0.21,0,-29.42,13980412,1642171660.35891,0
705.18,3.69,0.21,0,-29.48,13980432,1642171660.37933,0
705.18,3.69,0.21,0.01,-29.53,13980452,1642171660.40008,0
705.18,3.69,0.21,0,-29.6,13980472,1642171660.41945,0
705.18,3.69,0.21,0,-29.65,13980492,1642171660.43999,0
705.18,3.69,0.21,0,-29.7,13980512,1642171660.46023,0
705.18,3.69,0.21,0.01,-29.77,13980532,1642171660.48059,0
705.18,3.69,0.21,0.01,-29.83,13980552,1642171660.49782,0
705.18,3.69,0.21,0,-29.88,13980572,1642171660.5184,0
705.18,3.69,0.21,0,-29.95,13980593,1642171660.53903,0
705.18,3.69,0.21,0,-30.02,13980612,1642171660.55944,0
705.18,3.69,0.21,0.01,-30.08,13980633,1642171660.57997,0
705.18,3.69,0.21,0.01,-30.15,13980652,1642171660.60049,0
705.18,3.69,0.21,0,-30.23,13980672,1642171660.62091,0
705.18,3.69,0.21,0,-30.3,13980692,1642171660.64089,0
705.18,3.69,0.21,0,-30.37,13980712,1642171660.66763,0
705.18,3.69,0.21,0.01,-30.43,13980732,1642171660.68121,0
705.18,3.69,0.21,0.01,-30.52,13980752,1642171660.69898,0
705.18,3.69,0.21,0,-30.6,13980772,1642171660.71854,0
705.18,3.69,0.21,0,-30.68,13980792,1642171660.73869,0
705.18,3.69,0.21,0,-30.77,13980812,1642171660.75984,0
705.18,3.69,0.21,0.01,-30.85,13980832,1642171660.78032,0
705.18,3.69,0.21,0.01,-30.95,13980852,1642171660.80048,0
705.18,3.69,0.21,0,-31.03,13980872,1642171660.82247,0
705.18,3.69,0.21,0,-31.12,13980892,1642171660.84156,0
705.18,3.69,0.21,0,-31.18,13980912,1642171660.86201,0
705.18,3.69,0.21,0.01,-31.27,13980933,1642171660.87918,0
705.18,3.69,0.21,0.01,-31.33,13980952,1642171660.89919,0
705.18,3.69,0.21,0,-31.42,13980973,1642171660.92006,0
705.18,3.69,0.21,0,-31.5,13980992,1642171660.94055,0
705.18,3.69,0.21,0,-31.58,13981012,1642171660.96078,0
705.18,3.69,0.21,0.01,-31.68,13981032,1642171660.98133,0
705.18,3.69,0.21,0.01,-31.78,13981052,1642171661.00163,0
705.18,3.69,0.21,0,-31.9,13981072,1642171661.02146,0
705.18,3.69,0.21,0.01,-32,13981092,1642171661.04904,0
705.18,3.69,0.21,0,-32.1,13981112,1642171661.06262,0
705.18,3.69,0.21,0.01,-32.2,13981132,1642171661.08155,0
705.18,3.69,0.21,0.01,-32.28,13981152,1642171661.1016,0
705.18,3.69,0.21,0,-32.38,13981172,1642171661.11984,0
705.18,3.69,0.21,0.01,-32.47,13981193,1642171661.14035,0
705.18,3.69,0.21,0,-32.55,13981212,1642171661.16099,0
705.18,3.69,0.21,0.01,-32.65,13981233,1642171661.18148,0
705.18,3.69,0.21,0.01,-32.75,13981252,1642171661.20221,0
705.18,3.69,0.21,0,-32.87,13981273,1642171661.22353,0
705.18,3.69,0.21,0,-32.98,13981292,1642171661.23885,0
705.18,3.69,0.21,0,-33.1,13981313,1642171661.25901,0
705.18,3.69,0.21,0.01,-33.23,13981332,1642171661.27935,0
705.18,3.69,0.21,0,-33.37,13981351,1642171661.29982,0
705.18,3.69,0.21,0,-33.5,13981372,1642171661.32066,0
705.18,3.69,0.21,0,-33.65,13981392,1642171661.34061,0
705.18,3.69,0.21,0,-33.8,13981412,1642171661.36173,0
705.18,3.69,0.21,0.01,-33.93,13981432,1642171661.38195,0
705.18,3.69,0.21,0,-34.07,13981452,1642171661.40249,0
705.18,3.69,0.21,0,-34.18,13981472,1642171661.42842,0
705.18,3.69,0.21,0,-34.3,13981493,1642171661.43948,0
705.18,3.69,0.21,0,-34.38,13981512,1642171661.46047,0
705.18,3.69,0.21,0.01,-34.48,13981533,1642171661.48099,0
705.18,3.69,0.21,0,-34.55,13981552,1642171661.50155,0
705.18,3.69,0.21,0,-34.63,13981572,1642171661.52208,0
705.18,3.69,0.21,0,-34.7,13981592,1642171661.54229,0
705.18,3.69,0.21,0,-34.75,13981613,1642171661.56233,0
705.18,3.69,0.21,0.01,-34.82,13981632,1642171661.58728,0
705.18,3.69,0.21,0,-34.87,13981652,1642171661.59947,0
705.18,3.69,0.21,0,-34.9,13981672,1642171661.61968,0
705.18,3.69,0.21,0,-34.95,13981692,1642171661.63935,0
705.18,3.69,0.21,0,-34.98,13981712,1642171661.66053,0
705.18,3.69,0.21,0,-35.03,13981732,1642171661.68101,0
705.18,3.69,0.21,0,-35.07,13981752,1642171661.70203,0
705.18,3.69,0.21,0,-35.1,13981772,1642171661.72336,0
705.18,3.69,0.21,0,-35.13,13981792,1642171661.75171,0
705.18,3.69,0.21,0,-35.18,13981812,1642171661.76561,0
705.18,3.69,0.21,0,-35.22,13981832,1642171661.78109,0
705.18,3.69,0.21,0,-35.25,13981852,1642171661.80025,0
705.18,3.69,0.21,0,-35.28,13981872,1642171661.82078,0
705.18,3.69,0.21,0,-35.3,13981892,1642171661.84115,0
705.18,3.69,0.21,0,-35.33,13981913,1642171661.86135,0
705.18,3.69,0.21,0.01,-35.35,13981932,1642171661.88167,0
705.18,3.69,0.21,0,-35.37,13981953,1642171661.9019,0
705.18,3.69,0.21,0,-35.4,13981972,1642171661.92297,0
705.18,3.69,0.21,0,-35.42,13981992,1642171661.94314,0
705.18,3.69,0.21,0,-35.43,13982012,1642171661.95984,0
705.18,3.69,0.21,0.01,-35.45,13982032,1642171661.98031,0
705.18,3.69,0.21,0,-35.47,13982052,1642171662.00056,0
705.18,3.69,0.21,0,-35.48,13982072,1642171662.02091,0
705.18,3.69,0.21,0,-35.5,13982092,1642171662.04132,0
705.18,3.69,0.21,0,-35.52,13982112,1642171662.06225,0
705.18,3.69,0.21,0.01,-35.53,13982133,1642171662.08252,0
705.18,3.69,0.21,0,-35.53,13982152,1642171662.10312,0
705.18,3.69,0.21,0,-35.55,13982172,1642171662.12412,0
705.18,3.69,0.21,0,-35.58,13982192,1642171662.14339,0
705.18,3.69,0.21,0,-35.6,13982213,1642171662.16033,0
705.18,3.69,0.21,0,-35.62,13982232,1642171662.18082,0
705.18,3.69,0.21,0,-35.65,13982253,1642171662.20091,0
705.18,3.69,0.21,0,-35.68,13982272,1642171662.22209,0
705.18,3.69,0.21,0,-35.7,13982292,1642171662.24248,0
705.18,3.69,0.21,0,-35.75,13982312,1642171662.26716,0
705.18,3.69,0.21,0,-35.78,13982332,1642171662.28358,0
705.18,3.69,0.21,0,-35.82,13982352,1642171662.30367,0
705.18,3.69,0.21,0,-35.85,13982372,1642171662.3237,0
705.18,3.69,0.21,0,-35.9,13982392,1642171662.34064,0
705.18,3.69,0.21,0,-35.93,13982412,1642171662.36101,0
705.18,3.69,0.21,0,-35.98,13982432,1642171662.38099,0
705.18,3.69,0.21,0,-36.02,13982452,1642171662.40218,0
705.18,3.69,0.21,0,-36.05,13982472,1642171662.42227,0
705.18,3.69,0.21,0,-36.08,13982492,1642171662.44255,0
705.18,3.69,0.21,0.01,-36.13,13982513,1642171662.46372,0
705.18,3.69,0.21,0,-36.17,13982532,1642171662.48391,0
705.18,3.69,0.21,0,-36.2,13982552,1642171662.49981,0
705.18,3.69,0.21,0,-36.25,13982572,1642171662.52098,0
705.18,3.69,0.21,0,-36.28,13982593,1642171662.54131,0
705.18,3.69,0.21,0.01,-36.32,13982613,1642171662.56228,0
705.18,3.69,0.21,0.01,-36.37,13982632,1642171662.58228,0
705.18,3.69,0.21,0,-36.4,13982652,1642171662.60282,0
705.18,3.69,0.21,0,-36.45,13982672,1642171662.62301,0
705.18,3.69,0.21,0,-36.48,13982692,1642171662.64356,0
705.18,3.69,0.21,0.01,-36.52,13982712,1642171662.66397,0
705.18,3.69,0.21,0.01,-36.57,13982732,1642171662.68457,0
705.18,3.69,0.21,0,-36.6,13982752,1642171662.70175,0
705.18,3.69,0.21,0,-36.63,13982772,1642171662.7212,0
705.18,3.69,0.21,0,-36.68,13982792,1642171662.74262,0
705.18,3.69,0.21,0.01,-36.73,13982813,1642171662.76306,0
705.18,3.69,0.21,0.01,-36.78,13982832,1642171662.78346,0
705.18,3.69,0.21,0,-36.82,13982852,1642171662.8041,0
705.18,3.69,0.21,0,-36.87,13982872,1642171662.82429,0
705.18,3.69,0.21,0,-36.92,13982893,1642171662.84439,0
705.18,3.69,0.21,0.01,-36.97,13982912,1642171662.8649,0
705.18,3.69,0.21,0.01,-37.02,13982932,1642171662.88084,0
705.18,3.69,0.21,0,-37.05,13982952,1642171662.90235,0
705.18,3.69,0.21,0,-37.12,13982972,1642171662.92243,0
705.18,3.69,0.21,0,-37.17,13982992,1642171662.94273,0
705.18,3.69,0.21,0.01,-37.23,13983012,1642171662.96283,0
705.18,3.69,0.21,0.01,-37.3,13983032,1642171662.989,0
705.18,3.69,0.21,0,-37.35,13983052,1642171663.00478,0
705.18,3.69,0.21,0,-37.42,13983072,1642171663.02512,0
705.18,3.69,0.21,0,-37.47,13983092,1642171663.04524,0
705.18,3.69,0.21,0.01,-37.52,13983113,1642171663.06132,0
705.18,3.69,0.21,0.01,-37.57,13983132,1642171663.08255,0
705.18,3.69,0.21,0,-37.62,13983153,1642171663.10375,0
705.18,3.69,0.21,0,-37.67,13983172,1642171663.12325,0
705.18,3.69,0.21,0,-37.72,13983193,1642171663.14311,0
705.18,3.69,0.21,0.01,-37.78,13983212,1642171663.1647,0
705.18,3.69,0.21,0.01,-37.83,13983233,1642171663.18498,0
705.18,3.69,0.21,0,-37.88,13983252,1642171663.20532,0
705.18,3.69,0.21,0,-37.92,13983272,1642171663.22586,0
705.18,3.69,0.21,0,-37.95,13983292,1642171663.24234,0
705.18,3.69,0.21,0.01,-37.98,13983312,1642171663.26307,0
705.18,3.69,0.21,0.01,-38.02,13983332,1642171663.28726,0
705.18,3.69,0.21,0,-38.05,13983352,1642171663.30831,0
705.18,3.69,0.21,0,-38.08,13983372,1642171663.32329,0
705.18,3.69,0.21,0,-38.1,13983392,1642171663.3434,0
705.18,3.69,0.21,0.01,-38.13,13983413,1642171663.3642,0
705.18,3.69,0.21,0.01,-38.15,13983432,1642171663.38442,0
705.18,3.69,0.21,0,-38.18,13983453,1642171663.40472,0
705.18,3.69,0.21,0,-38.22,13983472,1642171663.42202,0
705.18,3.69,0.21,0,-38.23,13983493,1642171663.4422,0
705.18,3.69,0.21,0.01,-38.27,13983512,1642171663.46285,0
705.18,3.69,0.21,0.01,-38.3,13983533,1642171663.48342,0
705.18,3.69,0.21,0,-38.32,13983552,1642171663.50378,0
705.18,3.69,0.21,0,-38.35,13983572,1642171663.52421,0
705.18,3.69,0.21,0,-38.38,13983592,1642171663.54451,0
705.18,3.69,0.21,0.01,-38.4,13983612,1642171663.56571,0
705.18,3.69,0.21,0.01,-38.43,13983632,1642171663.58568,0
705.18,3.69,0.21,0,-38.47,13983652,1642171663.60236,0
705.18,3.69,0.21,0,-38.52,13983672,1642171663.62291,0
705.18,3.69,0.21,0,-38.55,13983692,1642171663.6435,0
705.18,3.69,0.21,0.01,-38.62,13983712,1642171663.6643,0
705.18,3.69,0.21,0.01,-38.67,13983732,1642171663.68467,0
705.18,3.69,0.21,0,-38.72,13983753,1642171663.70484,0
705.18,3.69,0.21,0,-38.77,13983772,1642171663.7255,0
705.18,3.69,0.21,0,-38.82,13983792,1642171663.74461,0
705.18,3.69,0.21,0.01,-38.87,13983812,1642171663.76496,0
705.18,3.69,0.21,0.01,-38.9,13983832,1642171663.78184,0
705.18,3.69,0.21,0,-38.95,13983852,1642171663.80209,0
705.18,3.69,0.21,0,-38.98,13983873,1642171663.82336,0
705.18,3.69,0.21,0,-39,13983892,1642171663.84374,0
705.18,3.69,0.21,0.01,-39.03,13983912,1642171663.86423,0
705.18,3.69,0.21,0.01,-39.05,13983933,1642171663.88469,0
705.18,3.69,0.21,0,-39.08,13983952,1642171663.9053,0
705.18,3.69,0.21,0,-39.1,13983972,1642171663.926,0
705.18,3.69,0.21,0,-39.13,13983992,1642171663.95051,0
705.18,3.69,0.21,0.01,-39.15,13984012,1642171663.96316,0
705.18,3.69,0.21,0.01,-39.18,13984032,1642171663.99071,0
705.18,3.69,0.21,0,-39.2,13984052,1642171664.00432,0
705.18,3.69,0.21,0,-39.23,13984072,1642171664.02651,0
705.18,3.69,0.21,0,-39.27,13984093,1642171664.04578,0
705.18,3.69,0.21,0.01,-39.3,13984112,1642171664.06552,0
705.18,3.69,0.21,0.01,-39.33,13984133,1642171664.08586,0
705.18,3.69,0.21,0,-39.38,13984152,1642171664.10668,0
705.18,3.69,0.21,0,-39.43,13984173,1642171664.12836,0
705.18,3.69,0.21,0,-39.5,13984192,1642171664.14375,0
705.18,3.69,0.21,0.01,-39.58,13984212,1642171664.16313,0
705.18,3.69,0.21,0.01,-39.67,13984232,1642171664.18758,0
705.18,3.69,0.21,0,-39.75,13984252,1642171664.2037,0
705.18,3.69,0.21,0,-39.87,13984272,1642171664.22547,0
705.18,3.69,0.21,0,-39.97,13984292,1642171664.24783,0
705.18,3.69,0.21,0.01,-40.1,13984312,1642171664.26551,0
705.18,3.69,0.21,0.01,-40.22,13984332,1642171664.28574,0
705.18,3.69,0.21,0,-40.35,13984352,1642171664.30644,0
705.18,3.69,0.21,0,-40.48,13984372,1642171664.32361,0
705.18,3.69,0.21,0,-40.58,13984392,1642171664.34284,0
705.18,3.69,0.21,0.01,-40.67,13984412,1642171664.36426,0
705.18,3.69,0.21,0,-40.73,13984432,1642171664.3845,0
705.18,3.69,0.21,0,-40.8,13984452,1642171664.40506,0
705.18,3.69,0.21,0,-40.87,13984473,1642171664.42477,0
705.18,3.69,0.21,0,-40.93,13984492,1642171664.44567,0
705.18,3.69,0.21,0.01,-40.98,13984513,1642171664.46597,0
705.18,3.69,0.21,0,-41.05,13984532,1642171664.48728,0
705.18,3.69,0.21,0,-41.1,13984552,1642171664.50337,0
705.18,3.69,0.21,0,-41.15,13984572,1642171664.52469,0
705.18,3.69,0.21,0,-41.2,13984592,1642171664.54417,0
705.18,3.69,0.21,0.01,-41.25,13984613,1642171664.5646,0
705.18,3.69,0.21,0.01,-41.3,13984632,1642171664.58592,0
705.18,3.69,0.21,0,-41.35,13984652,1642171664.60639,0
705.18,3.69,0.21,0,-41.42,13984672,1642171664.62661,0
705.18,3.69,0.21,0,-41.47,13984693,1642171664.64657,0
705.18,3.69,0.21,0.01,-41.52,13984712,1642171664.66688,0
705.18,3.69,0.21,0,-41.58,13984732,1642171664.68734,0
705.18,3.69,0.21,0,-41.65,13984752,1642171664.7041,0
705.18,3.69,0.21,0,-41.7,13984772,1642171664.72476,0
705.18,3.69,0.21,0,-41.77,13984792,1642171664.74453,0
705.18,3.69,0.21,0.01,-41.82,13984813,1642171664.76557,0
705.18,3.69,0.21,0,-41.88,13984832,1642171664.78594,0
705.18,3.69,0.21,0,-41.95,13984852,1642171664.80614,0
705.18,3.69,0.21,0,-42.02,13984872,1642171664.82694,0
705.18,3.69,0.21,0,-42.08,13984892,1642171664.84749,0
705.18,3.69,0.21,0.01,-42.15,13984912,1642171664.86782,0
705.18,3.69,0.21,0,-42.22,13984932,1642171664.88495,0
705.18,3.69,0.21,0,-42.28,13984952,1642171664.90513,0
705.18,3.69,0.21,0,-42.35,13984972,1642171664.92564,0
705.18,3.69,0.21,0,-42.4,13984992,1642171664.94552,0
705.18,3.69,0.21,0.01,-42.47,13985012,1642171664.97168,0
705.18,3.69,0.21,0,-42.52,13985032,1642171664.98687,0
705.18,3.69,0.21,0,-42.57,13985052,1642171665.00643,0
705.18,3.69,0.21,0,-42.6,13985072,1642171665.02683,0
705.18,3.69,0.21,0,-42.65,13985092,1642171665.04851,0
705.18,3.69,0.21,0.01,-42.68,13985113,1642171665.06403,0
705.18,3.69,0.21,0,-42.73,13985132,1642171665.08417,0
705.18,3.69,0.21,0,-42.78,13985153,1642171665.10488,0
705.18,3.69,0.21,0,-42.82,13985172,1642171665.1253,0
705.18,3.69,0.21,0.01,-42.87,13985192,1642171665.1461,0
705.18,3.69,0.21,0.01,-42.9,13985212,1642171665.16647,0
705.18,3.69,0.21,0,-42.93,13985232,1642171665.18685,0
705.18,3.69,0.21,0,-42.97,13985252,1642171665.20817,0
705.18,3.69,0.21,0,-43,13985272,1642171665.23362,0
705.18,3.69,0.21,0.01,-43.03,13985292,1642171665.25041,0
705.18,3.69,0.21,0.01,-43.07,13985312,1642171665.26591,0
705.18,3.69,0.21,0,-43.12,13985332,1642171665.28621,0
705.18,3.69,0.21,0,-43.15,13985352,1642171665.30564,0
705.18,3.69,0.21,0,-43.18,13985373,1642171665.32651,0
705.18,3.69,0.21,0,-43.23,13985392,1642171665.34698,0
705.18,3.69,0.21,0.01,-43.28,13985412,1642171665.36711,0
705.18,3.69,0.21,0,-43.35,13985432,1642171665.38754,0
705.18,3.69,0.21,0,-43.42,13985453,1642171665.41346,0
705.18,3.69,0.21,0,-43.52,13985472,1642171665.42598,0
705.18,3.69,0.21,0.01,-43.63,13985492,1642171665.4447,0
705.18,3.69,0.21,0.01,-43.78,13985512,1642171665.46532,0
705.18,3.69,0.21,0,-43.95,13985532,1642171665.48551,0
705.18,3.69,0.21,0,-44.12,13985552,1642171665.50578,0
705.18,3.69,0.21,0.01,-44.27,13985572,1642171665.52637,0
705.18,3.69,0.21,0.01,-44.42,13985592,1642171665.54751,0
705.18,3.69,0.21,0.01,-44.53,13985612,1642171665.56786,0
705.18,3.69,0.21,0,-44.65,13985632,1642171665.5883,0
705.18,3.69,0.21,0,-44.75,13985652,1642171665.60531,0
705.18,3.69,0.21,0.01,-44.85,13985672,1642171665.62527,0
705.18,3.69,0.21,0.01,-44.93,13985692,1642171665.64527,0
705.18,3.69,0.21,0.01,-45.02,13985712,1642171665.66604,0
705.18,3.69,0.21,0,-45.08,13985732,1642171665.68679,0
705.18,3.69,0.21,0,-45.13,13985753,1642171665.70741,0
705.18,3.69,0.21,0.01,-45.2,13985772,1642171665.72792,0
705.18,3.69,0.21,0.01,-45.27,13985793,1642171665.7484,0
705.18,3.69,0.21,0.01,-45.32,13985812,1642171665.76888,0
705.18,3.69,0.21,0,-45.38,13985832,1642171665.7857,0
705.18,3.69,0.21,0,-45.43,13985852,1642171665.80602,0
705.18,3.69,0.21,0.01,-45.5,13985872,1642171665.82639,0
705.18,3.69,0.21,0.01,-45.55,13985892,1642171665.85112,0
705.18,3.69,0.21,0.01,-45.62,13985912,1642171665.86727,0
705.18,3.69,0.21,0,-45.68,13985932,1642171665.88738,0
705.18,3.69,0.21,0,-45.75,13985952,1642171665.90782,0
705.18,3.69,0.21,0.01,-45.85,13985973,1642171665.92835,0
705.18,3.69,0.21,0.01,-45.97,13985992,1642171665.9575,0
705.18,3.69,0.21,0.01,-46.1,13986012,1642171665.97223,0
705.18,3.69,0.21,0,-46.23,13986032,1642171665.986,0
705.18,3.69,0.21,0,-46.38,13986053,1642171666.00645,0
705.18,3.69,0.21,0.01,-46.52,13986072,1642171666.02652,0
705.18,3.69,0.21,0.01,-46.67,13986093,1642171666.04702,0
705.18,3.69,0.21,0.01,-46.78,13986112,1642171666.06749,0
705.18,3.69,0.21,0,-46.9,13986132,1642171666.08797,0
705.18,3.69,0.21,0,-46.98,13986152,1642171666.10887,0
705.18,3.69,0.21,0,-47.07,13986172,1642171666.12967,0
705.18,3.69,0.21,0.01,-47.12,13986192,1642171666.14963,0
705.18,3.69,0.21,0.01,-47.17,13986212,1642171666.16633,0
705.18,3.69,0.21,0,-47.2,13986232,1642171666.18669,0
705.18,3.69,0.21,0,-47.23,13986252,1642171666.20742,0
705.18,3.69,0.21,0,-47.27,13986272,1642171666.22747,0
705.18,3.69,0.21,0.01,-47.28,13986292,1642171666.24801,0
705.18,3.69,0.21,0.01,-47.3,13986312,1642171666.26853,0
705.18,3.69,0.21,0,-47.33,13986332,1642171666.28932,0
705.18,3.69,0.21,0,-47.35,13986352,1642171666.30958,0
705.18,3.69,0.21,0.01,-47.37,13986372,1642171666.33033,0
705.18,3.69,0.21,0.01,-47.38,13986393,1642171666.35562,0
705.18,3.69,0.21,0.01,-47.4,13986412,1642171666.37536,0
705.18,3.69,0.21,0,-47.42,13986432,1642171666.38726,0
705.18,3.69,0.21,0,-47.45,13986452,1642171666.40721,0
705.18,3.69,0.21,0.01,-47.47,13986472,1642171666.42755,0
705.18,3.69,0.21,0.01,-47.48,13986492,1642171666.44807,0
705.18,3.69,0.21,0.01,-47.52,13986512,1642171666.46897,0
705.18,3.69,0.21,0,-47.53,13986532,1642171666.49026,0
705.18,3.69,0.21,0,-47.55,13986552,1642171666.50602,0
705.18,3.69,0.21,0.01,-47.57,13986572,1642171666.52624,0
705.18,3.69,0.21,0.01,-47.58,13986592,1642171666.54677,0
705.18,3.69,0.21,0.01,-47.6,13986612,1642171666.56843,0
705.18,3.69,0.21,0,-47.62,13986632,1642171666.58863,0
705.18,3.69,0.21,0,-47.63,13986652,1642171666.60883,0
705.18,3.69,0.21,0,-47.65,13986672,1642171666.62916,0
705.18,3.69,0.21,0.01,-47.65,13986693,1642171666.64923,0
705.18,3.69,0.21,0.01,-47.67,13986712,1642171666.67447,0
705.18,3.69,0.21,0,-47.68,13986732,1642171666.68918,0
705.18,3.69,0.21,0,-47.72,13986752,1642171666.7069,0
705.18,3.69,0.21,0,-47.73,13986772,1642171666.72749,0
705.18,3.69,0.21,0.01,-47.75,13986792,1642171666.74763,0
705.18,3.69,0.21,0.01,-47.77,13986812,1642171666.7683,0
705.18,3.69,0.21,0,-47.78,13986832,1642171666.79335,0
705.18,3.69,0.21,0,-47.82,13986851,1642171666.81344,0
705.18,3.69,0.21,0,-47.83,13986872,1642171666.83054,0
705.18,3.69,0.21,0.01,-47.85,13986892,1642171666.85066,0
705.18,3.69,0.21,0.01,-47.87,13986912,1642171666.87087,0
705.18,3.69,0.21,0,-47.88,13986931,1642171666.88682,0
705.18,3.69,0.21,0,-47.9,13986952,1642171666.90855,0
705.18,3.69,0.21,0,-47.9,13986972,1642171666.92863,0
705.18,3.69,0.21,0.01,-47.92,13986993,1642171666.94862,0
705.18,3.69,0.21,0.01,-47.92,13987012,1642171666.96928,0
705.18,3.69,0.21,0,-47.93,13987032,1642171666.98968,0
705.18,3.69,0.21,0,-47.93,13987052,1642171667.00994,0
705.18,3.69,0.21,0,-47.95,13987072,1642171667.03036,0
705.18,3.69,0.21,0.01,-47.95,13987092,1642171667.05167,0
705.18,3.69,0.21,0.01,-47.97,13987112,1642171667.07115,0
705.18,3.69,0.21,0,-47.97,13987132,1642171667.08721,0
705.18,3.69,0.21,0,-47.97,13987152,1642171667.1073,0
705.18,3.69,0.21,0,-47.98,13987172,1642171667.12884,0
705.18,3.69,0.21,0.01,-47.98,13987192,1642171667.14971,0
705.18,3.69,0.21,0.01,-47.98,13987213,1642171667.16978,0
705.18,3.69,0.21,0.01,-47.98,13987232,1642171667.1897,0
705.18,3.69,0.21,0,-48,13987252,1642171667.20993,0
705.18,3.69,0.21,0,-48,13987272,1642171667.22722,0
705.18,3.69,0.21,0.01,-48,13987293,1642171667.24711,0
705.18,3.69,0.21,0.01,-48,13987312,1642171667.26734,0
705.18,3.69,0.21,0,-48.02,13987332,1642171667.28869,0
705.18,3.69,0.21,0,-48.02,13987352,1642171667.30946,0
705.18,3.69,0.21,0,-48.02,13987372,1642171667.33025,0
705.18,3.69,0.21,0.01,-48.02,13987392,1642171667.35091,0
705.18,3.69,0.21,0.01,-48.02,13987412,1642171667.37123,0
705.18,3.69,0.21,0,-48.03,13987432,1642171667.39153,0
705.18,3.69,0.21,0,-48.03,13987452,1642171667.41188,0
705.18,3.69,0.21,0,-48.03,13987472,1642171667.4287,0
705.18,3.69,0.21,0.01,-48.03,13987492,1642171667.44863,0
705.18,3.69,0.21,0.01,-48.03,13987512,1642171667.46962,0
705.18,3.69,0.21,0,-48.03,13987532,1642171667.49019,0
705.18,3.69,0.21,0,-48.05,13987552,1642171667.51019,0
705.18,3.69,0.21,0,-48.05,13987572,1642171667.53047,0
705.18,3.69,0.21,0.01,-48.05,13987593,1642171667.55132,0
705.18,3.69,0.21,0.01,-48.05,13987612,1642171667.57111,0
705.18,3.69,0.21,0.01,-48.05,13987633,1642171667.59153,0
705.18,3.69,0.21,0,-48.07,13987652,1642171667.60862,0
705.18,3.69,0.21,0,-48.07,13987672,1642171667.62961,0
705.18,3.69,0.21,0.01,-48.07,13987692,1642171667.64978,0
705.18,3.69,0.21,0.01,-48.07,13987713,1642171667.66946,0
705.18,3.69,0.21,0,-48.08,13987732,1642171667.69015,0
705.18,3.69,0.21,0,-48.08,13987751,1642171667.71131,0
705.18,3.69,0.21,0.01,-48.08,13987772,1642171667.73202,0
705.18,3.69,0.21,0.01,-48.08,13987792,1642171667.75203,0
705.18,3.69,0.21,0.01,-48.08,13987812,1642171667.77154,0
705.18,3.69,0.21,0,-48.08,13987832,1642171667.78883,0
705.18,3.69,0.21,0,-48.1,13987852,1642171667.81659,0
705.18,3.69,0.21,0.01,-48.1,13987872,1642171667.83047,0
705.18,3.69,0.21,0.01,-48.1,13987892,1642171667.85055,0
705.18,3.69,0.21,0.01,-48.1,13987912,1642171667.87046,0
705.18,3.69,0.21,0.01,-48.1,13987933,1642171667.89101,0
705.18,3.69,0.21,0,-48.1,13987952,1642171667.91153,0
705.18,3.69,0.21,0.01,-48.1,13987972,1642171667.93267,0
705.18,3.69,0.21,0.01,-48.1,13987992,1642171667.9525,0
705.18,3.69,0.21,0.01,-48.1,13988013,1642171667.96847,0
705.18,3.69,0.21,0,-48.1,13988032,1642171667.98889,0
705.18,3.69,0.21,0,-48.1,13988052,1642171668.0095,0
705.18,3.69,0.21,0.01,-48.1,13988072,1642171668.02962,0
705.18,3.69,0.21,0.01,-48.1,13988092,1642171668.05079,0
705.18,3.69,0.21,0,-48.1,13988112,1642171668.07586,0
705.18,3.69,0.21,0,-48.1,13988132,1642171668.09193,0
705.18,3.69,0.21,0,-48.1,13988152,1642171668.11194,0
705.18,3.69,0.21,0,-48.1,13988172,1642171668.13227,0
705.18,3.69,0.21,0.01,-48.1,13988192,1642171668.14826,0
705.18,3.69,0.21,0,-48.1,13988212,1642171668.1688,0
705.18,3.69,0.21,0,-48.1,13988232,1642171668.19776,0
705.18,3.69,0.21,0,-48.1,13988252,1642171668.20998,0
705.18,3.69,0.21,0,-48.12,13988273,1642171668.22994,0
705.18,3.69,0.21,0.01,-48.12,13988292,1642171668.25093,0
705.18,3.69,0.21,0,-48.12,13988313,1642171668.27107,0
705.18,3.69,0.21,0,-48.12,13988332,1642171668.29159,0
705.18,3.69,0.21,0,-48.12,13988353,1642171668.31747,0
705.18,3.69,0.21,0,-48.12,13988372,1642171668.33607,0
705.18,3.69,0.21,0,-48.12,13988392,1642171668.34894,0
705.18,3.69,0.21,0,-48.12,13988413,1642171668.3699,0
705.18,3.69,0.21,0,-48.12,13988432,1642171668.39557,0
705.18,3.69,0.21,0,-48.12,13988452,1642171668.41347,0
705.18,3.69,0.21,0,-48.12,13988472,1642171668.43059,0
705.18,3.69,0.21,0,-48.12,13988493,1642171668.45486,0
705.18,3.69,0.21,0,-48.12,13988512,1642171668.47407,0
705.18,3.69,0.21,0,-48.12,13988533,1642171668.49265,0
705.18,3.69,0.21,0,-48.13,13988552,1642171668.51299,0
705.18,3.69,0.21,0,-48.13,13988572,1642171668.53001,0
705.18,3.69,0.21,0,-48.13,13988592,1642171668.55081,0
705.18,3.69,0.21,0,-48.13,13988612,1642171668.57054,0
705.18,3.69,0.21,0,-48.15,13988632,1642171668.59087,0
705.18,3.69,0.21,0,-48.15,13988653,1642171668.612,0
705.18,3.69,0.21,0,-48.15,13988672,1642171668.6324,0
705.18,3.69,0.21,0,-48.15,13988692,1642171668.65258,0
705.18,3.69,0.21,0,-48.15,13988712,1642171668.67295,0
705.18,3.69,0.21,0,-48.15,13988732,1642171668.69015,0
705.18,3.69,0.21,0,-48.15,13988752,1642171668.71049,0
705.18,3.69,0.21,0,-48.15,13988772,1642171668.73078,0
705.18,3.69,0.21,0,-48.15,13988792,1642171668.75103,0
705.18,3.69,0.21,0,-48.15,13988812,1642171668.77173,0
705.18,3.69,0.21,0,-48.15,13988832,1642171668.79192,0
705.18,3.69,0.21,0,-48.15,13988852,1642171668.81371,0
705.18,3.69,0.21,0,-48.13,13988872,1642171668.83314,0
705.18,3.69,0.21,0,-48.13,13988892,1642171668.85296,0
705.18,3.69,0.21,0,-48.13,13988912,1642171668.87013,0
705.18,3.69,0.21,0,-48.12,13988932,1642171668.89896,0
705.18,3.69,0.21,0,-48.1,13988953,1642171668.91982,0
705.18,3.69,0.21,0,-48.08,13988972,1642171668.93081,0
705.18,3.69,0.21,0,-48.08,13988993,1642171668.95066,0
705.18,3.69,0.21,0,-48.08,13989012,1642171668.97183,0
705.18,3.69,0.21,0,-48.08,13989032,1642171668.99185,0
705.18,3.69,0.21,0,-48.08,13989052,1642171669.01294,0
705.18,3.69,0.21,0,-48.08,13989072,1642171669.03993,0
705.18,3.69,0.21,0,-48.08,13989092,1642171669.05213,0
705.18,3.69,0.21,0,-48.08,13989112,1642171669.06981,0
705.18,3.69,0.21,0,-48.08,13989132,1642171669.09011,0
705.18,3.69,0.21,0,-48.07,13989152,1642171669.11088,0
705.18,3.69,0.21,0,-48.07,13989172,1642171669.13116,0
705.18,3.69,0.21,0,-48.07,13989192,1642171669.15225,0
705.18,3.69,0.21,0,-48.07,13989212,1642171669.17263,0
705.18,3.69,0.21,0,-48.07,13989232,1642171669.19306,0
705.18,3.69,0.21,0,-48.07,13989253,1642171669.2136,0
705.18,3.69,0.21,0,-48.07,13989272,1642171669.23422,0
705.18,3.69,0.21,0,-48.07,13989293,1642171669.24984,0
705.18,3.69,0.21,0,-48.07,13989312,1642171669.27038,0
705.18,3.69,0.21,0,-48.07,13989332,1642171669.29085,0
705.18,3.69,0.21,0,-48.07,13989352,1642171669.31204,0
705.18,3.69,0.21,0,-48.07,13989372,1642171669.33228,0
705.18,3.69,0.21,0,-48.07,13989392,1642171669.35281,0
705.18,3.69,0.21,0,-48.07,13989412,1642171669.37292,0
705.18,3.69,0.21,0,-48.07,13989432,1642171669.39375,0
705.18,3.69,0.21,0,-48.07,13989452,1642171669.4149,0
705.18,3.69,0.21,0,-48.07,13989472,1642171669.43145,0
705.18,3.69,0.21,0,-48.07,13989492,1642171669.45166,0
705.18,3.69,0.21,0,-48.07,13989512,1642171669.47231,0
705.18,3.69,0.21,0,-48.07,13989532,1642171669.49266,0
705.18,3.69,0.21,0,-48.07,13989552,1642171669.51288,0
705.18,3.69,0.21,0,-48.07,13989572,1642171669.53347,0
705.18,3.69,0.21,0,-48.07,13989593,1642171669.55369,0
705.18,3.69,0.21,0,-48.07,13989612,1642171669.57363,0
705.18,3.69,0.21,0,-48.07,13989633,1642171669.59425,0
705.18,3.69,0.21,0,-48.07,13989652,1642171669.61092,0
705.18,3.69,0.21,0,-48.07,13989672,1642171669.63141,0
705.18,3.69,0.21,0,-48.07,13989692,1642171669.65143,0
705.18,3.69,0.21,0,-48.07,13989712,1642171669.67205,0
705.18,3.69,0.21,0,-48.07,13989732,1642171669.6926,0
705.18,3.69,0.21,0,-48.07,13989752,1642171669.71303,0
705.18,3.69,0.21,0,-48.07,13989772,1642171669.73381,0
705.18,3.69,0.21,0,-48.07,13989792,1642171669.75345,0
705.18,3.69,0.21,0,-48.07,13989812,1642171669.77426,0
705.18,3.69,0.21,0,-48.07,13989832,1642171669.79126,0
705.18,3.69,0.21,0,-48.07,13989852,1642171669.81177,0
705.18,3.69,0.21,0,-48.07,13989872,1642171669.83202,0
705.18,3.69,0.21,0,-48.07,13989893,1642171669.85609,0
705.18,3.69,0.21,0,-48.07,13989912,1642171669.87376,0
705.18,3.69,0.21,0,-48.07,13989933,1642171669.8941,0
705.18,3.69,0.21,0,-48.07,13989952,1642171669.91418,0
705.18,3.69,0.21,0,-48.07,13989972,1642171669.93552,0
705.18,3.69,0.21,0,-48.07,13989992,1642171669.95469,0
705.18,3.69,0.21,0,-48.07,13990012,1642171669.97159,0
705.18,3.69,0.21,0,-48.07,13990032,1642171669.99195,0
705.18,3.69,0.21,0,-48.07,13990052,1642171670.01221,0
705.18,3.69,0.21,0,-48.07,13990072,1642171670.03323,0
705.18,3.69,0.21,0,-48.07,13990092,1642171670.0536,0
705.18,3.69,0.21,0,-48.07,13990112,1642171670.07377,0
705.18,3.69,0.21,0,-48.07,13990132,1642171670.09432,0
705.18,3.69,0.21,0,-48.07,13990152,1642171670.11549,0
705.18,3.69,0.21,0.01,-48.07,13990172,1642171670.13514,0
705.18,3.69,0.21,0,-48.07,13990192,1642171670.15213,0
705.18,3.69,0.21,0,-48.07,13990212,1642171670.17255,0
705.18,3.69,0.21,0,-48.07,13990233,1642171670.19817,0
705.18,3.69,0.21,0,-48.07,13990252,1642171670.21601,0
705.18,3.69,0.21,0.01,-48.07,13990273,1642171670.23378,0
705.18,3.69,0.21,0,-48.07,13990292,1642171670.254,0
705.18,3.69,0.21,0,-48.07,13990312,1642171670.28024,0
705.18,3.69,0.21,0,-48.07,13990332,1642171670.30095,0
705.18,3.69,0.21,0,-48.07,13990352,1642171670.31667,0
705.18,3.69,0.21,0.01,-48.07,13990372,1642171670.33589,0
705.18,3.69,0.21,0,-48.07,13990392,1642171670.35167,0
705.18,3.69,0.21,0,-48.07,13990412,1642171670.374,0
705.18,3.69,0.21,0,-48.07,13990432,1642171670.3937,0
705.18,3.69,0.21,0,-48.07,13990452,1642171670.41374,0
705.18,3.69,0.21,0.01,-48.07,13990472,1642171670.43449,0
705.18,3.69,0.21,0,-48.07,13990492,1642171670.45404,0
705.18,3.69,0.21,0,-48.07,13990512,1642171670.47448,0
705.18,3.69,0.21,0,-48.07,13990533,1642171670.49537,0
705.18,3.69,0.21,0,-48.07,13990552,1642171670.51121,0
705.18,3.69,0.21,0,-48.07,13990573,1642171670.53249,0
705.18,3.69,0.21,0,-48.07,13990592,1642171670.55201,0
705.18,3.69,0.21,0,-48.07,13990612,1642171670.57368,0
705.18,3.69,0.21,0,-48.07,13990632,1642171670.59398,0
705.18,3.69,0.21,0,-48.07,13990652,1642171670.61445,0
705.18,3.69,0.21,0,-48.07,13990672,1642171670.6351,0
705.18,3.69,0.21,0,-48.07,13990692,1642171670.65567,0
705.18,3.69,0.21,0,-48.07,13990712,1642171670.67611,0
705.18,3.69,0.21,0,-48.07,13990732,1642171670.69665,0
705.18,3.69,0.21,0,-48.07,13990752,1642171670.71262,0
705.18,3.69,0.21,0,-48.07,13990772,1642171670.73348,0
705.18,3.69,0.21,0,-48.07,13990793,1642171670.75325,0
705.18,3.69,0.21,0,-48.07,13990812,1642171670.7746,0
705.18,3.69,0.21,0,-48.07,13990832,1642171670.79447,0
705.18,3.69,0.21,0,-48.07,13990852,1642171670.81465,0
705.18,3.69,0.21,0.01,-48.07,13990873,1642171670.83567,0
705.18,3.69,0.21,0,-48.07,13990892,1642171670.85589,0
705.18,3.69,0.21,0,-48.07,13990913,1642171670.8766,0
705.18,3.69,0.21,0,-48.07,13990932,1642171670.89255,0
705.18,3.69,0.21,0,-48.07,13990952,1642171670.914,0
705.18,3.69,0.21,0.01,-48.07,13990972,1642171670.93485,0
705.18,3.69,0.21,0,-48.07,13990992,1642171670.95449,0
705.18,3.69,0.21,0,-48.07,13991012,1642171670.97449,0
705.18,3.69,0.21,0,-48.07,13991032,1642171670.99501,0
705.18,3.69,0.21,0,-48.07,13991052,1642171671.01528,0
705.18,3.69,0.21,0.01,-48.07,13991072,1642171671.03566,0
705.18,3.69,0.21,0,-48.07,13991092,1642171671.05717,0
705.18,3.69,0.21,0,-48.07,13991112,1642171671.07373,0
705.18,3.69,0.21,0,-48.07,13991132,1642171671.09411,0
705.18,3.69,0.21,0,-48.07,13991152,1642171671.11438,0
705.18,3.69,0.21,0,-48.07,13991173,1642171671.13493,0
705.18,3.69,0.21,0,-48.07,13991192,1642171671.15485,0
705.18,3.69,0.21,0,-48.07,13991213,1642171671.17505,0
705.18,3.69,0.21,0,-48.07,13991232,1642171671.19636,0
705.18,3.69,0.21,0,-48.07,13991252,1642171671.21663,0
705.18,3.69,0.21,0.01,-48.07,13991272,1642171671.23656,0
705.18,3.69,0.21,0,-48.07,13991292,1642171671.25646,0
705.18,3.69,0.21,0,-48.07,13991312,1642171671.27589,0
705.18,3.69,0.21,0,-48.07,13991332,1642171671.29699,0
705.18,3.69,0.21,0,-48.07,13991352,1642171671.31501,0
705.18,3.69,0.21,0.01,-48.07,13991372,1642171671.33535,0
705.18,3.69,0.21,0,-48.07,13991392,1642171671.35555,0
705.18,3.69,0.21,0,-48.07,13991412,1642171671.37638,0
705.18,3.69,0.21,0,-48.07,13991432,1642171671.39667,0
705.18,3.69,0.21,0,-48.07,13991452,1642171671.4169,0
705.18,3.69,0.21,0.01,-48.07,13991473,1642171671.43409,0
705.18,3.69,0.21,0,-48.07,13991492,1642171671.4535,0
705.18,3.69,0.21,0,-48.07,13991512,1642171671.47429,0
705.18,3.69,0.21,0,-48.07,13991532,1642171671.50148,0
705.18,3.69,0.21,0,-48.07,13991553,1642171671.51595,0
705.18,3.69,0.21,0.01,-48.07,13991572,1642171671.53598,0
705.18,3.69,0.21,0,-48.07,13991592,1642171671.55627,0
705.18,3.69,0.21,0,-48.07,13991612,1642171671.577,0
705.18,3.69,0.21,0,-48.07,13991632,1642171671.59703,0
705.18,3.69,0.21,0,-48.07,13991652,1642171671.614,0
705.18,3.69,0.21,0,-48.07,13991672,1642171671.63484,0
705.18,3.69,0.21,0,-48.07,13991692,1642171671.65452,0
705.18,3.69,0.21,0,-48.07,13991712,1642171671.67487,0
705.18,3.69,0.21,0,-48.07,13991732,1642171671.69573,0
705.18,3.69,0.21,0,-48.07,13991752,1642171671.71652,0
705.18,3.69,0.21,0,-48.07,13991772,1642171671.73613,0
705.18,3.69,0.21,0,-48.07,13991792,1642171671.75754,0
705.18,3.69,0.21,0,-48.07,13991812,1642171671.77803,0
705.18,3.69,0.21,0,-48.07,13991832,1642171671.79395,0
705.18,3.69,0.21,0,-48.07,13991853,1642171671.81434,0
705.18,3.69,0.21,0,-48.07,13991872,1642171671.83498,0
705.18,3.69,0.21,0,-48.07,13991892,1642171671.85554,0
705.18,3.69,0.21,0,-48.07,13991912,1642171671.87632,0
705.18,3.69,0.21,0,-48.07,13991932,1642171671.89658,0
705.18,3.69,0.21,0,-48.07,13991952,1642171671.91703,0
705.18,3.69,0.21,0,-48.07,13991972,1642171671.93667,0
705.18,3.69,0.21,0,-48.07,13991992,1642171671.95823,0
705.18,3.69,0.21,0,-48.07,13992012,1642171671.97444,0
705.18,3.69,0.21,0,-48.07,13992032,1642171671.99442,0
705.18,3.69,0.21,0,-48.07,13992052,1642171672.01506,0
705.18,3.69,0.21,0,-48.07,13992072,1642171672.03527,0
705.18,3.69,0.21,0,-48.07,13992092,1642171672.06366,0
705.18,3.69,0.21,0,-48.07,13992112,1642171672.07807,0
705.18,3.69,0.21,0,-48.07,13992132,1642171672.09664,0
705.18,3.69,0.21,0,-48.07,13992152,1642171672.11738,0
705.18,3.69,0.21,0,-48.07,13992172,1642171672.13715,0
705.18,3.69,0.21,0,-48.07,13992193,1642171672.15418,0
705.18,3.69,0.21,0,-48.07,13992212,1642171672.17483,0
705.18,3.69,0.21,0,-48.07,13992232,1642171672.19547,0
705.18,3.69,0.21,0,-48.07,13992252,1642171672.2166,0
705.18,3.69,0.21,0,-48.07,13992272,1642171672.23644,0
705.18,3.69,0.21,0,-48.07,13992292,1642171672.25705,0
705.18,3.69,0.21,0,-48.07,13992312,1642171672.27744,0
705.18,3.69,0.21,0,-48.07,13992332,1642171672.30183,0
705.18,3.69,0.21,0,-48.07,13992352,1642171672.32221,0
705.18,3.69,0.21,0,-48.07,13992372,1642171672.33761,0
705.18,3.69,0.21,0,-48.07,13992392,1642171672.35751,0
705.18,3.69,0.21,0,-48.07,13992412,1642171672.37569,0
705.18,3.69,0.21,0,-48.07,13992432,1642171672.39628,0
705.18,3.69,0.21,0,-48.07,13992452,1642171672.41705,0
705.18,3.69,0.21,0,-48.07,13992472,1642171672.43688,0
705.18,3.69,0.21,0,-48.07,13992493,1642171672.46005,0
705.18,3.69,0.21,0,-48.07,13992512,1642171672.47935,0
705.18,3.69,0.21,0,-48.07,13992532,1642171672.4988,0
705.18,3.69,0.21,0,-48.07,13992552,1642171672.52037,0
705.18,3.69,0.21,0,-48.07,13992572,1642171672.53694,0
705.18,3.69,0.21,0,-48.07,13992592,1642171672.55548,0
705.18,3.69,0.21,0,-48.07,13992612,1642171672.57623,0
705.18,3.69,0.21,0,-48.07,13992632,1642171672.59668,0
705.18,3.69,0.21,0,-48.07,13992652,1642171672.61718,0
705.18,3.69,0.21,0,-48.07,13992672,1642171672.63716,0
705.18,3.69,0.21,0,-48.07,13992692,1642171672.65729,0
705.18,3.69,0.21,0,-48.07,13992712,1642171672.67843,0
705.18,3.69,0.21,0,-48.07,13992732,1642171672.6954,0
705.18,3.69,0.21,0,-48.07,13992752,1642171672.71539,0
705.18,3.69,0.21,0,-48.07,13992772,1642171672.73712,0
705.18,3.69,0.21,0,-48.07,13992792,1642171672.75624,0
705.18,3.69,0.21,0,-48.07,13992812,1642171672.77919,0
705.18,3.69,0.21,0,-48.07,13992833,1642171672.79884,0
705.18,3.69,0.21,0,-48.07,13992852,1642171672.81961,0
705.18,3.69,0.21,0,-48.07,13992872,1642171672.83714,0
705.18,3.69,0.21,0,-48.07,13992892,1642171672.8605,0
705.18,3.69,0.21,0,-48.07,13992912,1642171672.87538,0
705.18,3.69,0.21,0,-48.07,13992932,1642171672.89601,0
705.18,3.69,0.21,0,-48.07,13992952,1642171672.91599,0
705.18,3.69,0.21,0,-48.07,13992972,1642171672.93594,0
705.18,3.69,0.21,0,-48.07,13992992,1642171672.95709,0
705.18,3.69,0.21,0,-48.07,13993012,1642171672.97727,0
705.18,3.69,0.21,0,-48.07,13993032,1642171672.99814,0
705.18,3.69,0.21,0,-48.07,13993052,1642171673.02039,0
705.18,3.69,0.21,0,-48.07,13993072,1642171673.04502,0
705.18,3.69,0.21,0,-48.07,13993092,1642171673.05435,0
705.18,3.69,0.21,0,-48.07,13993112,1642171673.07627,0
705.18,3.69,0.21,0.01,-48.07,13993133,1642171673.09575,0
705.18,3.69,0.21,0,-48.07,13993152,1642171673.11705,0
705.18,3.69,0.21,0,-48.07,13993172,1642171673.13714,0
705.18,3.69,0.21,0,-48.07,13993192,1642171673.15749,0
705.18,3.69,0.21,0,-48.07,13993212,1642171673.18701,0
705.18,3.69,0.21,0.01,-48.07,13993232,1642171673.20337,0
705.18,3.69,0.21,0,-48.07,13993252,1642171673.21895,0
705.18,3.69,0.21,0,-48.07,13993272,1642171673.23869,0
705.18,3.69,0.21,0,-48.07,13993292,1642171673.25512,0
705.18,3.69,0.21,0,-48.07,13993312,1642171673.27607,0
705.18,3.69,0.21,0.01,-48.07,13993332,1642171673.29735,0
705.18,3.69,0.21,0,-48.07,13993352,1642171673.31783,0
705.18,3.69,0.21,0,-48.07,13993372,1642171673.33782,0
705.18,3.69,0.21,0,-48.07,13993392,1642171673.3586,0
705.18,3.69,0.21,0,-48.07,13993412,1642171673.38406,0
705.18,3.69,0.21,0.01,-48.07,13993433,1642171673.40071,0
705.18,3.69,0.21,0,-48.07,13993452,1642171673.419,0
705.18,3.69,0.21,0,-48.07,13993473,1642171673.43584,0
705.18,3.69,0.21,0,-48.07,13993492,1642171673.45599,0
705.18,3.69,0.21,0,-48.07,13993512,1642171673.47747,0
705.18,3.69,0.21,0.01,-48.07,13993532,1642171673.49913,0
705.18,3.69,0.21,0,-48.07,13993552,1642171673.52478,0
705.18,3.69,0.21,0,-48.07,13993572,1642171673.53967,0
705.18,3.69,0.21,0,-48.07,13993592,1642171673.55886,0
705.18,3.69,0.21,0,-48.07,13993612,1642171673.58085,0
705.18,3.69,0.21,0.01,-48.07,13993632,1642171673.60028,0
705.18,3.69,0.21,0,-48.07,13993652,1642171673.61647,0
705.18,3.69,0.21,0,-48.07,13993672,1642171673.63632,0
705.18,3.69,0.21,0,-48.07,13993692,1642171673.65692,0
705.18,3.69,0.21,0,-48.07,13993712,1642171673.67735,0
705.18,3.69,0.21,0.01,-48.07,13993733,1642171673.69822,0
705.18,3.69,0.21,0,-48.07,13993752,1642171673.71868,0
705.18,3.69,0.21,0,-48.07,13993773,1642171673.73957,0
