495.44,3.45,-0,0,103.23,14678812,1642172359.85117,-0.01
495.44,3.45,-0,0,103.23,14678833,1642172359.85196,-0.01
495.44,3.45,-0,0,103.23,14678852,1642172359.85273,-0.01
495.44,3.45,-0,0,103.23,14678873,1642172359.8534,-0.01
495.44,3.45,-0,0,103.23,14678893,1642172359.85408,-0.01
495.44,3.45,-0,0,103.23,14678913,1642172359.85517,-0.01
495.44,3.45,-0,0,103.23,14678933,1642172359.87863,-0.01
495.44,3.45,-0,0,103.23,14678952,1642172359.93564,-0.01
495.44,3.45,-0,0,103.23,14678973,1642172359.93711,-0.01
495.44,3.45,-0,0,103.23,14678992,1642172359.93891,-0.01
495.44,3.45,-0,0,103.23,14679013,1642172359.97809,-0.01
495.44,3.45,-0,0,103.23,14679032,1642172359.98342,-0.01
495.44,3.45,-0,0,103.23,14679053,1642172360.02677,-0.01
495.44,3.45,-0,0,103.23,14679072,1642172360.02816,-0.01
495.44,3.45,-0,0,103.23,14679093,1642172360.03384,-0.01
495.44,3.45,-0,0,103.23,14679112,1642172360.05365,-0.01
495.44,3.45,-0,0,103.23,14679133,1642172360.08108,-0.01
495.44,3.45,-0,0,103.23,14679152,1642172360.09419,-0.01
495.44,3.45,-0,0,103.23,14679173,1642172360.1161,-0.01
495.44,3.45,-0,0,103.23,14679192,1642172360.13575,-0.01
495.44,3.45,-0,0,103.23,14679213,1642172360.15515,-0.01
495.44,3.45,-0,0,103.23,14679232,1642172360.1763,-0.01
495.44,3.45,-0,0,103.23,14679252,1642172360.19233,-0.01
495.44,3.45,-0,0,103.23,14679273,1642172360.21259,-0.01
495.44,3.45,-0,0,103.23,14679292,1642172360.23281,-0.01
495.44,3.45,-0,0,103.23,14679313,1642172360.25342,-0.01
495.44,3.45,-0,0,103.23,14679332,1642172360.27651,-0.01
495.44,3.45,-0,0,103.23,14679353,1642172360.29952,-0.01
495.44,3.45,-0,0,103.23,14679372,1642172360.31858,-0.01
495.44,3.45,-0,0,103.23,14679393,1642172360.33731,-0.01
495.44,3.45,-0,0,103.23,14679412,1642172360.36079,-0.01
495.44,3.45,-0,0,103.23,14679433,1642172360.37524,-0.01
495.44,3.45,-0,0,103.23,14679452,1642172360.39834,-0.01
495.44,3.45,-0,0,103.23,14679473,1642172360.41397,-0.01
495.44,3.45,-0,0,103.23,14679492,1642172360.43805,-0.01
495.44,3.45,-0,0,103.23,14679513,1642172360.4547,-0.01
495.44,3.45,-0,0,103.23,14679532,1642172360.47635,-0.01
495.44,3.45,-0,0,103.23,14679553,1642172360.49695,-0.01
495.44,3.45,-0,0,103.23,14679573,1642172360.51623,-0.01
495.44,3.45,-0,0,103.23,14679592,1642172360.53824,-0.01
495.44,3.45,-0,0,103.23,14679613,1642172360.55377,-0.01
495.44,3.45,-0,0,103.23,14679632,1642172360.57367,-0.01
495.44,3.45,-0,0,103.23,14679653,1642172360.59469,-0.01
495.44,3.45,-0,0,103.23,14679672,1642172360.61523,-0.01
495.44,3.45,-0,0,103.23,14679693,1642172360.63583,-0.01
495.44,3.45,-0,0,103.23,14679712,1642172360.65612,-0.01
495.44,3.45,-0,0,103.23,14679733,1642172360.67642,-0.01
495.44,3.45,-0,0,103.23,14679752,1642172360.69616,-0.01
495.44,3.45,-0,0,103.23,14679773,1642172360.71752,-0.01
495.44,3.45,-0,0,103.23,14679792,1642172360.73303,-0.01
495.44,3.45,-0,0,103.23,14679813,1642172360.75314,-0.01
495.44,3.45,-0,0,103.23,14679832,1642172360.77346,-0.01
495.44,3.45,-0,0,103.23,14679853,1642172360.79456,-0.01
495.44,3.45,-0,0,103.23,14679873,1642172360.81485,-0.01
495.44,3.45,-0,0,103.23,14679892,1642172360.83475,-0.01
495.44,3.45,-0,0,103.23,14679913,1642172360.85622,-0.01
495.44,3.45,-0,0,103.23,14679932,1642172360.87648,-0.01
495.44,3.45,-0,0,103.23,14679953,1642172360.89711,-0.01
495.44,3.45,-0,0,103.23,14679972,1642172360.91824,-0.01
495.44,3.45,-0,0,103.23,14679993,1642172360.93472,-0.01
495.44,3.45,-0,0,103.23,14680012,1642172360.9545,-0.01
495.44,3.45,-0,0,103.23,14680033,1642172360.97581,-0.01
495.44,3.45,-0,0,103.23,14680052,1642172360.99528,-0.01
495.44,3.45,-0,0,103.23,14680073,1642172361.01684,-0.01
495.44,3.45,-0,0,103.23,14680092,1642172361.04041,-0.01
495.44,3.45,-0,0.01,103.23,14680113,1642172361.05813,-0.01
495.44,3.45,-0,0,103.23,14680132,1642172361.07859,-0.01
495.44,3.45,-0,0,103.23,14680153,1642172361.09875,-0.01
495.44,3.45,-0,0,103.23,14680173,1642172361.11431,-0.01
495.44,3.45,-0,0,103.23,14680193,1642172361.13454,-0.01
495.44,3.45,-0,0.01,103.23,14680213,1642172361.15477,-0.01
495.44,3.45,-0,0,103.23,14680232,1642172361.17536,-0.01
495.44,3.45,-0,0,103.23,14680253,1642172361.19554,-0.01
495.44,3.45,-0,0,103.23,14680272,1642172361.21574,-0.01
495.44,3.45,-0,0,103.23,14680293,1642172361.23677,-0.01
495.44,3.45,-0,0.01,103.23,14680312,1642172361.25712,-0.01
495.44,3.45,-0,0,103.23,14680333,1642172361.27759,-0.01
495.44,3.45,-0,0,103.23,14680352,1642172361.29431,-0.01
495.44,3.45,-0,0,103.23,14680373,1642172361.31474,-0.01
495.44,3.45,-0,0,103.23,14680392,1642172361.33539,-0.01
495.44,3.45,-0,0.01,103.23,14680413,1642172361.35542,-0.01
495.44,3.45,-0,0,103.23,14680432,1642172361.3828,-0.01
495.44,3.45,-0,0,103.23,14680453,1642172361.40522,-0.01
495.44,3.45,-0,0,103.23,14680472,1642172361.41748,-0.01
495.44,3.45,-0,0,103.23,14680493,1642172361.43684,-0.01
495.44,3.45,-0,0.01,103.23,14680513,1642172361.45729,-0.01
495.44,3.45,-0,0,103.23,14680532,1642172361.4739,-0.01
495.44,3.45,-0,0,103.23,14680553,1642172361.49407,-0.01
495.44,3.45,-0,0,103.23,14680572,1642172361.51587,-0.01
495.44,3.45,-0,0,103.23,14680593,1642172361.53517,-0.01
495.44,3.45,-0,0.01,103.23,14680612,1642172361.55606,-0.01
495.44,3.45,-0,0,103.23,14680633,1642172361.5828,-0.01
495.44,3.45,-0,0,103.23,14680652,1642172361.60264,-0.01
495.44,3.45,-0,0,103.23,14680673,1642172361.61734,-0.01
495.44,3.45,-0,0,103.23,14680692,1642172361.6374,-0.01
495.44,3.45,-0,0.01,103.23,14680713,1642172361.65403,-0.01
495.44,3.45,-0,0,103.23,14680732,1642172361.6752,-0.01
495.44,3.45,-0,0,103.23,14680753,1642172361.69526,-0.01
495.44,3.45,-0,0,103.23,14680772,1642172361.72885,-0.01
495.44,3.45,-0,0,103.23,14680793,1642172361.73937,-0.01
495.44,3.45,-0,0.01,103.23,14680813,1642172361.75644,-0.01
495.44,3.45,-0,0,103.23,14680833,1642172361.77685,-0.01
495.44,3.45,-0,0,103.23,14680853,1642172361.79738,-0.01
495.44,3.45,-0,0,103.23,14680872,1642172361.81817,-0.01
495.44,3.45,-0,0,103.23,14680893,1642172361.83478,-0.01
495.44,3.45,-0,0.01,103.23,14680912,1642172361.85992,-0.01
495.44,3.45,-0,0,103.23,14680933,1642172361.87577,-0.01
495.44,3.45,-0,0,103.23,14680952,1642172361.89763,-0.01
495.44,3.45,-0,0,103.23,14680973,1642172361.91631,-0.01
495.44,3.45,-0,0,103.23,14680992,1642172361.93672,-0.01
495.44,3.45,-0,0.01,103.23,14681013,1642172361.95688,-0.01
495.44,3.45,-0,0,103.23,14681032,1642172361.97743,-0.01
495.44,3.45,-0,0,103.23,14681053,1642172361.99856,-0.01
495.44,3.45,-0,0,103.23,14681072,1642172362.01574,-0.01
495.44,3.45,-0,0,103.23,14681093,1642172362.03556,-0.01
495.44,3.45,-0,0.01,103.23,14681113,1642172362.05588,-0.01
495.44,3.45,-0,0,103.23,14681133,1642172362.07662,-0.01
495.44,3.45,-0,0,103.23,14681153,1642172362.09713,-0.01
495.44,3.45,-0,0,103.23,14681172,1642172362.12328,-0.01
495.44,3.45,-0,0,103.23,14681193,1642172362.14313,-0.01
495.44,3.45,-0,0.01,103.23,14681212,1642172362.15793,-0.01
495.44,3.45,-0,0,103.23,14681233,1642172362.179,-0.01
495.44,3.45,-0,0,103.23,14681252,1642172362.1946,-0.01
495.44,3.45,-0,0,103.23,14681273,1642172362.21603,-0.01
495.44,3.45,-0,0,103.23,14681292,1642172362.23604,-0.01
495.44,3.45,-0,0.01,103.23,14681313,1642172362.25626,-0.01
495.44,3.45,-0,0,103.23,14681332,1642172362.27749,-0.01
495.44,3.45,-0,0,103.23,14681353,1642172362.29831,-0.01
495.44,3.45,-0,0,103.23,14681372,1642172362.31772,-0.01
495.44,3.45,-0,0,103.23,14681393,1642172362.33817,-0.01
495.44,3.45,-0,0.01,103.23,14681413,1642172362.35889,-0.01
495.44,3.45,-0,0,103.23,14681433,1642172362.37607,-0.01
495.44,3.45,-0,0,103.23,14681452,1642172362.40184,-0.01
495.44,3.45,-0,0,103.23,14681473,1642172362.41921,-0.01
495.44,3.45,-0,0,103.23,14681493,1642172362.4394,-0.01
495.44,3.45,-0,0,103.23,14681512,1642172362.45728,-0.01
495.44,3.45,-0,0,103.23,14681533,1642172362.47747,-0.01
495.44,3.45,-0,0,103.23,14681552,1642172362.49801,-0.01
495.44,3.45,-0,0,103.23,14681573,1642172362.519,-0.01
495.44,3.45,-0,0,103.23,14681592,1642172362.53925,-0.01
495.44,3.45,-0,0,103.23,14681613,1642172362.55586,-0.01
495.44,3.45,-0,0,103.23,14681632,1642172362.57639,-0.01
495.44,3.45,-0,0,103.23,14681653,1642172362.60106,-0.01
495.44,3.45,-0,0,103.23,14681672,1642172362.62241,-0.01
495.44,3.45,-0,0,103.23,14681693,1642172362.63686,-0.01
495.44,3.45,-0,0,103.23,14681712,1642172362.65794,-0.01
495.44,3.45,-0,0,103.23,14681733,1642172362.67835,-0.01
495.44,3.45,-0,0,103.23,14681752,1642172362.69908,-0.01
495.44,3.45,-0,0,103.23,14681773,1642172362.71959,-0.01
495.44,3.45,-0,0,103.23,14681792,1642172362.73619,-0.01
495.44,3.45,-0,0,103.23,14681812,1642172362.75607,-0.01
495.44,3.45,-0,0,103.23,14681833,1642172362.77728,-0.01
495.44,3.45,-0,0,103.23,14681852,1642172362.80365,-0.01
495.44,3.45,-0,0,103.23,14681873,1642172362.82083,-0.01
495.44,3.45,-0,0,103.23,14681892,1642172362.83839,-0.01
495.44,3.45,-0,0,103.23,14681913,1642172362.85856,-0.01
495.44,3.45,-0,0,103.23,14681932,1642172362.87891,-0.01
495.44,3.45,-0,0,103.23,14681953,1642172362.8996,-0.01
495.44,3.45,-0,0,103.23,14681972,1642172362.92033,-0.01
495.44,3.45,-0,0,103.23,14681993,1642172362.93629,-0.01
495.44,3.45,-0,0,103.23,14682012,1642172362.96207,-0.01
495.44,3.45,-0,0,103.23,14682033,1642172362.98234,-0.01
495.44,3.45,-0,0,103.23,14682052,1642172362.99983,-0.01
495.44,3.45,-0,0,103.23,14682073,1642172363.01958,-0.01
495.44,3.45,-0,0,103.23,14682092,1642172363.03979,-0.01
495.44,3.45,-0,0,103.23,14682113,1642172363.06005,-0.01
495.44,3.45,-0,0,103.23,14682133,1642172363.08031,-0.01
495.44,3.45,-0,0,103.23,14682152,1642172363.10158,-0.01
495.44,3.45,-0,0,103.23,14682173,1642172363.11655,-0.01
495.44,3.45,-0,0,103.23,14682192,1642172363.13714,-0.01
495.44,3.45,-0,0,103.23,14682213,1642172363.15799,-0.01
495.44,3.45,-0,0,103.23,14682232,1642172363.17907,-0.01
495.44,3.45,-0,0,103.23,14682253,1642172363.20015,-0.01
495.44,3.45,-0,0,103.23,14682272,1642172363.21994,-0.01
495.44,3.45,-0,0,103.23,14682293,1642172363.23983,-0.01
495.44,3.45,-0,0,103.23,14682312,1642172363.26032,-0.01
495.44,3.45,-0,0,103.23,14682333,1642172363.28093,-0.01
495.44,3.45,-0,0,103.23,14682353,1642172363.3022,-0.01
495.44,3.45,-0,0,103.23,14682373,1642172363.31912,-0.01
495.44,3.45,-0,0,103.23,14682392,1642172363.33731,-0.01
495.44,3.45,-0,0,103.23,14682413,1642172363.35928,-0.01
495.44,3.45,-0,0,103.23,14682433,1642172363.37968,-0.01
495.44,3.45,-0,0,103.23,14682452,1642172363.39975,-0.01
495.44,3.45,-0,0,103.23,14682473,1642172363.42,-0.01
495.44,3.45,-0,0,103.23,14682492,1642172363.44027,-0.01
495.44,3.45,-0,0,103.23,14682513,1642172363.46071,-0.01
495.44,3.45,-0,0,103.23,14682532,1642172363.47715,-0.01
495.44,3.45,-0,0,103.23,14682553,1642172363.49791,-0.01
495.44,3.45,-0,0,103.23,14682572,1642172363.51838,-0.01
495.44,3.45,-0,0.01,103.23,14682593,1642172363.53877,-0.01
495.44,3.45,-0,0.01,103.23,14682612,1642172363.56026,-0.01
495.44,3.45,-0,0,103.23,14682633,1642172363.58007,-0.01
495.44,3.45,-0,0.01,103.23,14682653,1642172363.60054,-0.01
495.44,3.45,-0,0,103.23,14682673,1642172363.62533,-0.01
495.44,3.45,-0,0.01,103.23,14682692,1642172363.64099,-0.01
495.44,3.45,-0,0.01,103.23,14682713,1642172363.65672,-0.01
495.44,3.45,-0,0,103.23,14682732,1642172363.67725,-0.01
495.44,3.45,-0,0.01,103.23,14682753,1642172363.69907,-0.01
495.44,3.45,-0,0.01,103.23,14682773,1642172363.71908,-0.01
495.44,3.45,-0,0.01,103.23,14682792,1642172363.73986,-0.01
495.44,3.45,-0,0.01,103.23,14682813,1642172363.76121,-0.01
495.44,3.45,-0,0,103.23,14682832,1642172363.7813,-0.01
495.44,3.45,-0,0.01,103.23,14682853,1642172363.80156,-0.01
495.44,3.45,-0,0.01,103.23,14682872,1642172363.82188,-0.01
495.44,3.45,-0,0.01,103.23,14682893,1642172363.8386,-0.01
495.44,3.45,-0,0.01,103.23,14682912,1642172363.85812,-0.01
495.44,3.45,-0,0.01,103.23,14682933,1642172363.87955,-0.01
495.44,3.45,-0,0.01,103.23,14682952,1642172363.90007,-0.01
495.44,3.45,-0,0.01,103.23,14682973,1642172363.92032,-0.01
495.44,3.45,-0,0.01,103.23,14682992,1642172363.94035,-0.01
495.44,3.45,-0,0.01,103.23,14683013,1642172363.96045,-0.01
495.44,3.45,-0,0.01,103.23,14683033,1642172363.98194,-0.01
495.44,3.45,-0,0.01,103.23,14683053,1642172364.00223,-0.01
495.44,3.45,-0,0.01,103.23,14683073,1642172364.01825,-0.01
495.44,3.45,-0,0.01,103.23,14683092,1642172364.03934,-0.01
495.44,3.45,-0,0.01,103.23,14683113,1642172364.05962,-0.01
495.44,3.45,-0,0.01,103.23,14683132,1642172364.07979,-0.01
495.44,3.45,-0,0.01,103.23,14683153,1642172364.10013,-0.01
495.44,3.45,-0,0.01,103.23,14683172,1642172364.12025,-0.01
495.44,3.45,-0,0.01,103.23,14683193,1642172364.14598,-0.01
495.44,3.45,-0,0.01,103.23,14683212,1642172364.16147,-0.01
495.44,3.45,-0,0.01,103.25,14683233,1642172364.1817,-0.01
495.44,3.45,-0,0.01,103.25,14683252,1642172364.19748,-0.01
495.44,3.45,-0,0.01,103.26,14683273,1642172364.21804,-0.01
495.44,3.45,-0,0.01,103.33,14683292,1642172364.23936,-0.01
495.44,3.45,-0,0.01,103.4,14683313,1642172364.26356,-0.01
495.44,3.45,-0,0.01,103.48,14683333,1642172364.28059,-0.01
495.44,3.45,-0,0.01,103.55,14683353,1642172364.30064,-0.01
495.44,3.45,-0,0.01,103.63,14683373,1642172364.32206,-0.01
495.44,3.45,-0,0.01,103.7,14683393,1642172364.34125,-0.01
495.44,3.45,-0,0.01,103.73,14683413,1642172364.36147,-0.01
495.44,3.45,-0,0.01,103.76,14683432,1642172364.37872,-0.01
495.44,3.45,-0,0.01,103.81,14683453,1642172364.39939,-0.01
495.44,3.45,-0,0.01,103.86,14683472,1642172364.42072,-0.01
495.44,3.45,-0,0.01,103.95,14683493,1642172364.43991,-0.01
495.44,3.45,-0,0.01,104.05,14683512,1642172364.46556,-0.01
495.44,3.45,-0,0.01,104.13,14683533,1642172364.48322,-0.01
495.44,3.45,-0,0.01,104.26,14683552,1642172364.50132,-0.01
495.44,3.45,-0,0.01,104.46,14683573,1642172364.52144,-0.01
495.44,3.45,-0,0.01,104.66,14683592,1642172364.54181,-0.01
495.44,3.45,-0,0.01,104.93,14683613,1642172364.56175,-0.01
495.44,3.45,-0,0.01,105.3,14683633,1642172364.57872,-0.01
495.44,3.45,-0,0.01,105.65,14683653,1642172364.59894,-0.01
495.44,3.45,-0,0.01,105.91,14683673,1642172364.62015,-0.01
495.44,3.45,-0,0.01,106.2,14683693,1642172364.64011,-0.01
495.44,3.45,-0,0.01,106.56,14683713,1642172364.66062,-0.01
495.44,3.45,-0,0.01,107,14683732,1642172364.68099,-0.01
495.44,3.45,-0,0.01,107.46,14683753,1642172364.7023,-0.01
495.44,3.45,-0,0.01,107.91,14683772,1642172364.72312,-0.01
495.44,3.45,-0,0.01,108.35,14683793,1642172364.74401,-0.01
495.44,3.45,-0,0.01,108.71,14683812,1642172364.76035,-0.01
495.44,3.45,-0,0.01,108.93,14683833,1642172364.78101,-0.01
495.44,3.45,-0,0.01,108.98,14683852,1642172364.80042,-0.01
495.44,3.45,-0,0.01,108.98,14683873,1642172364.82097,-0.01
495.44,3.45,-0,0.01,108.98,14683892,1642172364.84161,-0.01
495.44,3.45,-0,0.01,108.95,14683913,1642172364.8618,-0.01
495.44,3.45,-0,0.01,108.88,14683932,1642172364.88211,-0.01
495.44,3.45,-0,0.01,108.73,14683953,1642172364.90343,-0.01
495.44,3.45,-0,0.01,108.41,14683973,1642172364.93372,-0.01
495.44,3.45,-0,0.01,107.9,14683993,1642172364.94008,-0.01
495.44,3.45,-0,0.01,107.18,14684013,1642172364.95988,-0.01
495.44,3.45,-0,0.01,106.28,14684033,1642172364.98598,-0.01
495.44,3.45,-0,0.01,105.2,14684053,1642172365.00393,-0.01
495.44,3.45,-0,0.01,104.01,14684072,1642172365.0218,-0.01
495.44,3.45,-0,0.01,102.8,14684093,1642172365.04163,-0.01
495.44,3.45,-0,0.01,101.55,14684112,1642172365.06729,-0.01
495.44,3.45,-0,0.01,100.35,14684133,1642172365.08773,-0.01
495.44,3.45,-0,0.01,99.16,14684152,1642172365.10323,-0.01
495.44,3.45,-0,0.01,98.06,14684173,1642172365.11906,-0.01
495.44,3.45,-0,0.01,96.95,14684192,1642172365.14005,-0.01
495.44,3.45,-0,0.01,95.8,14684213,1642172365.1602,-0.01
495.44,3.45,-0,0.01,94.58,14684232,1642172365.18039,-0.01
495.44,3.45,-0,0.01,93.33,14684253,1642172365.20218,-0.01
495.44,3.45,-0,0.01,92.03,14684272,1642172365.22222,-0.01
495.44,3.45,-0,0.01,90.63,14684293,1642172365.24252,-0.01
495.44,3.45,-0,0.01,89.25,14684313,1642172365.2627,-0.01
495.44,3.45,-0,0.01,87.85,14684333,1642172365.28421,-0.01
495.44,3.45,-0,0.01,86.46,14684353,1642172365.30037,-0.01
495.44,3.45,-0,0.01,85.15,14684372,1642172365.32671,-0.01
495.44,3.45,-0,0.01,83.93,14684393,1642172365.34141,-0.01
495.44,3.45,-0,0.01,82.75,14684412,1642172365.36132,-0.01
495.44,3.45,-0,0.01,81.58,14684433,1642172365.38202,-0.01
495.44,3.45,-0,0.01,80.36,14684452,1642172365.40242,-0.01
495.44,3.45,-0,0.01,79.18,14684473,1642172365.42228,-0.01
495.44,3.45,-0,0.01,78.05,14684492,1642172365.44318,-0.01
495.44,3.45,-0,0.01,76.9,14684513,1642172365.46402,-0.01
495.44,3.45,-0,0.01,75.76,14684532,1642172365.47973,-0.01
495.44,3.45,-0,0.01,74.55,14684553,1642172365.49985,-0.01
495.44,3.45,-0,0.01,73.26,14684572,1642172365.52123,-0.01
495.44,3.45,-0,0.01,71.75,14684593,1642172365.5414,-0.01
495.44,3.45,-0,0.01,70,14684612,1642172365.56175,-0.01
495.44,3.45,-0,0.01,68,14684633,1642172365.58211,-0.01
495.44,3.45,-0,0.01,65.95,14684653,1642172365.60276,-0.01
495.44,3.45,-0,0.01,64,14684673,1642172365.62318,-0.01
495.44,3.45,-0,0.01,62.28,14684693,1642172365.64349,-0.01
495.44,3.45,-0,0.01,60.86,14684712,1642172365.66047,-0.01
495.44,3.45,-0,0.01,59.63,14684733,1642172365.68117,-0.01
495.44,3.45,-0,0.01,58.48,14684752,1642172365.70133,-0.01
495.44,3.45,-0,0.01,57.4,14684773,1642172365.72238,-0.01
495.44,3.45,-0,0.01,56.31,14684792,1642172365.74285,-0.01
495.44,3.45,-0,0.01,55.26,14684813,1642172365.76312,-0.01
495.44,3.45,-0,0.01,54.21,14684832,1642172365.78336,-0.01
495.44,3.45,-0,0.01,53.18,14684853,1642172365.8035,-0.01
495.44,3.45,-0,0.01,52.13,14684872,1642172365.83532,-0.01
495.44,3.45,-0,0.01,51,14684893,1642172365.84817,-0.01
495.44,3.45,-0,0.01,49.88,14684912,1642172365.86134,-0.01
495.44,3.45,-0,0.01,48.75,14684933,1642172365.88141,-0.01
495.44,3.45,-0,0.01,47.62,14684953,1642172365.90147,-0.01
495.44,3.45,-0,0.01,46.48,14684973,1642172365.92297,-0.01
495.44,3.45,-0,0.01,45.32,14684993,1642172365.9429,-0.01
495.44,3.45,-0,0.01,44.13,14685012,1642172365.96332,-0.01
495.44,3.45,-0,0.01,43,14685033,1642172365.99185,-0.01
495.44,3.45,-0,0.01,41.85,14685052,1642172366.00731,-0.01
495.44,3.45,-0,0.01,40.72,14685073,1642172366.02059,-0.01
495.44,3.45,-0,0.01,39.57,14685092,1642172366.0407,-0.01
495.44,3.45,-0,0.01,38.43,14685113,1642172366.06206,-0.01
495.44,3.45,-0,0.01,37.33,14685132,1642172366.08258,-0.01
495.44,3.45,-0,0.01,36.27,14685153,1642172366.10372,-0.01
495.44,3.45,-0,0.01,35.22,14685172,1642172366.12864,-0.01
495.44,3.45,-0,0.01,34.25,14685193,1642172366.14351,-0.01
495.44,3.45,-0,0.01,33.35,14685212,1642172366.1647,-0.01
495.44,3.45,-0,0.01,32.45,14685233,1642172366.19008,-0.01
495.44,3.45,-0,0.01,31.58,14685252,1642172366.20294,-0.01
495.44,3.45,-0,0.01,30.73,14685273,1642172366.22219,-0.01
495.44,3.45,-0,0.01,29.92,14685293,1642172366.24184,-0.01
495.44,3.45,-0,0.01,29.13,14685313,1642172366.26234,-0.01
495.44,3.45,-0,0.01,28.38,14685333,1642172366.28309,-0.01
495.44,3.45,-0,0.01,27.6,14685352,1642172366.30367,-0.01
495.44,3.45,-0,0.01,26.83,14685373,1642172366.32368,-0.01
495.44,3.45,-0,0.01,26.05,14685392,1642172366.34488,-0.01
495.44,3.45,-0,0.01,25.25,14685413,1642172366.36522,-0.01
495.44,3.45,-0,0.01,24.47,14685432,1642172366.38188,-0.01
495.44,3.45,-0,0.01,23.72,14685453,1642172366.40222,-0.01
495.44,3.45,-0,0.01,22.98,14685472,1642172366.4223,-0.01
495.44,3.45,-0,0.01,22.23,14685493,1642172366.4426,-0.01
495.44,3.45,-0,0.01,21.47,14685512,1642172366.46359,-0.01
495.44,3.45,-0,0.01,20.68,14685533,1642172366.4839,-0.01
495.44,3.45,-0,0.01,19.9,14685552,1642172366.5151,-0.01
495.44,3.45,-0,0.01,19.12,14685573,1642172366.52617,-0.01
495.44,3.45,-0,0.01,18.32,14685593,1642172366.54518,-0.01
495.44,3.45,-0,0.01,17.53,14685613,1642172366.56081,-0.01
495.44,3.45,-0,0.01,16.75,14685633,1642172366.58133,-0.01
495.44,3.45,-0,0.01,16,14685652,1642172366.60191,-0.01
495.44,3.45,-0,0.01,15.25,14685673,1642172366.62277,-0.01
495.44,3.45,-0,0.01,14.48,14685692,1642172366.64524,-0.01
495.44,3.45,-0,0.01,13.68,14685713,1642172366.66906,-0.01
495.44,3.45,-0,0.01,12.8,14685732,1642172366.68975,-0.01
495.44,3.45,-0,0.01,11.88,14685753,1642172366.70492,-0.01
495.44,3.45,-0,0.01,10.85,14685772,1642172366.7247,-0.01
495.44,3.45,-0,0.01,9.7,14685793,1642172366.74166,-0.01
495.44,3.45,-0,0.01,8.4,14685812,1642172366.76195,-0.01
495.44,3.45,-0,0.01,7.1,14685833,1642172366.78196,-0.01
495.44,3.45,-0,0.01,5.8,14685852,1642172366.80314,-0.01
495.44,3.45,-0,0.01,4.68,14685873,1642172366.82378,-0.01
495.44,3.45,-0,0.01,3.8,14685892,1642172366.85204,-0.01
495.44,3.45,-0,0.01,3.22,14685913,1642172366.86667,-0.01
495.44,3.45,-0,0.01,2.82,14685932,1642172366.88466,-0.01
495.44,3.45,-0,0.01,2.47,14685953,1642172366.90571,-0.01
495.44,3.45,-0,0.01,2.13,14685972,1642172366.93102,-0.01
495.44,3.45,-0,0.01,1.77,14685992,1642172366.94232,-0.01
495.44,3.45,-0,0.01,1.33,14686012,1642172366.96752,-0.01
495.44,3.45,-0,0.01,0.83,14686032,1642172366.985,-0.01
495.44,3.45,-0,0.01,0.32,14686053,1642172367.0036,-0.01
495.44,3.45,-0,0.01,-0.2,14686072,1642172367.02434,-0.01
495.44,3.45,-0,0.01,-0.65,14686093,1642172367.04493,-0.01
495.44,3.45,-0,0.01,-1.08,14686112,1642172367.06424,-0.01
495.44,3.45,-0,0.01,-1.48,14686133,1642172367.08483,-0.01
495.44,3.45,-0,0.01,-1.83,14686152,1642172367.10184,-0.01
495.44,3.45,-0,0.01,-2.17,14686173,1642172367.12293,-0.01
495.44,3.45,-0,0.01,-2.43,14686192,1642172367.1445,-0.01
495.44,3.45,-0,0.01,-2.63,14686213,1642172367.16383,-0.01
495.44,3.45,-0,0.01,-2.8,14686232,1642172367.18408,-0.01
495.44,3.45,-0,0.01,-2.93,14686253,1642172367.20428,-0.01
495.44,3.45,-0,0.01,-3.08,14686272,1642172367.22676,-0.01
495.44,3.45,-0,0.01,-3.25,14686292,1642172367.24624,-0.01
495.44,3.45,-0,0.01,-3.47,14686313,1642172367.26611,-0.01
495.44,3.45,-0,0.01,-3.68,14686332,1642172367.28227,-0.01
495.44,3.45,-0,0.01,-3.88,14686353,1642172367.30702,-0.01
495.44,3.45,-0,0.01,-4.1,14686372,1642172367.3263,-0.01
495.44,3.45,-0,0.01,-4.3,14686393,1642172367.34356,-0.01
495.44,3.45,-0,0.01,-4.48,14686412,1642172367.36366,-0.01
495.44,3.45,-0,0.01,-4.67,14686433,1642172367.38417,-0.01
495.44,3.45,-0,0.01,-4.82,14686452,1642172367.4053,-0.01
495.44,3.45,-0,0.01,-4.93,14686473,1642172367.42569,-0.01
495.44,3.45,-0,0.01,-5.02,14686492,1642172367.4452,-0.01
495.44,3.45,-0,0.01,-5.1,14686513,1642172367.46237,-0.01
495.44,3.45,-0,0.01,-5.18,14686532,1642172367.48301,-0.01
495.44,3.45,-0,0.01,-5.28,14686553,1642172367.50343,-0.01
495.44,3.45,-0,0.01,-5.37,14686572,1642172367.52498,-0.01
495.44,3.45,-0,0.01,-5.45,14686593,1642172367.5454,-0.01
495.44,3.45,-0,0.01,-5.55,14686612,1642172367.5704,-0.01
495.44,3.45,-0,0.01,-5.63,14686632,1642172367.58557,-0.01
495.44,3.45,-0,0.01,-5.72,14686653,1642172367.60565,-0.01
495.44,3.45,-0,0.01,-5.8,14686672,1642172367.62605,-0.01
495.44,3.45,-0,0.01,-5.88,14686692,1642172367.64285,-0.01
495.44,3.45,-0,0.01,-5.97,14686712,1642172367.66304,-0.01
495.44,3.45,-0,0.01,-6.03,14686733,1642172367.68321,-0.01
495.44,3.45,-0,0.01,-6.1,14686752,1642172367.70402,-0.01
495.44,3.45,-0,0.01,-6.17,14686773,1642172367.7241,-0.01
495.44,3.45,-0,0.01,-6.22,14686792,1642172367.74558,-0.01
495.44,3.45,-0,0.01,-6.25,14686813,1642172367.76542,-0.01
495.44,3.45,-0,0.01,-6.28,14686832,1642172367.78622,-0.01
495.44,3.45,-0,0.01,-6.32,14686853,1642172367.80698,-0.01
495.44,3.45,-0,0.01,-6.33,14686872,1642172367.8234,-0.01
495.44,3.45,-0,0.01,-6.37,14686893,1642172367.84359,-0.01
495.44,3.45,-0,0.01,-6.42,14686912,1642172367.86487,-0.01
495.44,3.45,-0,0.01,-6.47,14686932,1642172367.88516,-0.01
495.44,3.45,-0,0.01,-6.52,14686953,1642172367.90529,-0.01
495.44,3.45,-0,0.01,-6.57,14686972,1642172367.92571,-0.01
495.44,3.45,-0,0.01,-6.63,14686992,1642172367.94631,-0.01
495.44,3.45,-0,0.01,-6.68,14687012,1642172367.96681,-0.01
495.44,3.45,-0,0.01,-6.75,14687033,1642172367.98728,-0.01
495.44,3.45,-0,0.01,-6.8,14687052,1642172368.00309,-0.01
495.44,3.45,-0,0.01,-6.85,14687073,1642172368.02493,-0.01
495.44,3.45,-0,0.01,-6.9,14687092,1642172368.04449,-0.01
495.44,3.45,-0,0.01,-6.95,14687113,1642172368.06456,-0.01
495.44,3.45,-0,0.01,-7,14687132,1642172368.08412,-0.01
495.44,3.45,-0,0.01,-7.07,14687153,1642172368.10539,-0.01
495.44,3.45,-0,0.01,-7.12,14687172,1642172368.12613,-0.01
495.44,3.45,-0,0.01,-7.17,14687193,1642172368.1462,-0.01
495.44,3.45,-0,0.01,-7.2,14687212,1642172368.16672,-0.01
495.44,3.45,-0,0.01,-7.23,14687233,1642172368.18275,-0.01
495.44,3.45,-0,0.01,-7.27,14687253,1642172368.20809,-0.01
495.44,3.45,-0,0.01,-7.3,14687272,1642172368.235,-0.01
495.44,3.45,-0,0.01,-7.33,14687292,1642172368.24896,-0.01
495.44,3.45,-0,0.01,-7.4,14687312,1642172368.2651,-0.01
495.44,3.45,-0,0.01,-7.47,14687333,1642172368.28569,-0.01
495.44,3.45,-0,0.01,-7.53,14687352,1642172368.306,-0.01
495.44,3.45,-0,0.01,-7.58,14687373,1642172368.32606,-0.01
495.44,3.45,-0,0.01,-7.62,14687392,1642172368.34645,-0.01
495.44,3.45,-0,0.01,-7.65,14687413,1642172368.36694,-0.01
495.44,3.45,-0,0.01,-7.7,14687432,1642172368.38424,-0.01
495.44,3.45,-0,0.01,-7.73,14687453,1642172368.40583,-0.01
495.44,3.45,-0,0.01,-7.75,14687472,1642172368.42713,-0.01
495.44,3.45,-0,0.01,-7.77,14687493,1642172368.44662,-0.01
495.44,3.45,-0,0.01,-7.77,14687512,1642172368.46587,-0.01
495.44,3.45,-0,0.01,-7.78,14687533,1642172368.48657,-0.01
495.44,3.45,-0,0.01,-7.8,14687552,1642172368.50721,-0.01
495.44,3.45,-0,0.01,-7.83,14687572,1642172368.52871,-0.01
495.44,3.45,-0,0.01,-7.87,14687592,1642172368.55207,-0.01
495.44,3.45,-0,0.01,-7.92,14687612,1642172368.56462,-0.01
495.44,3.45,-0,0.01,-7.98,14687633,1642172368.58472,-0.01
495.44,3.45,-0,0.01,-8.05,14687652,1642172368.60459,-0.01
495.44,3.45,-0,0.01,-8.12,14687673,1642172368.62589,-0.01
495.44,3.45,-0,0.01,-8.17,14687692,1642172368.65276,-0.01
495.44,3.45,-0,0.01,-8.22,14687713,1642172368.66795,-0.01
495.44,3.45,-0,0.01,-8.27,14687732,1642172368.6872,-0.01
495.44,3.45,-0,0.01,-8.33,14687753,1642172368.70762,-0.01
495.44,3.45,-0,0.01,-8.42,14687772,1642172368.72775,-0.01
495.44,3.45,-0,0.01,-8.48,14687793,1642172368.74444,-0.01
495.44,3.45,-0,0.01,-8.55,14687812,1642172368.7655,-0.01
495.44,3.45,-0,0.01,-8.58,14687833,1642172368.79117,-0.01
495.44,3.45,-0,0.01,-8.63,14687852,1642172368.80652,-0.01
495.44,3.45,-0,0.01,-8.67,14687873,1642172368.82722,-0.01
495.44,3.45,-0,0.01,-8.72,14687893,1642172368.84597,-0.01
495.44,3.45,-0,0.01,-8.75,14687912,1642172368.86766,-0.01
495.44,3.45,-0,0.01,-8.8,14687933,1642172368.88827,-0.01
495.44,3.45,-0,0.01,-8.83,14687952,1642172368.90932,-0.01
495.44,3.45,-0,0.01,-8.85,14687973,1642172368.9334,-0.01
495.44,3.45,-0,0.01,-8.87,14687992,1642172368.94647,-0.01
495.44,3.45,-0,0.01,-8.9,14688012,1642172368.96592,-0.01
495.44,3.45,-0,0.01,-8.9,14688032,1642172368.98634,-0.01
495.44,3.45,-0,0.01,-8.9,14688053,1642172369.00717,-0.01
495.44,3.45,-0,0.01,-8.92,14688072,1642172369.02792,-0.01
495.44,3.45,-0,0.01,-8.92,14688093,1642172369.04719,-0.01
495.44,3.45,-0,0.01,-8.92,14688113,1642172369.06748,-0.01
495.44,3.45,-0,0.01,-8.92,14688133,1642172369.0894,-0.01
495.44,3.45,-0,0.01,-8.92,14688153,1642172369.10876,-0.01
495.44,3.45,-0,0.01,-8.92,14688173,1642172369.12561,-0.01
495.44,3.45,-0,0.01,-8.92,14688193,1642172369.14639,-0.01
495.44,3.45,-0,0.01,-8.92,14688212,1642172369.16656,-0.01
495.44,3.45,-0,0.01,-8.92,14688233,1642172369.18718,-0.01
495.44,3.45,-0,0.01,-8.92,14688252,1642172369.20751,-0.01
495.44,3.45,-0,0.01,-8.93,14688272,1642172369.22813,-0.01
495.44,3.45,-0,0.01,-8.93,14688292,1642172369.24901,-0.01
495.44,3.45,-0,0.01,-8.93,14688313,1642172369.26914,-0.01
495.44,3.45,-0,0.01,-8.93,14688332,1642172369.28569,-0.01
495.44,3.45,-0,0.01,-8.93,14688353,1642172369.30601,-0.01
495.44,3.45,-0,0.01,-8.93,14688372,1642172369.32655,-0.01
495.44,3.45,-0,0.01,-8.93,14688393,1642172369.34663,-0.01
495.44,3.45,-0,0.01,-8.93,14688412,1642172369.36669,-0.01
495.44,3.45,-0,0.01,-8.93,14688433,1642172369.38836,-0.01
495.44,3.45,-0,0.01,-8.93,14688452,1642172369.40864,-0.01
495.44,3.45,-0,0.01,-8.93,14688473,1642172369.42902,-0.01
495.44,3.45,-0,0.01,-8.93,14688492,1642172369.4493,-0.01
495.44,3.45,-0,0.01,-8.93,14688513,1642172369.4664,-0.01
495.44,3.45,-0,0.01,-8.93,14688532,1642172369.48553,-0.01
495.44,3.45,-0,0.01,-8.93,14688552,1642172369.50621,-0.01
495.44,3.45,-0,0.01,-8.93,14688572,1642172369.53176,-0.01
495.44,3.45,-0,0.01,-8.93,14688592,1642172369.54737,-0.01
495.44,3.45,-0,0.01,-8.93,14688612,1642172369.57275,-0.01
495.44,3.45,-0,0.01,-8.93,14688632,1642172369.58809,-0.01
495.44,3.45,-0,0.01,-8.93,14688653,1642172369.60886,-0.01
495.44,3.45,-0,0.01,-8.93,14688672,1642172369.629,-0.01
495.44,3.45,-0,0.01,-8.93,14688693,1642172369.6453,-0.01
495.44,3.45,-0,0.01,-8.93,14688712,1642172369.66642,-0.01
495.44,3.45,-0,0.01,-8.93,14688733,1642172369.69049,-0.01
495.44,3.45,-0,0.01,-8.93,14688752,1642172369.71033,-0.01
495.44,3.45,-0,0.01,-8.93,14688773,1642172369.72731,-0.01
495.44,3.45,-0,0.01,-8.93,14688792,1642172369.74792,-0.01
495.44,3.45,-0,0.01,-8.93,14688813,1642172369.76834,-0.01
495.44,3.45,-0,0.01,-8.95,14688832,1642172369.78916,-0.01
495.44,3.45,-0,0.01,-8.95,14688852,1642172369.80965,-0.01
495.44,3.45,-0,0.01,-8.95,14688872,1642172369.82558,-0.01
495.44,3.45,-0,0.01,-8.95,14688892,1642172369.8459,-0.01
495.44,3.45,-0,0.01,-8.95,14688912,1642172369.86646,-0.01
495.44,3.45,-0,0.01,-8.95,14688932,1642172369.88737,-0.01
495.44,3.45,-0,0.01,-8.95,14688952,1642172369.90817,-0.01
495.44,3.45,-0,0.01,-8.95,14688972,1642172369.93626,-0.01
495.44,3.45,-0,0.01,-8.95,14688993,1642172369.95262,-0.01
495.44,3.45,-0,0.01,-8.95,14689012,1642172369.96895,-0.01
495.44,3.45,-0,0.01,-8.95,14689033,1642172369.9894,-0.01
495.44,3.45,-0,0.01,-8.95,14689052,1642172370.00625,-0.01
495.44,3.45,-0,0.01,-8.95,14689073,1642172370.02689,-0.01
495.44,3.45,-0,0.01,-8.95,14689092,1642172370.04675,-0.01
495.44,3.45,-0,0.01,-8.95,14689113,1642172370.07546,-0.01
495.44,3.45,-0,0.01,-8.95,14689132,1642172370.09557,-0.01
495.44,3.45,-0,0.01,-8.95,14689153,1642172370.10893,-0.01
495.44,3.45,-0,0.01,-8.95,14689172,1642172370.12909,-0.01
495.44,3.45,-0,0.01,-8.95,14689192,1642172370.14942,-0.01
495.44,3.45,-0,0.01,-8.95,14689212,1642172370.17001,-0.01
495.44,3.45,-0,0.01,-8.95,14689232,1642172370.18685,-0.01
495.44,3.45,-0,0.01,-8.95,14689252,1642172370.20853,-0.01
495.44,3.45,-0,0.01,-8.95,14689272,1642172370.23043,-0.01
495.44,3.45,-0,0.01,-8.95,14689292,1642172370.24948,-0.01
495.44,3.45,-0,0.01,-8.95,14689312,1642172370.26873,-0.01
495.44,3.45,-0,0.01,-8.95,14689333,1642172370.28807,-0.01
495.44,3.45,-0,0.01,-8.95,14689352,1642172370.30932,-0.01
495.44,3.45,-0,0.01,-8.95,14689373,1642172370.33591,-0.01
495.44,3.45,-0,0.01,-8.95,14689392,1642172370.35366,-0.01
495.44,3.45,-0,0.01,-8.95,14689413,1642172370.36661,-0.01
495.44,3.45,-0,0.01,-8.95,14689432,1642172370.38678,-0.01
495.44,3.45,-0,0.01,-8.97,14689453,1642172370.40706,-0.01
495.44,3.45,-0,0.01,-8.97,14689472,1642172370.42797,-0.01
495.44,3.45,-0,0.01,-8.97,14689492,1642172370.45539,-0.01
495.44,3.45,-0,0.01,-8.97,14689512,1642172370.46946,-0.01
495.44,3.45,-0,0.01,-8.97,14689532,1642172370.48885,-0.01
495.44,3.45,-0,0.01,-8.97,14689552,1642172370.50923,-0.01
495.44,3.45,-0,0.01,-8.97,14689572,1642172370.53056,-0.01
495.44,3.45,-0,0.01,-8.97,14689593,1642172370.55072,-0.01
495.44,3.45,-0,0.01,-8.97,14689612,1642172370.56735,-0.01
495.44,3.45,-0,0.01,-8.97,14689633,1642172370.58752,-0.01
495.44,3.45,-0,0.01,-8.97,14689652,1642172370.60801,-0.01
495.44,3.45,-0,0.01,-8.97,14689673,1642172370.62901,-0.01
495.44,3.45,-0,0.01,-8.97,14689692,1642172370.64901,-0.01
495.44,3.45,-0,0.01,-8.97,14689713,1642172370.66922,-0.01
495.44,3.45,-0,0.01,-8.97,14689732,1642172370.68967,-0.01
495.44,3.45,-0,0.01,-8.97,14689753,1642172370.71072,-0.01
495.44,3.45,-0,0.01,-8.97,14689772,1642172370.73144,-0.01
495.44,3.45,-0,0.01,-8.97,14689793,1642172370.74728,-0.01
495.44,3.45,-0,0.01,-8.97,14689812,1642172370.773,-0.01
495.44,3.45,-0,0.01,-8.97,14689832,1642172370.79348,-0.01
495.44,3.45,-0,0.01,-8.98,14689853,1642172370.8091,-0.01
495.44,3.45,-0,0.01,-8.98,14689872,1642172370.82881,-0.01
495.44,3.45,-0,0.01,-8.98,14689893,1642172370.84918,-0.01
495.44,3.45,-0,0.01,-8.98,14689912,1642172370.87047,-0.01
495.44,3.45,-0,0.01,-8.98,14689933,1642172370.88988,-0.01
495.44,3.45,-0,0.01,-8.98,14689952,1642172370.91113,-0.01
495.44,3.45,-0,0.01,-8.98,14689973,1642172370.93418,-0.01
495.44,3.45,-0,0.01,-8.98,14689992,1642172370.95019,-0.01
495.44,3.45,-0,0.01,-8.98,14690013,1642172370.96868,-0.01
495.44,3.45,-0,0.01,-8.98,14690032,1642172370.9889,-0.01
495.44,3.45,-0,0.01,-8.98,14690053,1642172371.01,-0.01
495.44,3.45,-0,0.01,-8.98,14690073,1642172371.03013,-0.01
495.44,3.45,-0,0.01,-8.98,14690093,1642172371.05063,-0.01
495.44,3.45,-0,0.01,-8.98,14690113,1642172371.07107,-0.01
495.44,3.45,-0,0.01,-8.98,14690132,1642172371.09111,-0.01
495.44,3.45,-0,0.01,-8.98,14690153,1642172371.11583,-0.01
495.44,3.45,-0,0.01,-8.98,14690172,1642172371.13503,-0.01
495.44,3.45,-0,0.01,-8.98,14690193,1642172371.14859,-0.01
495.44,3.45,-0,0.01,-8.98,14690212,1642172371.16895,-0.01
495.44,3.45,-0,0.01,-8.98,14690233,1642172371.19023,-0.01
495.44,3.45,-0,0.01,-8.98,14690252,1642172371.2104,-0.01
495.44,3.45,-0,0.01,-8.98,14690273,1642172371.2309,-0.01
495.44,3.45,-0,0.01,-8.98,14690292,1642172371.2512,-0.01
495.44,3.45,-0,0.01,-8.98,14690313,1642172371.27125,-0.01
495.44,3.45,-0,0.01,-8.98,14690332,1642172371.29304,-0.01
495.44,3.45,-0,0.01,-8.98,14690353,1642172371.30868,-0.01
495.44,3.45,-0,0.01,-9,14690372,1642172371.33032,-0.01
495.44,3.45,-0,0.01,-9,14690393,1642172371.35004,-0.01
495.44,3.45,-0,0.01,-9,14690412,1642172371.37028,-0.01
495.44,3.45,-0,0.01,-9,14690433,1642172371.39492,-0.01
495.44,3.45,-0,0.01,-9,14690452,1642172371.41942,-0.01
495.44,3.45,-0,0.01,-9,14690472,1642172371.43194,-0.01
495.44,3.45,-0,0.01,-9,14690492,1642172371.45226,-0.01
495.44,3.45,-0,0.01,-9,14690512,1642172371.46754,-0.01
495.44,3.45,-0,0.01,-9,14690532,1642172371.48846,-0.01
495.44,3.45,-0,0.01,-9,14690552,1642172371.50882,-0.01
495.44,3.45,-0,0.01,-9,14690573,1642172371.52966,-0.01
495.44,3.45,-0,0.01,-9,14690592,1642172371.54946,-0.01
495.44,3.45,-0,0.01,-9,14690613,1642172371.57053,-0.01
495.44,3.45,-0,0.01,-9,14690632,1642172371.59187,-0.01
495.44,3.45,-0,0.01,-9,14690653,1642172371.61209,-0.01
495.44,3.45,-0,0.01,-9.02,14690672,1642172371.6324,-0.01
495.44,3.45,-0,0.01,-9.02,14690693,1642172371.64979,-0.01
495.44,3.45,-0,0.01,-9.02,14690712,1642172371.67002,-0.01
495.44,3.45,-0,0.01,-9.02,14690733,1642172371.69025,-0.01
495.44,3.45,-0,0.01,-9.02,14690752,1642172371.7107,-0.01
495.44,3.45,-0,0.01,-9.02,14690772,1642172371.73103,-0.01
495.44,3.45,-0,0.01,-9.02,14690792,1642172371.75696,-0.01
495.44,3.45,-0,0.01,-9.03,14690812,1642172371.7719,-0.01
495.44,3.45,-0,0.01,-9.03,14690832,1642172371.792,-0.01
495.44,3.45,-0,0.01,-9.03,14690852,1642172371.81246,-0.01
495.44,3.45,-0,0.01,-9.03,14690873,1642172371.82932,-0.01
495.44,3.45,-0,0.01,-9.03,14690892,1642172371.85412,-0.01
495.44,3.45,-0,0.01,-9.05,14690913,1642172371.87099,-0.01
495.44,3.45,-0,0.01,-9.05,14690932,1642172371.88995,-0.01
495.44,3.45,-0,0,-9.05,14690953,1642172371.91144,-0.01
495.44,3.45,-0,0.01,-9.05,14690972,1642172371.93063,-0.01
495.44,3.45,-0,0.01,-9.07,14690993,1642172371.95178,-0.01
495.44,3.45,-0,0.01,-9.07,14691012,1642172371.97193,-0.01
495.44,3.45,-0,0.01,-9.08,14691033,1642172371.9923,-0.01
495.44,3.45,-0,0.01,-9.1,14691052,1642172372.01041,-0.01
495.44,3.45,-0,0.01,-9.12,14691073,1642172372.03016,-0.01
495.44,3.45,-0,0.01,-9.13,14691092,1642172372.05496,-0.01
495.44,3.45,-0,0.01,-9.17,14691112,1642172372.07216,-0.01
495.44,3.45,-0,0.01,-9.22,14691132,1642172372.091,-0.01
495.44,3.45,-0,0.01,-9.27,14691152,1642172372.11154,-0.01
495.44,3.45,-0,0.01,-9.32,14691173,1642172372.13187,-0.01
495.44,3.45,-0,0.01,-9.37,14691192,1642172372.15204,-0.01
495.44,3.45,-0,0.01,-9.43,14691213,1642172372.17196,-0.01
495.44,3.45,-0,0.01,-9.5,14691232,1642172372.18901,-0.01
495.44,3.45,-0,0.01,-9.55,14691253,1642172372.2111,-0.01
495.44,3.45,-0,0.01,-9.6,14691272,1642172372.23038,-0.01
495.44,3.45,-0,0.01,-9.65,14691293,1642172372.25076,-0.01
495.44,3.45,-0,0.01,-9.68,14691312,1642172372.27137,-0.01
495.44,3.45,-0,0.01,-9.72,14691333,1642172372.29162,-0.01
495.44,3.45,-0,0.01,-9.75,14691352,1642172372.31373,-0.01
495.44,3.45,-0,0.01,-9.8,14691373,1642172372.33281,-0.01
495.44,3.45,-0,0.01,-9.83,14691392,1642172372.35362,-0.01
495.44,3.45,-0,0.01,-9.88,14691412,1642172372.36978,-0.01
495.44,3.45,-0,0.01,-9.92,14691433,1642172372.39021,-0.01
495.44,3.45,-0,0.01,-9.95,14691452,1642172372.41161,-0.01
495.44,3.45,-0,0.01,-9.98,14691473,1642172372.43117,-0.01
495.44,3.45,-0,0.01,-10.02,14691492,1642172372.45135,-0.01
495.44,3.45,-0,0.01,-10.07,14691513,1642172372.4722,-0.01
495.44,3.45,-0,0.01,-10.1,14691532,1642172372.49265,-0.01
495.44,3.45,-0,0.01,-10.13,14691553,1642172372.51307,-0.01
495.44,3.45,-0,0.01,-10.17,14691572,1642172372.53302,-0.01
495.44,3.45,-0,0.01,-10.2,14691593,1642172372.55351,-0.01
495.44,3.45,-0,0.01,-10.23,14691612,1642172372.57048,-0.01
495.44,3.45,-0,0.01,-10.27,14691633,1642172372.59501,-0.01
495.44,3.45,-0,0.01,-10.28,14691652,1642172372.61195,-0.01
495.44,3.45,-0,0.01,-10.3,14691673,1642172372.63136,-0.01
495.44,3.45,-0,0.01,-10.32,14691693,1642172372.65183,-0.01
495.44,3.45,-0,0.01,-10.33,14691713,1642172372.67255,-0.01
495.44,3.45,-0,0.01,-10.33,14691733,1642172372.69319,-0.01
495.44,3.45,-0,0.01,-10.35,14691752,1642172372.7137,-0.01
495.44,3.45,-0,0.01,-10.37,14691773,1642172372.7338,-0.01
495.44,3.45,-0,0.01,-10.38,14691792,1642172372.75054,-0.01
495.44,3.45,-0,0.01,-10.38,14691813,1642172372.77096,-0.01
495.44,3.45,-0,0.01,-10.4,14691832,1642172372.79155,-0.01
495.44,3.45,-0,0.01,-10.43,14691853,1642172372.81248,-0.01
495.44,3.45,-0,0.01,-10.47,14691872,1642172372.83195,-0.01
495.44,3.45,-0,0.01,-10.5,14691893,1642172372.85261,-0.01
495.44,3.45,-0,0.01,-10.53,14691912,1642172372.87309,-0.01
495.44,3.45,-0,0.01,-10.57,14691933,1642172372.89424,-0.01
495.44,3.45,-0,0.01,-10.6,14691952,1642172372.91475,-0.01
495.44,3.45,-0,0.01,-10.63,14691973,1642172372.93059,-0.01
495.44,3.45,-0,0.01,-10.67,14691993,1642172372.95176,-0.01
495.44,3.45,-0,0.01,-10.7,14692013,1642172372.97214,-0.01
495.44,3.45,-0,0.01,-10.73,14692033,1642172372.99245,-0.01
495.44,3.45,-0,0.01,-10.77,14692052,1642172373.01314,-0.01
495.44,3.45,-0,0.01,-10.78,14692073,1642172373.03247,-0.01
495.44,3.45,-0,0.01,-10.82,14692092,1642172373.05285,-0.01
495.44,3.45,-0,0.01,-10.83,14692113,1642172373.07328,-0.01
495.44,3.45,-0,0.01,-10.87,14692132,1642172373.09437,-0.01
495.44,3.45,-0,0.01,-10.9,14692153,1642172373.11152,-0.01
495.44,3.45,-0,0.01,-10.93,14692172,1642172373.13733,-0.01
495.44,3.45,-0,0.01,-10.97,14692193,1642172373.15317,-0.01
495.44,3.45,-0,0.01,-10.98,14692213,1642172373.1723,-0.01
495.44,3.45,-0,0.01,-11.03,14692233,1642172373.19256,-0.01
495.44,3.45,-0,0.01,-11.07,14692252,1642172373.21306,-0.01
495.44,3.45,-0,0.01,-11.12,14692273,1642172373.23372,-0.01
495.44,3.45,-0,0.01,-11.15,14692292,1642172373.25396,-0.01
495.44,3.45,-0,0.01,-11.2,14692313,1642172373.27458,-0.01
495.44,3.45,-0,0.01,-11.23,14692333,1642172373.29158,-0.01
495.44,3.45,-0,0.01,-11.28,14692353,1642172373.31186,-0.01
495.44,3.45,-0,0.01,-11.33,14692373,1642172373.33227,-0.01
495.44,3.45,-0,0.01,-11.37,14692392,1642172373.35249,-0.01
495.44,3.45,-0,0.01,-11.42,14692413,1642172373.37264,-0.01
495.44,3.45,-0,0,-11.45,14692432,1642172373.40003,-0.01
495.44,3.45,-0,0.01,-11.48,14692453,1642172373.41412,-0.01
495.44,3.45,-0,0.01,-11.52,14692472,1642172373.43376,-0.01
495.44,3.45,-0,0.01,-11.55,14692493,1642172373.45406,-0.01
495.44,3.45,-0,0.01,-11.58,14692512,1642172373.47521,-0.01
495.44,3.45,-0,0.01,-11.6,14692533,1642172373.49093,-0.01
495.44,3.45,-0,0.01,-11.63,14692552,1642172373.5121,-0.01
495.44,3.45,-0,0,-11.65,14692573,1642172373.53296,-0.01
495.44,3.45,-0,0.01,-11.67,14692592,1642172373.55323,-0.01
495.44,3.45,-0,0.01,-11.68,14692613,1642172373.57456,-0.01
495.44,3.45,-0,0,-11.7,14692632,1642172373.59475,-0.01
495.44,3.45,-0,0.01,-11.72,14692653,1642172373.61996,-0.01
495.44,3.45,-0,0.01,-11.75,14692672,1642172373.63528,-0.01
495.44,3.45,-0,0.01,-11.77,14692692,1642172373.65081,-0.01
495.44,3.45,-0,0.01,-11.78,14692713,1642172373.67224,-0.01
495.44,3.45,-0,0,-11.8,14692732,1642172373.69267,-0.01
495.44,3.45,-0,0.01,-11.82,14692753,1642172373.71246,-0.01
495.44,3.45,-0,0.01,-11.83,14692772,1642172373.73263,-0.01
495.44,3.45,-0,0.01,-11.87,14692793,1642172373.75317,-0.01
495.44,3.45,-0,0.01,-11.9,14692812,1642172373.77433,-0.01
495.44,3.45,-0,0,-11.95,14692833,1642172373.79463,-0.01
495.44,3.45,-0,0.01,-11.98,14692853,1642172373.8158,-0.01
495.44,3.45,-0,0.01,-12,14692873,1642172373.83175,-0.01
495.44,3.45,-0,0.01,-12.03,14692892,1642172373.85192,-0.01
495.44,3.45,-0,0.01,-12.07,14692913,1642172373.87847,-0.01
495.44,3.45,-0,0.01,-12.1,14692932,1642172373.89815,-0.01
495.44,3.45,-0,0.01,-12.12,14692953,1642172373.91315,-0.01
495.44,3.45,-0,0.01,-12.13,14692972,1642172373.93353,-0.01
495.44,3.45,-0,0.01,-12.17,14692993,1642172373.95393,-0.01
495.44,3.45,-0,0.01,-12.2,14693013,1642172373.9742,-0.01
495.44,3.45,-0,0,-12.23,14693032,1642172373.99551,-0.01
495.44,3.45,-0,0.01,-12.27,14693053,1642172374.01643,-0.01
495.44,3.45,-0,0.01,-12.3,14693072,1642172374.0331,-0.01
495.44,3.45,-0,0.01,-12.38,14693093,1642172374.05242,-0.01
495.44,3.45,-0,0.01,-12.45,14693112,1642172374.07254,-0.01
495.44,3.45,-0,0,-12.5,14693133,1642172374.09291,-0.01
495.44,3.45,-0,0.01,-12.53,14693152,1642172374.1145,-0.01
495.44,3.45,-0,0.01,-12.57,14693173,1642172374.13486,-0.01
495.44,3.45,-0,0.01,-12.58,14693192,1642172374.1553,-0.01
495.44,3.45,-0,0.01,-12.6,14693213,1642172374.17556,-0.01
495.44,3.45,-0,0.01,-12.63,14693232,1642172374.19261,-0.01
495.44,3.45,-0,0.01,-12.65,14693253,1642172374.21276,-0.01
495.44,3.45,-0,0.01,-12.68,14693272,1642172374.23259,-0.01
495.44,3.45,-0,0.01,-12.7,14693293,1642172374.25327,-0.01
495.44,3.45,-0,0.01,-12.72,14693313,1642172374.27482,-0.01
495.44,3.45,-0,0.01,-12.73,14693332,1642172374.29421,-0.01
495.44,3.45,-0,0.01,-12.75,14693353,1642172374.31561,-0.01
495.44,3.45,-0,0.01,-12.75,14693372,1642172374.3355,-0.01
495.44,3.45,-0,0.01,-12.77,14693393,1642172374.35575,-0.01
495.44,3.45,-0,0.01,-12.77,14693412,1642172374.37606,-0.01
495.44,3.45,-0,0.01,-12.77,14693433,1642172374.39307,-0.01
495.44,3.45,-0,0.01,-12.78,14693452,1642172374.41331,-0.01
495.44,3.45,-0,0.01,-12.78,14693473,1642172374.43439,-0.01
495.44,3.45,-0,0.01,-12.78,14693493,1642172374.45486,-0.01
495.44,3.45,-0,0.01,-12.8,14693513,1642172374.475,-0.01
495.44,3.45,-0,0.01,-12.8,14693532,1642172374.49496,-0.01
495.44,3.45,-0,0.01,-12.8,14693553,1642172374.52171,-0.01
495.44,3.45,-0,0.01,-12.8,14693572,1642172374.53672,-0.01
495.44,3.45,-0,0.01,-12.8,14693593,1642172374.5565,-0.01
495.44,3.45,-0,0.01,-12.82,14693612,1642172374.57461,-0.01
495.44,3.45,-0,0.01,-12.82,14693633,1642172374.59486,-0.01
495.44,3.45,-0,0.01,-12.82,14693652,1642172374.6132,-0.01
495.44,3.45,-0,0.01,-12.82,14693672,1642172374.63478,-0.01
495.44,3.45,-0,0.01,-12.82,14693693,1642172374.65491,-0.01
495.44,3.45,-0,0.01,-12.83,14693712,1642172374.67992,-0.01
495.44,3.45,-0,0.01,-12.83,14693733,1642172374.69654,-0.01
495.44,3.45,-0,0.01,-12.83,14693752,1642172374.71685,-0.01
495.44,3.45,-0,0.01,-12.85,14693773,1642172374.73651,-0.01
495.44,3.45,-0,0.01,-12.85,14693792,1642172374.75655,-0.01
495.44,3.45,-0,0.01,-12.85,14693813,1642172374.77378,-0.01
495.44,3.45,-0,0.01,-12.87,14693832,1642172374.79419,-0.01
495.44,3.45,-0,0.01,-12.87,14693853,1642172374.81546,-0.01
495.44,3.45,-0,0.01,-12.87,14693872,1642172374.83535,-0.01
495.44,3.45,-0,0.01,-12.87,14693893,1642172374.86161,-0.01
495.44,3.45,-0,0.01,-12.88,14693912,1642172374.88113,-0.01
495.44,3.45,-0,0.01,-12.88,14693933,1642172374.89611,-0.01
495.44,3.45,-0,0.01,-12.92,14693953,1642172374.91632,-0.01
495.44,3.45,-0,0.01,-12.93,14693972,1642172374.93309,-0.01
495.44,3.45,-0,0.01,-12.95,14693992,1642172374.95319,-0.01
495.44,3.45,-0,0.01,-12.97,14694012,1642172374.97344,-0.01
495.44,3.45,-0,0.01,-13,14694033,1642172374.9953,-0.01
495.44,3.45,-0,0.01,-13.02,14694052,1642172375.01571,-0.01
495.44,3.45,-0,0.01,-13.03,14694073,1642172375.04249,-0.01
495.44,3.45,-0,0.01,-13.05,14694092,1642172375.05924,-0.01
495.44,3.45,-0,0.01,-13.07,14694113,1642172375.07707,-0.01
495.44,3.45,-0,0.01,-13.08,14694132,1642172375.09762,-0.01
495.44,3.45,-0,0.01,-13.1,14694153,1642172375.11381,-0.01
495.44,3.45,-0,0.01,-13.12,14694173,1642172375.13993,-0.01
495.44,3.45,-0,0.01,-13.12,14694193,1642172375.15459,-0.01
495.44,3.45,-0,0.01,-13.13,14694212,1642172375.17514,-0.01
495.44,3.45,-0,0.01,-13.13,14694233,1642172375.19593,-0.01
495.44,3.45,-0,0.01,-13.15,14694252,1642172375.21598,-0.01
495.44,3.45,-0,0.01,-13.15,14694273,1642172375.23651,-0.01
495.44,3.45,-0,0.01,-13.15,14694292,1642172375.26221,-0.01
495.44,3.45,-0,0.01,-13.17,14694312,1642172375.27992,-0.01
495.44,3.45,-0,0.01,-13.17,14694333,1642172375.29516,-0.01
495.44,3.45,-0,0.01,-13.18,14694352,1642172375.31423,-0.01
495.44,3.45,-0,0.01,-13.18,14694373,1642172375.33467,-0.01
495.44,3.45,-0,0.01,-13.2,14694392,1642172375.36053,-0.01
495.44,3.45,-0,0.01,-13.23,14694413,1642172375.37595,-0.01
495.44,3.45,-0,0.01,-13.25,14694432,1642172375.39662,-0.01
495.44,3.45,-0,0.01,-13.27,14694453,1642172375.41695,-0.01
495.44,3.45,-0,0.01,-13.3,14694472,1642172375.43729,-0.01
495.44,3.45,-0,0.01,-13.33,14694493,1642172375.45746,-0.01
495.44,3.45,-0,0.01,-13.35,14694512,1642172375.47464,-0.01
495.44,3.45,-0,0.01,-13.38,14694533,1642172375.49448,-0.01
495.44,3.45,-0,0.01,-13.4,14694552,1642172375.51448,-0.01
495.44,3.45,-0,0.01,-13.43,14694573,1642172375.54228,-0.01
495.44,3.45,-0,0.01,-13.45,14694593,1642172375.55572,-0.01
495.44,3.45,-0,0.01,-13.47,14694612,1642172375.57695,-0.01
495.44,3.45,-0,0.01,-13.48,14694632,1642172375.59737,-0.01
495.44,3.45,-0,0.01,-13.5,14694652,1642172375.61679,-0.01
495.44,3.45,-0,0.01,-13.52,14694673,1642172375.63703,-0.01
495.44,3.45,-0,0.01,-13.53,14694692,1642172375.65409,-0.01
495.44,3.45,-0,0.01,-13.55,14694713,1642172375.67424,-0.01
495.44,3.45,-0,0.01,-13.57,14694732,1642172375.69584,-0.01
495.44,3.45,-0,0.01,-13.57,14694753,1642172375.71593,-0.01
495.44,3.45,-0,0.01,-13.58,14694773,1642172375.73629,-0.01
495.44,3.45,-0,0.01,-13.6,14694793,1642172375.75664,-0.01
495.44,3.45,-0,0.01,-13.63,14694812,1642172375.77737,-0.01
495.44,3.45,-0,0.01,-13.67,14694833,1642172375.7987,-0.01
495.44,3.45,-0,0.01,-13.7,14694852,1642172375.81842,-0.01
495.44,3.45,-0,0.01,-13.73,14694873,1642172375.83872,-0.01
495.44,3.45,-0,0.01,-13.78,14694893,1642172375.85574,-0.01
495.44,3.45,-0,0.01,-13.83,14694913,1642172375.87628,-0.01
495.44,3.45,-0,0.01,-13.88,14694932,1642172375.89707,-0.01
495.44,3.45,-0,0.01,-13.93,14694952,1642172375.9171,-0.01
495.44,3.45,-0,0.01,-13.98,14694973,1642172375.94357,-0.01
495.44,3.45,-0,0.01,-14.03,14694992,1642172375.95818,-0.01
495.44,3.45,-0,0.01,-14.08,14695013,1642172375.97877,-0.01
495.44,3.45,-0,0.01,-14.13,14695032,1642172376.00033,-0.01
495.44,3.45,-0,0.01,-14.2,14695053,1642172376.01993,-0.01
495.44,3.45,-0,0.01,-14.28,14695072,1642172376.03561,-0.01
495.44,3.45,-0,0.01,-14.35,14695093,1642172376.05666,-0.01
495.44,3.45,-0,0.01,-14.42,14695112,1642172376.07729,-0.01
495.44,3.45,-0,0.01,-14.47,14695133,1642172376.09816,-0.01
495.44,3.45,-0,0.01,-14.5,14695152,1642172376.11739,-0.01
495.44,3.45,-0,0.01,-14.53,14695173,1642172376.13788,-0.01
495.44,3.45,-0,0.01,-14.57,14695192,1642172376.15834,-0.01
495.44,3.45,-0,0.01,-14.6,14695213,1642172376.17839,-0.01
495.44,3.45,-0,0.01,-14.63,14695232,1642172376.19546,-0.01
495.44,3.45,-0,0.01,-14.67,14695252,1642172376.21521,-0.01
495.44,3.45,-0,0.01,-14.68,14695272,1642172376.23593,-0.01
495.44,3.45,-0,0.01,-14.72,14695292,1642172376.25615,-0.01
495.44,3.45,-0,0.01,-14.75,14695313,1642172376.27666,-0.01
495.44,3.45,-0,0.01,-14.8,14695332,1642172376.29731,-0.01
495.44,3.45,-0,0.01,-14.83,14695353,1642172376.31821,-0.01
495.44,3.45,-0,0.01,-14.88,14695372,1642172376.3386,-0.01
495.44,3.45,-0,0.01,-14.92,14695393,1642172376.35903,-0.01
495.44,3.45,-0,0.01,-14.97,14695412,1642172376.37905,-0.01
495.44,3.45,-0,0.01,-15.02,14695433,1642172376.39582,-0.01
495.44,3.45,-0,0.01,-15.07,14695452,1642172376.42198,-0.01
495.44,3.45,-0,0.01,-15.1,14695473,1642172376.43705,-0.01
495.44,3.45,-0,0.01,-15.15,14695492,1642172376.45715,-0.01
495.44,3.45,-0,0.01,-15.18,14695513,1642172376.47736,-0.01
495.44,3.45,-0,0.01,-15.23,14695532,1642172376.49811,-0.01
495.44,3.45,-0,0.01,-15.28,14695553,1642172376.51874,-0.01
495.44,3.45,-0,0.01,-15.33,14695573,1642172376.53956,-0.01
495.44,3.45,-0,0.01,-15.38,14695592,1642172376.55954,-0.01
495.44,3.45,-0,0.01,-15.43,14695613,1642172376.5759,-0.01
495.44,3.45,-0,0.01,-15.5,14695632,1642172376.59647,-0.01
495.44,3.45,-0,0.01,-15.55,14695653,1642172376.61664,-0.01
495.44,3.45,-0,0.01,-15.6,14695672,1642172376.63805,-0.01
495.44,3.45,-0,0.01,-15.65,14695693,1642172376.65825,-0.01
495.44,3.45,-0,0.01,-15.7,14695712,1642172376.6782,-0.01
495.44,3.45,-0,0.01,-15.75,14695733,1642172376.6984,-0.01
495.44,3.45,-0,0.01,-15.78,14695752,1642172376.71904,-0.01
495.44,3.45,-0,0.01,-15.83,14695773,1642172376.74044,-0.01
495.44,3.45,-0,0.01,-15.87,14695792,1642172376.75586,-0.01
495.44,3.45,-0,0.01,-15.92,14695813,1642172376.77958,-0.01
495.44,3.45,-0,0.01,-15.97,14695832,1642172376.79892,-0.01
495.44,3.45,-0,0.01,-16,14695853,1642172376.81784,-0.01
495.44,3.45,-0,0.01,-16.05,14695873,1642172376.83796,-0.01
495.44,3.45,-0,0.01,-16.1,14695892,1642172376.85864,-0.01
495.44,3.45,-0,0.01,-16.15,14695913,1642172376.87901,-0.01
495.44,3.45,-0,0.01,-16.2,14695932,1642172376.89943,-0.01
495.44,3.45,-0,0.01,-16.25,14695953,1642172376.92467,-0.01
495.44,3.45,-0,0.01,-16.3,14695972,1642172376.9378,-0.01
495.44,3.45,-0,0.01,-16.35,14695993,1642172376.95664,-0.01
495.44,3.45,-0,0.01,-16.4,14696012,1642172376.97713,-0.01
495.44,3.45,-0,0.01,-16.43,14696033,1642172376.99826,-0.01
495.44,3.45,-0,0.01,-16.48,14696052,1642172377.02702,-0.01
495.44,3.45,-0,0.01,-16.52,14696073,1642172377.03974,-0.01
495.44,3.45,-0,0.01,-16.55,14696092,1642172377.05935,-0.01
495.44,3.45,-0,0.01,-16.6,14696113,1642172377.07959,-0.01
495.44,3.45,-0,0.01,-16.63,14696132,1642172377.09902,-0.01
495.44,3.45,-0,0.01,-16.68,14696153,1642172377.11585,-0.01
495.44,3.45,-0,0.01,-16.73,14696173,1642172377.13695,-0.01
495.44,3.45,-0,0.01,-16.8,14696193,1642172377.15746,-0.01
495.44,3.45,-0,0.01,-16.88,14696213,1642172377.17805,-0.01
495.44,3.45,-0,0.01,-16.97,14696232,1642172377.20751,-0.01
495.44,3.45,-0,0.01,-17.05,14696253,1642172377.22266,-0.01
495.44,3.45,-0,0.01,-17.1,14696272,1642172377.23915,-0.01
495.44,3.45,-0,0.01,-17.17,14696293,1642172377.26145,-0.01
495.44,3.45,-0,0.01,-17.25,14696312,1642172377.28004,-0.01
495.44,3.45,-0,0.01,-17.3,14696333,1642172377.29666,-0.01
495.44,3.45,-0,0.01,-17.35,14696352,1642172377.31714,-0.01
495.44,3.45,-0,0.01,-17.38,14696373,1642172377.33744,-0.01
495.44,3.45,-0,0.01,-17.42,14696392,1642172377.3574,-0.01
495.44,3.45,-0,0.01,-17.45,14696413,1642172377.37802,-0.01
495.44,3.45,-0,0.01,-17.5,14696432,1642172377.39897,-0.01
495.44,3.45,-0,0.01,-17.53,14696453,1642172377.41928,-0.01
495.44,3.45,-0,0.01,-17.57,14696472,1642172377.44614,-0.01
495.44,3.45,-0,0.01,-17.58,14696493,1642172377.46087,-0.01
495.44,3.45,-0,0.01,-17.6,14696512,1642172377.47656,-0.01
495.44,3.45,-0,0.01,-17.62,14696532,1642172377.49783,-0.01
495.44,3.45,-0,0.01,-17.63,14696553,1642172377.51824,-0.01
495.44,3.45,-0,0.01,-17.63,14696572,1642172377.53852,-0.01
495.44,3.45,-0,0.01,-17.63,14696593,1642172377.56417,-0.01
495.44,3.45,-0,0.01,-17.65,14696612,1642172377.57919,-0.01
495.44,3.45,-0,0.01,-17.65,14696633,1642172377.59972,-0.01
495.44,3.45,-0,0.01,-17.65,14696652,1642172377.62042,-0.01
495.44,3.45,-0,0.01,-17.65,14696673,1642172377.64044,-0.01
495.44,3.45,-0,0.01,-17.67,14696692,1642172377.65734,-0.01
495.44,3.45,-0,0.01,-17.67,14696713,1642172377.68189,-0.01
495.44,3.45,-0,0.01,-17.67,14696732,1642172377.69964,-0.01
495.44,3.45,-0,0.01,-17.68,14696753,1642172377.71818,-0.01
495.44,3.45,-0,0.01,-17.68,14696772,1642172377.73938,-0.01
495.44,3.45,-0,0.01,-17.68,14696793,1642172377.75977,-0.01
495.44,3.45,-0,0.01,-17.68,14696812,1642172377.78017,-0.01
495.44,3.45,-0,0.01,-17.7,14696833,1642172377.80038,-0.01
495.44,3.45,-0,0.01,-17.72,14696853,1642172377.8207,-0.01
495.44,3.45,-0,0.01,-17.73,14696872,1642172377.83752,-0.01
495.44,3.45,-0,0.01,-17.77,14696893,1642172377.85879,-0.01
495.44,3.45,-0,0.01,-17.8,14696912,1642172377.87896,-0.01
495.44,3.45,-0,0.01,-17.83,14696933,1642172377.89919,-0.01
495.44,3.45,-0,0.01,-17.88,14696952,1642172377.91943,-0.01
495.44,3.45,-0,0.01,-17.95,14696973,1642172377.93964,-0.01
495.44,3.45,-0,0.01,-18.03,14696992,1642172377.96053,-0.01
495.44,3.45,-0,0.01,-18.12,14697013,1642172377.98123,-0.01
495.44,3.45,-0,0.01,-18.2,14697032,1642172378.00119,-0.01
495.44,3.45,-0,0.01,-18.3,14697053,1642172378.01874,-0.01
495.44,3.45,-0,0.01,-18.38,14697072,1642172378.03882,-0.01
495.44,3.45,-0,0.01,-18.5,14697093,1642172378.05929,-0.01
495.44,3.45,-0,0.01,-18.58,14697113,1642172378.07975,-0.01
495.44,3.45,-0,0.01,-18.68,14697133,1642172378.10007,-0.01
495.44,3.45,-0,0.01,-18.77,14697152,1642172378.12048,-0.01
495.44,3.45,-0,0.01,-18.85,14697172,1642172378.14044,-0.01
495.44,3.45,-0,0.01,-18.92,14697193,1642172378.16059,-0.01
495.44,3.45,-0,0.01,-19,14697212,1642172378.18517,-0.01
495.44,3.45,-0,0.01,-19.05,14697233,1642172378.20203,-0.01
495.44,3.45,-0,0.01,-19.12,14697252,1642172378.21723,-0.01
495.44,3.45,-0,0.01,-19.17,14697273,1642172378.23861,-0.01
495.44,3.45,-0,0.01,-19.23,14697292,1642172378.25869,-0.01
495.44,3.45,-0,0.01,-19.3,14697313,1642172378.27936,-0.01
495.44,3.45,-0,0.01,-19.35,14697332,1642172378.30054,-0.01
495.44,3.45,-0,0.01,-19.4,14697353,1642172378.32295,-0.01
495.44,3.45,-0,0.01,-19.47,14697372,1642172378.34268,-0.01
495.44,3.45,-0,0.01,-19.52,14697393,1642172378.36349,-0.01
495.44,3.45,-0,0.01,-19.57,14697412,1642172378.38027,-0.01
495.44,3.45,-0,0.01,-19.63,14697433,1642172378.39922,-0.01
495.44,3.45,-0,0.01,-19.73,14697453,1642172378.41943,-0.01
495.44,3.45,-0,0.01,-19.83,14697473,1642172378.43996,-0.01
495.44,3.45,-0,0.01,-19.95,14697493,1642172378.46009,-0.01
495.44,3.45,-0,0.01,-20.1,14697512,1642172378.48049,-0.01
495.44,3.45,-0,0.01,-20.27,14697533,1642172378.50077,-0.01
495.44,3.45,-0,0.01,-20.47,14697552,1642172378.52111,-0.01
495.44,3.45,-0,0.01,-20.65,14697573,1642172378.5414,-0.01
495.44,3.45,-0,0.01,-20.8,14697592,1642172378.56249,-0.01
495.44,3.45,-0,0.01,-20.93,14697613,1642172378.57936,-0.01
495.44,3.45,-0,0.01,-21.05,14697632,1642172378.59976,-0.01
495.44,3.45,-0,0.01,-21.17,14697653,1642172378.6201,-0.01
495.44,3.45,-0,0,-21.25,14697672,1642172378.64042,-0.01
495.44,3.45,-0,0.01,-21.33,14697693,1642172378.66532,-0.01
495.44,3.45,-0,0.01,-21.4,14697712,1642172378.68135,-0.01
495.44,3.45,-0,0.01,-21.45,14697733,1642172378.70098,-0.01
495.44,3.45,-0,0.01,-21.5,14697752,1642172378.72187,-0.01
495.44,3.45,-0,0,-21.53,14697773,1642172378.7376,-0.01
495.44,3.45,-0,0,-21.58,14697793,1642172378.75888,-0.01
495.44,3.45,-0,0,-21.62,14697812,1642172378.77896,-0.01
495.44,3.45,-0,0.01,-21.67,14697833,1642172378.79972,-0.01
495.44,3.45,-0,0.01,-21.72,14697852,1642172378.82036,-0.01
495.44,3.45,-0,0,-21.78,14697873,1642172378.84078,-0.01
495.44,3.45,-0,0,-21.83,14697892,1642172378.86134,-0.01
495.44,3.45,-0,0,-21.9,14697912,1642172378.88176,-0.01
495.44,3.45,-0,0.01,-21.95,14697932,1642172378.90214,-0.01
495.44,3.45,-0,0.01,-22,14697953,1642172378.9229,-0.01
495.44,3.45,-0,0.01,-22.07,14697973,1642172378.94341,-0.01
495.44,3.45,-0,0,-22.13,14697993,1642172378.96031,-0.01
495.44,3.45,-0,0,-22.2,14698012,1642172378.98081,-0.01
495.44,3.45,-0,0.01,-22.3,14698033,1642172379,-0.01
495.44,3.45,-0,0.01,-22.4,14698053,1642172379.02107,-0.01
495.44,3.45,-0,0.01,-22.5,14698073,1642172379.04112,-0.01
495.44,3.45,-0,0,-22.6,14698093,1642172379.06256,-0.01
495.44,3.45,-0,0,-22.68,14698113,1642172379.08194,-0.01
495.44,3.45,-0,0.01,-22.75,14698132,1642172379.10378,-0.01
495.44,3.45,-0,0.01,-22.8,14698152,1642172379.12853,-0.01
495.44,3.45,-0,0.01,-22.83,14698173,1642172379.13969,-0.01
495.44,3.45,-0,0,-22.9,14698192,1642172379.16089,-0.01
495.44,3.45,-0,0,-22.95,14698212,1642172379.1809,-0.01
495.44,3.45,-0,0.01,-23.02,14698232,1642172379.20088,-0.01
495.44,3.45,-0,0.01,-23.08,14698253,1642172379.22144,-0.01
495.44,3.45,-0,0.01,-23.17,14698272,1642172379.24276,-0.01
495.44,3.45,-0,0,-23.23,14698293,1642172379.27163,-0.01
495.44,3.45,-0,0,-23.3,14698312,1642172379.28257,-0.01
495.44,3.45,-0,0.01,-23.35,14698333,1642172379.30022,-0.01
495.44,3.45,-0,0.01,-23.38,14698353,1642172379.32001,-0.01
495.44,3.45,-0,0.01,-23.43,14698373,1642172379.34026,-0.01
495.44,3.45,-0,0,-23.47,14698392,1642172379.36067,-0.01
495.44,3.45,-0,0,-23.5,14698413,1642172379.38192,-0.01
495.44,3.45,-0,0.01,-23.53,14698432,1642172379.40355,-0.01
495.44,3.45,-0,0.01,-23.57,14698452,1642172379.42234,-0.01
495.44,3.45,-0,0.01,-23.6,14698473,1642172379.44252,-0.01
495.44,3.45,-0,0,-23.62,14698492,1642172379.46344,-0.01
495.44,3.45,-0,0,-23.65,14698513,1642172379.48028,-0.01
495.44,3.45,-0,0.01,-23.68,14698532,1642172379.50133,-0.01
495.44,3.45,-0,0.01,-23.72,14698553,1642172379.52089,-0.01
495.44,3.45,-0,0.01,-23.75,14698572,1642172379.54113,-0.01
495.44,3.45,-0,0.01,-23.8,14698593,1642172379.56169,-0.01
495.44,3.45,-0,0,-23.85,14698612,1642172379.58214,-0.01
495.44,3.45,-0,0.01,-23.9,14698633,1642172379.60306,-0.01
495.44,3.45,-0,0.01,-23.95,14698652,1642172379.62294,-0.01
495.44,3.45,-0,0.01,-24.02,14698673,1642172379.6447,-0.01
495.44,3.45,-0,0,-24.08,14698692,1642172379.66037,-0.01
495.44,3.45,-0,0,-24.15,14698713,1642172379.6806,-0.01
495.44,3.45,-0,0.01,-24.23,14698732,1642172379.70193,-0.01
495.44,3.45,-0,0.01,-24.3,14698753,1642172379.72204,-0.01
495.44,3.45,-0,0.01,-24.38,14698773,1642172379.7421,-0.01
495.44,3.45,-0,0.01,-24.47,14698792,1642172379.76266,-0.01
495.44,3.45,-0,0,-24.52,14698813,1642172379.78268,-0.01
495.44,3.45,-0,0.01,-24.58,14698832,1642172379.80439,-0.01
495.44,3.45,-0,0.01,-24.63,14698853,1642172379.82356,-0.01
495.44,3.45,-0,0.01,-24.68,14698872,1642172379.84603,-0.01
495.44,3.45,-0,0.01,-24.73,14698893,1642172379.8609,-0.01
495.44,3.45,-0,0,-24.77,14698912,1642172379.88128,-0.01
495.44,3.45,-0,0.01,-24.82,14698933,1642172379.90174,-0.01
495.44,3.45,-0,0,-24.85,14698952,1642172379.92214,-0.01
495.44,3.45,-0,0.01,-24.9,14698973,1642172379.94253,-0.01
495.44,3.45,-0,0.01,-24.92,14698993,1642172379.96248,-0.01
495.44,3.45,-0,0,-24.95,14699013,1642172379.98871,-0.01
495.44,3.45,-0,0.01,-24.98,14699033,1642172380.00641,-0.01
495.44,3.45,-0,0,-25.02,14699053,1642172380.01998,-0.01
495.44,3.45,-0,0.01,-25.05,14699073,1642172380.04027,-0.01
495.44,3.45,-0,0,-25.07,14699092,1642172380.06145,-0.01
495.44,3.45,-0,0,-25.1,14699112,1642172380.08148,-0.01
495.44,3.45,-0,0.01,-25.15,14699132,1642172380.10226,-0.01
495.44,3.45,-0,0,-25.18,14699153,1642172380.12272,-0.01
495.44,3.45,-0,0.01,-25.23,14699172,1642172380.14248,-0.01
495.44,3.45,-0,0,-25.28,14699192,1642172380.16348,-0.01
495.44,3.45,-0,0,-25.33,14699212,1642172380.18395,-0.01
495.44,3.45,-0,0.01,-25.38,14699233,1642172380.2039,-0.01
495.44,3.45,-0,0,-25.43,14699252,1642172380.22061,-0.01
495.44,3.45,-0,0.01,-25.48,14699273,1642172380.24141,-0.01
495.44,3.45,-0,0.01,-25.53,14699293,1642172380.2614,-0.01
495.44,3.45,-0,0,-25.57,14699313,1642172380.28211,-0.01
495.44,3.45,-0,0.01,-25.6,14699332,1642172380.3021,-0.01
495.44,3.45,-0,0,-25.63,14699353,1642172380.32307,-0.01
495.44,3.45,-0,0,-25.67,14699373,1642172380.34379,-0.01
495.44,3.45,-0,0.01,-25.68,14699393,1642172380.36408,-0.01
495.44,3.45,-0,0,-25.7,14699412,1642172380.38131,-0.01
495.44,3.45,-0,0.01,-25.73,14699432,1642172380.40142,-0.01
495.44,3.45,-0,0,-25.75,14699452,1642172380.42149,-0.01
495.44,3.45,-0,0,-25.77,14699472,1642172380.44185,-0.01
495.44,3.45,-0,0.01,-25.8,14699493,1642172380.46312,-0.01
495.44,3.45,-0,0,-25.83,14699512,1642172380.48321,-0.01
495.44,3.45,-0,0.01,-25.85,14699533,1642172380.50327,-0.01
495.44,3.45,-0,0,-25.88,14699552,1642172380.52552,-0.01
495.44,3.45,-0,0,-25.92,14699573,1642172380.55155,-0.01
495.44,3.45,-0,0.01,-25.95,14699592,1642172380.56876,-0.01
495.44,3.45,-0,0.01,-25.98,14699613,1642172380.58204,-0.01
495.44,3.45,-0,0.01,-26.02,14699632,1642172380.60542,-0.01
495.44,3.45,-0,0,-26.05,14699653,1642172380.62289,-0.01
495.44,3.45,-0,0,-26.08,14699672,1642172380.6484,-0.01
495.44,3.45,-0,0.01,-26.12,14699693,1642172380.66398,-0.01
495.44,3.45,-0,0.01,-26.15,14699712,1642172380.68405,-0.01
495.44,3.45,-0,0.01,-26.17,14699732,1642172380.7044,-0.01
495.44,3.45,-0,0,-26.2,14699752,1642172380.7252,-0.01
495.44,3.45,-0,0,-26.23,14699772,1642172380.74567,-0.01
495.44,3.45,-0,0.01,-26.27,14699793,1642172380.76131,-0.01
495.44,3.45,-0,0.01,-26.3,14699812,1642172380.78214,-0.01
495.44,3.45,-0,0.01,-26.33,14699833,1642172380.80256,-0.01
495.44,3.45,-0,0,-26.38,14699852,1642172380.82329,-0.01
495.44,3.45,-0,0,-26.43,14699873,1642172380.84366,-0.01
495.44,3.45,-0,0.01,-26.48,14699892,1642172380.8642,-0.01
495.44,3.45,-0,0.01,-26.52,14699913,1642172380.8907,-0.01
495.44,3.45,-0,0.01,-26.57,14699932,1642172380.91158,-0.01
495.44,3.45,-0,0,-26.6,14699953,1642172380.92614,-0.01
495.44,3.45,-0,0,-26.62,14699972,1642172380.94176,-0.01
495.44,3.45,-0,0.01,-26.65,14699993,1642172380.96188,-0.01
495.44,3.45,-0,0.01,-26.67,14700012,1642172380.98279,-0.01
495.44,3.45,-0,0.01,-26.7,14700033,1642172381.00387,-0.01
495.44,3.45,-0,0,-26.72,14700053,1642172381.02458,-0.01
495.44,3.45,-0,0,-26.75,14700072,1642172381.04579,-0.01
495.44,3.45,-0,0.01,-26.77,14700093,1642172381.06582,-0.01
495.44,3.45,-0,0.01,-26.78,14700112,1642172381.08627,-0.01
495.44,3.45,-0,0.01,-26.8,14700133,1642172381.10642,-0.01
495.44,3.45,-0,0,-26.83,14700152,1642172381.12283,-0.01
495.44,3.45,-0,0,-26.85,14700173,1642172381.14359,-0.01
495.44,3.45,-0,0.01,-26.88,14700192,1642172381.16357,-0.01
495.44,3.45,-0,0.01,-26.9,14700213,1642172381.18424,-0.01
495.44,3.45,-0,0.01,-26.92,14700232,1642172381.20433,-0.01
495.44,3.45,-0,0,-26.95,14700253,1642172381.22475,-0.01
495.44,3.45,-0,0,-26.97,14700272,1642172381.24588,-0.01
495.44,3.45,-0,0.01,-27,14700293,1642172381.2661,-0.01
495.44,3.45,-0,0.01,-27.03,14700312,1642172381.28667,-0.01
495.44,3.45,-0,0.01,-27.07,14700333,1642172381.30249,-0.01
495.44,3.45,-0,0,-27.08,14700352,1642172381.32288,-0.01
495.44,3.45,-0,0,-27.12,14700372,1642172381.34474,-0.01
495.44,3.45,-0,0,-27.15,14700392,1642172381.36449,-0.01
495.44,3.45,-0,0.01,-27.17,14700412,1642172381.38468,-0.01
495.44,3.45,-0,0.01,-27.18,14700433,1642172381.40522,-0.01
495.44,3.45,-0,0,-27.22,14700452,1642172381.4256,-0.01
495.44,3.45,-0,0,-27.23,14700473,1642172381.44612,-0.01
495.44,3.45,-0,0,-27.27,14700492,1642172381.46587,-0.01
495.44,3.45,-0,0.01,-27.3,14700513,1642172381.48261,-0.01
495.44,3.45,-0,0.01,-27.33,14700532,1642172381.50385,-0.01
495.44,3.45,-0,0,-27.37,14700553,1642172381.52416,-0.01
495.44,3.45,-0,0,-27.4,14700572,1642172381.54433,-0.01
495.44,3.45,-0,0,-27.45,14700593,1642172381.56506,-0.01
495.44,3.45,-0,0.01,-27.48,14700612,1642172381.58503,-0.01
495.44,3.45,-0,0,-27.52,14700633,1642172381.6103,-0.01
495.44,3.45,-0,0,-27.55,14700652,1642172381.62595,-0.01
495.44,3.45,-0,0,-27.58,14700673,1642172381.6475,-0.01
495.44,3.45,-0,0,-27.6,14700692,1642172381.66243,-0.01
495.44,3.45,-0,0.01,-27.63,14700712,1642172381.68279,-0.01
495.44,3.45,-0,0,-27.67,14700732,1642172381.70447,-0.01
495.44,3.45,-0,0,-27.68,14700752,1642172381.73176,-0.01
495.44,3.45,-0,0,-27.72,14700773,1642172381.75043,-0.01
495.44,3.45,-0,0,-27.75,14700792,1642172381.76555,-0.01
495.44,3.45,-0,0.01,-27.78,14700813,1642172381.78583,-0.01
495.44,3.45,-0,0,-27.82,14700832,1642172381.80601,-0.01
495.44,3.45,-0,0,-27.83,14700853,1642172381.82624,-0.01
495.44,3.45,-0,0,-27.87,14700872,1642172381.84352,-0.01
495.44,3.45,-0,0,-27.88,14700893,1642172381.86333,-0.01
495.44,3.45,-0,0.01,-27.9,14700912,1642172381.88363,-0.01
495.44,3.45,-0,0,-27.92,14700933,1642172381.90975,-0.01
495.44,3.45,-0,0,-27.93,14700952,1642172381.9276,-0.01
495.44,3.45,-0,0,-27.95,14700973,1642172381.94551,-0.01
495.44,3.45,-0,0,-27.97,14700992,1642172381.96567,-0.01
495.44,3.45,-0,0.01,-27.98,14701012,1642172381.98613,-0.01
495.44,3.45,-0,0,-27.98,14701033,1642172382.00644,-0.01
495.44,3.45,-0,0,-28,14701052,1642172382.02324,-0.01
495.44,3.45,-0,0,-28.02,14701072,1642172382.04366,-0.01
495.44,3.45,-0,0,-28.02,14701092,1642172382.06442,-0.01
495.44,3.45,-0,0.01,-28.03,14701113,1642172382.08455,-0.01
495.44,3.45,-0,0,-28.05,14701132,1642172382.10542,-0.01
495.44,3.45,-0,0,-28.07,14701153,1642172382.12577,-0.01
495.44,3.45,-0,0,-28.08,14701172,1642172382.14609,-0.01
495.44,3.45,-0,0,-28.1,14701193,1642172382.16694,-0.01
495.44,3.45,-0,0.01,-28.12,14701212,1642172382.18749,-0.01
495.44,3.45,-0,0,-28.15,14701233,1642172382.20329,-0.01
495.44,3.45,-0,0,-28.2,14701253,1642172382.22463,-0.01
495.44,3.45,-0,0,-28.23,14701273,1642172382.2449,-0.01
495.44,3.45,-0,0,-28.28,14701292,1642172382.26525,-0.01
495.44,3.45,-0,0.01,-28.33,14701313,1642172382.28562,-0.01
495.44,3.45,-0,0,-28.37,14701333,1642172382.30668,-0.01
495.44,3.45,-0,0,-28.42,14701352,1642172382.32745,-0.01
495.44,3.45,-0,0,-28.45,14701373,1642172382.34748,-0.01
495.44,3.45,-0,0,-28.47,14701392,1642172382.36744,-0.01
495.44,3.45,-0,0.01,-28.5,14701413,1642172382.38448,-0.01
495.44,3.45,-0,0,-28.53,14701432,1642172382.40572,-0.01
495.44,3.45,-0,0,-28.57,14701453,1642172382.42544,-0.01
495.44,3.45,-0,0,-28.58,14701472,1642172382.44567,-0.01
495.44,3.45,-0,0,-28.62,14701493,1642172382.46644,-0.01
495.44,3.45,-0,0.01,-28.63,14701512,1642172382.48602,-0.01
495.44,3.45,-0,0,-28.67,14701533,1642172382.50654,-0.01
495.44,3.45,-0,0,-28.68,14701552,1642172382.52809,-0.01
495.44,3.45,-0,0,-28.7,14701573,1642172382.54795,-0.01
495.44,3.45,-0,0,-28.72,14701593,1642172382.5686,-0.01
495.44,3.45,-0,0.01,-28.73,14701613,1642172382.58446,-0.01
495.44,3.45,-0,0,-28.77,14701632,1642172382.61159,-0.01
495.44,3.45,-0,0,-28.78,14701652,1642172382.62686,-0.01
495.44,3.45,-0,0,-28.8,14701672,1642172382.64702,-0.01
495.44,3.45,-0,0,-28.82,14701692,1642172382.66661,-0.01
495.44,3.45,-0,0.01,-28.83,14701713,1642172382.68704,-0.01
495.44,3.45,-0,0,-28.85,14701732,1642172382.71403,-0.01
495.44,3.45,-0,0,-28.88,14701753,1642172382.72766,-0.01
495.44,3.45,-0,0,-28.9,14701772,1642172382.74409,-0.01
495.44,3.45,-0,0,-28.92,14701793,1642172382.76862,-0.01
495.44,3.45,-0,0.01,-28.93,14701812,1642172382.78552,-0.01
495.44,3.45,-0,0,-28.97,14701833,1642172382.80538,-0.01
495.44,3.45,-0,0,-29,14701852,1642172382.82542,-0.01
495.44,3.45,-0,0,-29.03,14701873,1642172382.8463,-0.01
495.44,3.45,-0,0.01,-29.07,14701892,1642172382.86731,-0.01
495.44,3.45,-0,0.01,-29.1,14701913,1642172382.8874,-0.01
495.44,3.45,-0,0,-29.13,14701933,1642172382.90767,-0.01
495.44,3.45,-0,0,-29.17,14701953,1642172382.92879,-0.01
495.44,3.45,-0,0,-29.2,14701972,1642172382.94508,-0.01
495.44,3.45,-0,0.01,-29.23,14701992,1642172382.96543,-0.01
495.44,3.45,-0,0.01,-29.27,14702013,1642172382.98635,-0.01
495.44,3.45,-0,0,-29.28,14702032,1642172383.00667,-0.01
495.44,3.45,-0,0,-29.32,14702053,1642172383.02772,-0.01
495.44,3.45,-0,0,-29.33,14702072,1642172383.05378,-0.01
495.44,3.45,-0,0.01,-29.35,14702093,1642172383.06766,-0.01
495.44,3.45,-0,0.01,-29.37,14702112,1642172383.08837,-0.01
495.44,3.45,-0,0,-29.38,14702133,1642172383.1075,-0.01
495.44,3.45,-0,0,-29.4,14702152,1642172383.12479,-0.01
495.44,3.45,-0,0,-29.42,14702173,1642172383.14533,-0.01
495.44,3.45,-0,0.01,-29.43,14702192,1642172383.1657,-0.01
495.44,3.45,-0,0.01,-29.47,14702213,1642172383.18615,-0.01
495.44,3.45,-0,0,-29.5,14702232,1642172383.20638,-0.01
495.44,3.45,-0,0,-29.52,14702253,1642172383.22716,-0.01
495.44,3.45,-0,0,-29.55,14702272,1642172383.24721,-0.01
495.44,3.45,-0,0.01,-29.57,14702292,1642172383.26887,-0.01
495.44,3.45,-0,0.01,-29.58,14702313,1642172383.28915,-0.01
495.44,3.45,-0,0,-29.6,14702332,1642172383.31019,-0.01
495.44,3.45,-0,0,-29.62,14702352,1642172383.3272,-0.01
495.44,3.45,-0,0,-29.63,14702372,1642172383.34681,-0.01
495.44,3.45,-0,0.01,-29.65,14702393,1642172383.36728,-0.01
495.44,3.45,-0,0,-29.68,14702412,1642172383.38737,-0.01
495.44,3.45,-0,0,-29.7,14702433,1642172383.40745,-0.01
495.44,3.45,-0,0,-29.72,14702452,1642172383.4291,-0.01
495.44,3.45,-0,0,-29.75,14702473,1642172383.44936,-0.01
495.44,3.45,-0,0.01,-29.78,14702493,1642172383.46964,-0.01
495.44,3.45,-0,0,-29.82,14702513,1642172383.49129,-0.01
495.44,3.45,-0,0,-29.85,14702533,1642172383.50855,-0.01
495.44,3.45,-0,0,-29.88,14702553,1642172383.52635,-0.01
495.44,3.45,-0,0,-29.9,14702572,1642172383.54685,-0.01
495.44,3.45,-0,0.01,-29.93,14702593,1642172383.56702,-0.01
495.44,3.45,-0,0,-29.95,14702612,1642172383.58785,-0.01
495.44,3.45,-0,0,-29.98,14702632,1642172383.60854,-0.01
495.44,3.45,-0,0,-30,14702653,1642172383.62923,-0.01
495.44,3.45,-0,0,-30.02,14702672,1642172383.6493,-0.01
495.44,3.45,-0,0.01,-30.05,14702693,1642172383.66958,-0.01
495.44,3.45,-0,0,-30.07,14702712,1642172383.68616,-0.01
495.44,3.45,-0,0,-30.1,14702733,1642172383.70701,-0.01
495.44,3.45,-0,0,-30.12,14702752,1642172383.72837,-0.01
495.44,3.45,-0,0,-30.13,14702773,1642172383.74739,-0.01
495.44,3.45,-0,0.01,-30.15,14702792,1642172383.76776,-0.01
495.44,3.45,-0,0,-30.17,14702813,1642172383.78912,-0.01
495.44,3.45,-0,0,-30.18,14702833,1642172383.80929,-0.01
495.44,3.45,-0,0,-30.18,14702853,1642172383.82969,-0.01
495.44,3.45,-0,0,-30.2,14702872,1642172383.84617,-0.01
495.44,3.45,-0,0.01,-30.22,14702893,1642172383.86681,-0.01
495.44,3.45,-0,0,-30.23,14702912,1642172383.89156,-0.01
495.44,3.45,-0,0,-30.23,14702932,1642172383.90995,-0.01
495.44,3.45,-0,0,-30.25,14702953,1642172383.92974,-0.01
495.44,3.45,-0,0,-30.27,14702972,1642172383.94894,-0.01
495.44,3.45,-0,0.01,-30.27,14702993,1642172383.96955,-0.01
495.44,3.45,-0,0,-30.28,14703012,1642172383.98999,-0.01
495.44,3.45,-0,0,-30.3,14703033,1642172384.01011,-0.01
495.44,3.45,-0,0,-30.3,14703052,1642172384.02741,-0.01
495.44,3.45,-0,0,-30.32,14703073,1642172384.04718,-0.01
495.44,3.45,-0,0.01,-30.32,14703093,1642172384.06762,-0.01
495.44,3.45,-0,0,-30.33,14703113,1642172384.08835,-0.01
495.44,3.45,-0,0,-30.33,14703132,1642172384.10811,-0.01
495.44,3.45,-0,0,-30.35,14703153,1642172384.12891,-0.01
495.44,3.45,-0,0,-30.35,14703172,1642172384.14949,-0.01
495.44,3.45,-0,0.01,-30.37,14703193,1642172384.17,-0.01
495.44,3.45,-0,0,-30.38,14703212,1642172384.18995,-0.01
495.44,3.45,-0,0,-30.38,14703233,1642172384.21037,-0.01
495.44,3.45,-0,0,-30.38,14703253,1642172384.22772,-0.01
495.44,3.45,-0,0.01,-30.4,14703272,1642172384.24734,-0.01
495.44,3.45,-0,0.01,-30.4,14703293,1642172384.26821,-0.01
495.44,3.45,-0,0,-30.42,14703312,1642172384.28855,-0.01
495.44,3.45,-0,0,-30.42,14703333,1642172384.31342,-0.01
495.44,3.45,-0,0,-30.42,14703352,1642172384.32997,-0.01
495.44,3.45,-0,0.01,-30.43,14703373,1642172384.34921,-0.01
495.44,3.45,-0,0.01,-30.43,14703392,1642172384.36934,-0.01
495.44,3.45,-0,0,-30.43,14703413,1642172384.3863,-0.01
495.44,3.45,-0,0,-30.45,14703433,1642172384.4064,-0.01
495.44,3.45,-0,0,-30.45,14703453,1642172384.42826,-0.01
495.44,3.45,-0,0.01,-30.47,14703472,1642172384.4479,-0.01
495.44,3.45,-0,0.01,-30.47,14703493,1642172384.46887,-0.01
495.44,3.45,-0,0,-30.47,14703512,1642172384.4893,-0.01
495.44,3.45,-0,0,-30.48,14703533,1642172384.50986,-0.01
495.44,3.45,-0,0,-30.48,14703552,1642172384.53023,-0.01
495.44,3.45,-0,0.01,-30.5,14703572,1642172384.55117,-0.01
495.44,3.45,-0,0.01,-30.5,14703592,1642172384.56665,-0.01
495.44,3.45,-0,0,-30.52,14703612,1642172384.58718,-0.01
495.44,3.45,-0,0,-30.52,14703633,1642172384.60848,-0.01
495.44,3.45,-0,0,-30.53,14703652,1642172384.62935,-0.01
495.44,3.45,-0,0.01,-30.53,14703673,1642172384.64896,-0.01
495.44,3.45,-0,0.01,-30.55,14703692,1642172384.67453,-0.01
495.44,3.45,-0,0,-30.57,14703713,1642172384.69307,-0.01
495.44,3.45,-0,0,-30.57,14703732,1642172384.71051,-0.01
495.44,3.45,-0,0,-30.58,14703753,1642172384.73019,-0.01
495.44,3.45,-0,0.01,-30.58,14703773,1642172384.75066,-0.01
495.44,3.45,-0,0.01,-30.6,14703793,1642172384.76789,-0.01
495.44,3.45,-0,0,-30.62,14703812,1642172384.78821,-0.01
495.44,3.45,-0,0,-30.63,14703833,1642172384.81921,-0.01
495.44,3.45,-0,0,-30.65,14703852,1642172384.8318,-0.01
495.44,3.45,-0,0.01,-30.67,14703873,1642172384.84995,-0.01
495.44,3.45,-0,0.01,-30.68,14703892,1642172384.87023,-0.01
495.44,3.45,-0,0,-30.7,14703912,1642172384.89033,-0.01
495.44,3.45,-0,0,-30.7,14703933,1642172384.91127,-0.01
495.44,3.45,-0,0,-30.72,14703952,1642172384.93109,-0.01
495.44,3.45,-0,0.01,-30.73,14703973,1642172384.94805,-0.01
495.44,3.45,-0,0,-30.75,14703992,1642172384.96832,-0.01
495.44,3.45,-0,0,-30.77,14704013,1642172384.98961,-0.01
495.44,3.45,-0,0,-30.77,14704032,1642172385.01006,-0.01
495.44,3.45,-0,0,-30.78,14704053,1642172385.03031,-0.01
495.44,3.45,-0,0.01,-30.78,14704073,1642172385.05056,-0.01
495.44,3.45,-0,0,-30.8,14704093,1642172385.07049,-0.01
495.44,3.45,-0,0,-30.8,14704112,1642172385.09659,-0.01
495.44,3.45,-0,0,-30.82,14704133,1642172385.1125,-0.01
495.44,3.45,-0,0,-30.82,14704152,1642172385.12761,-0.01
495.44,3.45,-0,0.01,-30.83,14704173,1642172385.14854,-0.01
495.44,3.45,-0,0,-30.83,14704192,1642172385.16871,-0.01
495.44,3.45,-0,0,-30.85,14704212,1642172385.18945,-0.01
495.44,3.45,-0,0,-30.85,14704233,1642172385.21142,-0.01
495.44,3.45,-0,0,-30.87,14704252,1642172385.23713,-0.01
495.44,3.45,-0,0.01,-30.87,14704273,1642172385.25049,-0.01
495.44,3.45,-0,0,-30.87,14704292,1642172385.27151,-0.01
495.44,3.45,-0,0,-30.88,14704313,1642172385.29174,-0.01
495.44,3.45,-0,0,-30.9,14704332,1642172385.30909,-0.01
495.44,3.45,-0,0,-30.92,14704353,1642172385.32865,-0.01
495.44,3.45,-0,0.01,-30.93,14704372,1642172385.34899,-0.01
495.44,3.45,-0,0,-30.95,14704393,1642172385.36936,-0.01
495.44,3.45,-0,0,-30.98,14704413,1642172385.38985,-0.01
495.44,3.45,-0,0,-31.02,14704433,1642172385.41079,-0.01
495.44,3.45,-0,0,-31.03,14704452,1642172385.43024,-0.01
495.44,3.45,-0,0.01,-31.05,14704473,1642172385.45199,-0.01
495.44,3.45,-0,0,-31.07,14704492,1642172385.47253,-0.01
495.44,3.45,-0,0,-31.08,14704513,1642172385.49599,-0.01
495.44,3.45,-0,0,-31.08,14704532,1642172385.51502,-0.01
495.44,3.45,-0,0,-31.1,14704552,1642172385.52929,-0.01
495.44,3.45,-0,0.01,-31.1,14704573,1642172385.55006,-0.01
495.44,3.45,-0,0,-31.1,14704592,1642172385.57075,-0.01
495.44,3.45,-0,0,-31.12,14704613,1642172385.59069,-0.01
495.44,3.45,-0,0,-31.12,14704632,1642172385.61138,-0.01
495.44,3.45,-0,0,-31.12,14704653,1642172385.63092,-0.01
495.44,3.45,-0,0.01,-31.12,14704673,1642172385.65255,-0.01
495.44,3.45,-0,0,-31.12,14704693,1642172385.67206,-0.01
495.44,3.45,-0,0,-31.12,14704713,1642172385.68939,-0.01
495.44,3.45,-0,0,-31.12,14704733,1642172385.70949,-0.01
495.44,3.45,-0,0,-31.12,14704753,1642172385.72967,-0.01
495.44,3.45,-0,0.01,-31.12,14704773,1642172385.75083,-0.01
495.44,3.45,-0,0.01,-31.12,14704793,1642172385.77113,-0.01
495.44,3.45,-0,0,-31.12,14704813,1642172385.79186,-0.01
495.44,3.45,-0,0,-31.12,14704833,1642172385.81255,-0.01
495.44,3.45,-0,0,-31.12,14704852,1642172385.83226,-0.01
495.44,3.45,-0,0.01,-31.12,14704873,1642172385.85239,-0.01
495.44,3.45,-0,0.01,-31.12,14704892,1642172385.86942,-0.01
495.44,3.45,-0,0.01,-31.12,14704913,1642172385.89448,-0.01
495.44,3.45,-0,0,-31.12,14704932,1642172385.91134,-0.01
495.44,3.45,-0,0,-31.12,14704953,1642172385.93101,-0.01
495.44,3.45,-0,0.01,-31.12,14704973,1642172385.95347,-0.01
495.44,3.45,-0,0.01,-31.12,14704993,1642172385.97156,-0.01
495.44,3.45,-0,0.01,-31.12,14705013,1642172385.99226,-0.01
495.44,3.45,-0,0.01,-31.12,14705033,1642172386.01256,-0.01
495.44,3.45,-0,0.01,-31.12,14705053,1642172386.03344,-0.01
495.44,3.45,-0,0.01,-31.12,14705073,1642172386.05002,-0.01
495.44,3.45,-0,0.01,-31.12,14705093,1642172386.06997,-0.01
495.44,3.45,-0,0.01,-31.1,14705113,1642172386.09019,-0.01
495.44,3.45,-0,0.01,-31.1,14705132,1642172386.11181,-0.01
495.44,3.45,-0,0.01,-31.08,14705153,1642172386.13138,-0.01
495.44,3.45,-0,0.01,-31.05,14705173,1642172386.15719,-0.01
495.44,3.45,-0,0.01,-31.03,14705192,1642172386.17453,-0.01
495.44,3.45,-0,0.01,-31,14705213,1642172386.19733,-0.01
495.44,3.45,-0,0.01,-30.97,14705232,1642172386.21299,-0.01
495.44,3.45,-0,0.01,-30.95,14705253,1642172386.22973,-0.01
495.44,3.45,-0,0.01,-30.95,14705272,1642172386.24997,-0.01
495.44,3.45,-0,0.01,-30.93,14705293,1642172386.27062,-0.01
495.44,3.45,-0,0.01,-30.93,14705312,1642172386.29148,-0.01
495.44,3.45,-0,0.01,-30.93,14705333,1642172386.31162,-0.01
495.44,3.45,-0,0.01,-30.92,14705353,1642172386.33154,-0.01
495.44,3.45,-0,0.01,-30.85,14705373,1642172386.35201,-0.01
495.44,3.45,-0,0.01,-30.82,14705392,1642172386.37304,-0.01
495.44,3.45,-0,0.01,-30.82,14705413,1642172386.39003,-0.01
495.44,3.45,-0,0.01,-30.82,14705432,1642172386.41009,-0.01
495.44,3.45,-0,0.01,-30.82,14705453,1642172386.43114,-0.01
495.44,3.45,-0,0.01,-30.82,14705472,1642172386.45051,-0.01
495.44,3.45,-0,0.01,-30.82,14705492,1642172386.47197,-0.01
495.44,3.45,-0,0.01,-30.82,14705512,1642172386.49242,-0.01
495.44,3.45,-0,0.01,-30.82,14705532,1642172386.51294,-0.01
495.44,3.45,-0,0.01,-30.82,14705553,1642172386.5333,-0.01
495.44,3.45,-0,0.01,-30.82,14705572,1642172386.55377,-0.01
495.44,3.45,-0,0.01,-30.82,14705593,1642172386.56975,-0.01
495.44,3.45,-0,0.01,-30.82,14705612,1642172386.59006,-0.01
495.44,3.45,-0,0.01,-30.82,14705633,1642172386.61039,-0.01
495.44,3.45,-0,0.01,-30.82,14705652,1642172386.63111,-0.01
495.44,3.45,-0,0.01,-30.82,14705673,1642172386.65221,-0.01
495.44,3.45,-0,0,-30.82,14705692,1642172386.67226,-0.01
495.44,3.45,-0,0,-30.82,14705713,1642172386.69296,-0.01
495.44,3.45,-0,0,-30.82,14705732,1642172386.72099,-0.01
495.44,3.45,-0,0,-30.82,14705753,1642172386.73594,-0.01
495.44,3.45,-0,0,-30.82,14705772,1642172386.7499,-0.01
495.44,3.45,-0,0,-30.82,14705793,1642172386.76996,-0.01
495.44,3.45,-0,0,-30.82,14705812,1642172386.79123,-0.01
495.44,3.45,-0,0,-30.82,14705832,1642172386.81181,-0.01
495.44,3.45,-0,0,-30.82,14705852,1642172386.83186,-0.01
495.44,3.45,-0,0,-30.82,14705872,1642172386.85194,-0.01
495.44,3.45,-0,0,-30.82,14705893,1642172386.8733,-0.01
495.44,3.45,-0,0,-30.82,14705912,1642172386.89289,-0.01
495.44,3.45,-0,0,-30.82,14705933,1642172386.914,-0.01
495.44,3.45,-0,0,-30.82,14705952,1642172386.92978,-0.01
495.44,3.45,-0,0,-30.82,14705973,1642172386.95002,-0.01
495.44,3.45,-0,0,-30.82,14705992,1642172386.97104,-0.01
495.44,3.45,-0,0,-30.82,14706013,1642172386.99176,-0.01
495.44,3.45,-0,0,-30.82,14706032,1642172387.012,-0.01
495.44,3.45,-0,0,-30.82,14706053,1642172387.03347,-0.01
495.44,3.45,-0,0,-30.82,14706072,1642172387.0525,-0.01
495.44,3.45,-0,0,-30.82,14706093,1642172387.07287,-0.01
495.44,3.45,-0,0,-30.82,14706112,1642172387.09395,-0.01
495.44,3.45,-0,0,-30.82,14706132,1642172387.10999,-0.01
495.44,3.45,-0,0,-30.82,14706152,1642172387.13032,-0.01
495.44,3.45,-0,0,-30.82,14706172,1642172387.15073,-0.01
495.44,3.45,-0,0,-30.82,14706192,1642172387.17107,-0.01
495.44,3.45,-0,0,-30.82,14706212,1642172387.19172,-0.01
495.44,3.45,-0,0,-30.82,14706233,1642172387.21341,-0.01
495.44,3.45,-0,0,-30.82,14706252,1642172387.23362,-0.01
495.44,3.45,-0,0,-30.82,14706273,1642172387.25381,-0.01
495.44,3.45,-0,0,-30.82,14706292,1642172387.27522,-0.01
495.44,3.45,-0,0,-30.82,14706313,1642172387.29543,-0.01
495.44,3.45,-0,0,-30.82,14706332,1642172387.31203,-0.01
495.44,3.45,-0,0,-30.82,14706353,1642172387.33203,-0.01
495.44,3.45,-0,0,-30.82,14706372,1642172387.35273,-0.01
495.44,3.45,-0,0,-30.82,14706393,1642172387.37263,-0.01
495.44,3.45,-0,0,-30.82,14706412,1642172387.39366,-0.01
495.44,3.45,-0,0,-30.82,14706433,1642172387.41409,-0.01
495.44,3.45,-0,0,-30.82,14706452,1642172387.43424,-0.01
495.44,3.45,-0,0,-30.82,14706472,1642172387.45421,-0.01
495.44,3.45,-0,0,-30.82,14706492,1642172387.47446,-0.01
495.44,3.45,-0,0,-30.82,14706512,1642172387.49135,-0.01
495.44,3.45,-0,0,-30.82,14706532,1642172387.5118,-0.01
495.44,3.45,-0,0,-30.82,14706552,1642172387.53202,-0.01
495.44,3.45,-0,0,-30.82,14706573,1642172387.55261,-0.01
495.44,3.45,-0,0,-30.82,14706592,1642172387.57389,-0.01
495.44,3.45,-0,0,-30.82,14706613,1642172387.5938,-0.01
495.44,3.45,-0,0,-30.82,14706632,1642172387.61403,-0.01
495.44,3.45,-0,0,-30.82,14706653,1642172387.63424,-0.01
495.44,3.45,-0,0,-30.82,14706672,1642172387.65469,-0.01
495.44,3.45,-0,0,-30.82,14706693,1642172387.67151,-0.01
495.44,3.45,-0,0,-30.82,14706712,1642172387.6917,-0.01
495.44,3.45,-0,0,-30.82,14706733,1642172387.71319,-0.01
495.44,3.45,-0,0,-30.82,14706752,1642172387.73312,-0.01
495.44,3.45,-0,0,-30.82,14706772,1642172387.75353,-0.01
495.44,3.45,-0,0,-30.82,14706792,1642172387.77385,-0.01
495.44,3.45,-0,0,-30.82,14706812,1642172387.79409,-0.01
495.44,3.45,-0,0,-30.82,14706832,1642172387.81434,-0.01
495.44,3.45,-0,0,-30.82,14706852,1642172387.84161,-0.01
495.44,3.45,-0,0,-30.82,14706873,1642172387.85168,-0.01
495.44,3.45,-0,0,-30.82,14706892,1642172387.87151,-0.01
495.44,3.45,-0,0,-30.82,14706913,1642172387.89727,-0.01
495.44,3.45,-0,0,-30.82,14706932,1642172387.91587,-0.01
495.44,3.45,-0,0,-30.82,14706953,1642172387.93245,-0.01
495.44,3.45,-0,0,-30.82,14706972,1642172387.95412,-0.01
495.44,3.45,-0,0,-30.82,14706993,1642172387.97355,-0.01
495.44,3.45,-0,0,-30.82,14707012,1642172387.9942,-0.01
495.44,3.45,-0,0,-30.82,14707033,1642172388.01701,-0.01
495.44,3.45,-0,0,-30.82,14707052,1642172388.03252,-0.01
495.44,3.45,-0,0,-30.82,14707073,1642172388.05261,-0.01
495.44,3.45,-0,0,-30.82,14707092,1642172388.07313,-0.01
495.44,3.45,-0,0,-30.8,14707112,1642172388.09341,-0.01
495.44,3.45,-0,0,-30.8,14707132,1642172388.11444,-0.01
495.44,3.45,-0,0,-30.8,14707152,1642172388.13456,-0.01
495.44,3.45,-0,0,-30.8,14707173,1642172388.15508,-0.01
495.44,3.45,-0,0,-30.8,14707192,1642172388.17541,-0.01
495.44,3.45,-0,0,-30.8,14707213,1642172388.19651,-0.01
495.44,3.45,-0,0,-30.8,14707232,1642172388.21321,-0.01
495.44,3.45,-0,0,-30.8,14707253,1642172388.23345,-0.01
495.44,3.45,-0,0,-30.8,14707272,1642172388.2536,-0.01
495.44,3.45,-0,0,-30.8,14707293,1642172388.27385,-0.01
495.44,3.45,-0,0,-30.8,14707312,1642172388.29442,-0.01
495.44,3.45,-0,0,-30.8,14707333,1642172388.31447,-0.01
495.44,3.45,-0,0,-30.8,14707352,1642172388.33486,-0.01
495.44,3.45,-0,0,-30.8,14707373,1642172388.35531,-0.01
495.44,3.45,-0,0,-30.8,14707392,1642172388.37536,-0.01
495.44,3.45,-0,0,-30.8,14707412,1642172388.3921,-0.01
495.44,3.45,-0,0,-30.8,14707432,1642172388.41286,-0.01
495.44,3.45,-0,0,-30.8,14707452,1642172388.43322,-0.01
495.44,3.45,-0,0,-30.8,14707473,1642172388.45383,-0.01
495.44,3.45,-0,0,-30.8,14707492,1642172388.47437,-0.01
495.44,3.45,-0,0,-30.8,14707513,1642172388.49536,-0.01
495.44,3.45,-0,0,-30.8,14707532,1642172388.51496,-0.01
495.44,3.45,-0,0,-30.8,14707553,1642172388.53664,-0.01
495.44,3.45,-0,0,-30.8,14707572,1642172388.56085,-0.01
495.44,3.45,-0,0,-30.8,14707593,1642172388.57594,-0.01
495.44,3.45,-0,0,-30.8,14707612,1642172388.59235,-0.01
495.44,3.45,-0,0,-30.8,14707633,1642172388.61381,-0.01
495.44,3.45,-0,0,-30.8,14707652,1642172388.63381,-0.01
495.44,3.45,-0,0,-30.8,14707673,1642172388.65388,-0.01
495.44,3.45,-0,0,-30.8,14707692,1642172388.67661,-0.01
495.44,3.45,-0,0,-30.8,14707713,1642172388.70219,-0.01
495.44,3.45,-0,0,-30.8,14707732,1642172388.72005,-0.01
495.44,3.45,-0,0,-30.8,14707752,1642172388.73587,-0.01
495.44,3.45,-0,0,-30.8,14707772,1642172388.75306,-0.01
495.44,3.45,-0,0,-30.8,14707792,1642172388.77288,-0.01
495.44,3.45,-0,0,-30.8,14707813,1642172388.79401,-0.01
495.44,3.45,-0,0,-30.8,14707832,1642172388.81433,-0.01
495.44,3.45,-0,0,-30.8,14707853,1642172388.8366,-0.01
495.44,3.45,-0,0,-30.8,14707872,1642172388.85583,-0.01
495.44,3.45,-0,0,-30.8,14707893,1642172388.87587,-0.01
495.44,3.45,-0,0,-30.8,14707912,1642172388.9056,-0.01
495.44,3.45,-0,0,-30.8,14707933,1642172388.91927,-0.01
495.44,3.45,-0,0,-30.8,14707952,1642172388.93321,-0.01
495.44,3.45,-0,0,-30.8,14707973,1642172388.95497,-0.01
495.44,3.45,-0,0,-30.8,14707992,1642172388.97443,-0.01
495.44,3.45,-0,0,-30.8,14708013,1642172388.99385,-0.01
495.44,3.45,-0,0,-30.8,14708032,1642172389.015,-0.01
495.44,3.45,-0,0,-30.8,14708052,1642172389.03486,-0.01
495.44,3.45,-0,0,-30.8,14708072,1642172389.0555,-0.01
495.44,3.45,-0,0,-30.8,14708092,1642172389.07599,-0.01
495.44,3.45,-0,0,-30.8,14708113,1642172389.09678,-0.01
495.44,3.45,-0,0,-30.8,14708132,1642172389.11706,-0.01
495.44,3.45,-0,0,-30.8,14708153,1642172389.13364,-0.01
495.44,3.45,-0,0,-30.8,14708172,1642172389.15409,-0.01
495.44,3.45,-0,0,-30.8,14708193,1642172389.17474,-0.01
495.44,3.45,-0,0,-30.8,14708212,1642172389.1954,-0.01
495.44,3.45,-0,0,-30.8,14708233,1642172389.21761,-0.01
495.44,3.45,-0,0,-30.8,14708252,1642172389.2364,-0.01
495.44,3.45,-0,0,-30.8,14708273,1642172389.26672,-0.01
495.44,3.45,-0,0,-30.8,14708292,1642172389.27817,-0.01
495.44,3.45,-0,0,-30.8,14708313,1642172389.30213,-0.01
495.44,3.45,-0,0,-30.8,14708332,1642172389.31379,-0.01
495.44,3.45,-0,0,-30.8,14708353,1642172389.33402,-0.01
495.44,3.45,-0,0,-30.8,14708372,1642172389.35494,-0.01
495.44,3.45,-0,0,-30.8,14708392,1642172389.37469,-0.01
495.44,3.45,-0,0,-30.8,14708412,1642172389.39593,-0.01
495.44,3.45,-0,0,-30.8,14708432,1642172389.41536,-0.01
495.44,3.45,-0,0,-30.8,14708453,1642172389.43687,-0.01
495.44,3.45,-0,0,-30.8,14708472,1642172389.4568,-0.01
495.44,3.45,-0,0,-30.8,14708493,1642172389.48371,-0.01
495.44,3.45,-0,0,-30.8,14708512,1642172389.50238,-0.01
495.44,3.45,-0,0,-30.8,14708533,1642172389.51486,-0.01
495.44,3.45,-0,0,-30.8,14708552,1642172389.53516,-0.01
495.44,3.45,-0,0,-30.8,14708573,1642172389.55549,-0.01
495.44,3.45,-0,0,-30.8,14708592,1642172389.5762,-0.01
495.44,3.45,-0,0,-30.8,14708613,1642172389.60216,-0.01
495.44,3.45,-0,0,-30.8,14708632,1642172389.61742,-0.01
495.44,3.45,-0,0,-30.8,14708653,1642172389.6374,-0.01
495.44,3.45,-0,0,-30.8,14708672,1642172389.65783,-0.01
495.44,3.45,-0,0,-30.8,14708692,1642172389.67469,-0.01
495.44,3.45,-0,0,-30.8,14708712,1642172389.69514,-0.01
495.44,3.45,-0,0,-30.8,14708732,1642172389.71501,-0.01
495.44,3.45,-0,0,-30.8,14708753,1642172389.73536,-0.01
495.44,3.45,-0,0,-30.8,14708772,1642172389.75609,-0.01
495.44,3.45,-0,0,-30.8,14708793,1642172389.78362,-0.01
495.44,3.45,-0,0,-30.8,14708812,1642172389.79871,-0.01
495.44,3.45,-0,0,-30.8,14708833,1642172389.81831,-0.01
495.44,3.45,-0,0,-30.8,14708852,1642172389.84469,-0.01
495.44,3.45,-0,0,-30.8,14708873,1642172389.8547,-0.01
495.44,3.45,-0,0,-30.8,14708892,1642172389.8756,-0.01
495.44,3.45,-0,0,-30.8,14708913,1642172389.8956,-0.01
495.44,3.45,-0,0,-30.8,14708932,1642172389.91539,-0.01
495.44,3.45,-0,0,-30.8,14708953,1642172389.93666,-0.01
495.44,3.45,-0,0,-30.8,14708972,1642172389.95747,-0.01
495.44,3.45,-0,0,-30.8,14708993,1642172389.99223,-0.01
495.44,3.45,-0,0,-30.8,14709012,1642172390.00202,-0.01
495.44,3.45,-0,0,-30.8,14709032,1642172390.0175,-0.01
495.44,3.45,-0,0,-30.8,14709052,1642172390.03507,-0.01
495.44,3.45,-0,0,-30.8,14709072,1642172390.05499,-0.01
495.44,3.45,-0,0,-30.8,14709093,1642172390.07535,-0.01
495.44,3.45,-0,0,-30.8,14709112,1642172390.09556,-0.01
495.44,3.45,-0,0,-30.8,14709133,1642172390.11678,-0.01
495.44,3.45,-0,0,-30.8,14709152,1642172390.13631,-0.01
495.44,3.45,-0,0,-30.8,14709173,1642172390.173,-0.01
495.44,3.45,-0,0,-30.8,14709192,1642172390.17827,-0.01
495.44,3.45,-0,0,-30.8,14709213,1642172390.19821,-0.01
495.44,3.45,-0,0,-30.8,14709232,1642172390.21436,-0.01
495.44,3.45,-0,0,-30.8,14709253,1642172390.23558,-0.01
495.44,3.45,-0,0,-30.8,14709272,1642172390.256,-0.01
495.44,3.45,-0,0,-30.8,14709293,1642172390.28278,-0.01
495.44,3.45,-0,0,-30.8,14709312,1642172390.29943,-0.01
495.44,3.45,-0,0,-30.8,14709332,1642172390.31798,-0.01
495.44,3.45,-0,0,-30.8,14709352,1642172390.33745,-0.01
495.44,3.45,-0,0,-30.8,14709372,1642172390.35787,-0.01
495.44,3.45,-0,0,-30.8,14709393,1642172390.3785,-0.01
495.44,3.45,-0,0,-30.8,14709412,1642172390.39439,-0.01
495.44,3.45,-0,0,-30.8,14709433,1642172390.41597,-0.01
495.44,3.45,-0,0,-30.8,14709452,1642172390.43613,-0.01
495.44,3.45,-0,0,-30.8,14709473,1642172390.45651,-0.01
495.44,3.45,-0,0,-30.8,14709492,1642172390.47789,-0.01
495.44,3.45,-0,0,-30.8,14709513,1642172390.49833,-0.01
495.44,3.45,-0,0,-30.8,14709532,1642172390.51835,-0.01
495.44,3.45,-0,0,-30.8,14709553,1642172390.53862,-0.01
495.44,3.45,-0,0,-30.8,14709572,1642172390.55935,-0.01
495.44,3.45,-0,0,-30.8,14709593,1642172390.57565,-0.01
495.44,3.45,-0,0,-30.8,14709612,1642172390.59624,-0.01
495.44,3.45,-0,0,-30.8,14709633,1642172390.61666,-0.01
495.44,3.45,-0,0,-30.8,14709652,1642172390.63986,-0.01
495.44,3.45,-0,0,-30.8,14709672,1642172390.65845,-0.01
495.44,3.45,-0,0,-30.8,14709692,1642172390.67782,-0.01
495.44,3.45,-0,0,-30.8,14709712,1642172390.69782,-0.01
495.44,3.45,-0,0,-30.8,14709733,1642172390.71813,-0.01
495.44,3.45,-0,0,-30.8,14709752,1642172390.74619,-0.01
495.44,3.45,-0,0,-30.8,14709773,1642172390.75528,-0.01
495.44,3.45,-0,0,-30.8,14709792,1642172390.77593,-0.01
495.44,3.45,-0,0,-30.8,14709813,1642172390.79605,-0.01
495.44,3.45,-0,0,-30.8,14709832,1642172390.81721,-0.01
495.44,3.45,-0,0,-30.8,14709853,1642172390.83681,-0.01
495.44,3.45,-0,0,-30.8,14709872,1642172390.85814,-0.01
495.44,3.45,-0,0,-30.8,14709893,1642172390.87863,-0.01
495.44,3.45,-0,0,-30.8,14709912,1642172390.89866,-0.01
495.44,3.45,-0,0,-30.8,14709933,1642172390.92033,-0.01
495.44,3.45,-0,0,-30.8,14709952,1642172390.93544,-0.01
495.44,3.45,-0,0,-30.8,14709972,1642172390.95576,-0.01
495.44,3.45,-0,0,-30.8,14709992,1642172390.97672,-0.01
495.44,3.45,-0,0,-30.8,14710012,1642172390.99679,-0.01
495.44,3.45,-0,0,-30.8,14710033,1642172391.03501,-0.01
495.44,3.45,-0,0,-30.8,14710052,1642172391.04212,-0.01
495.44,3.45,-0,0,-30.8,14710073,1642172391.05872,-0.01
495.44,3.45,-0,0,-30.8,14710092,1642172391.07894,-0.01
495.44,3.45,-0,0,-30.8,14710113,1642172391.09901,-0.01
495.44,3.45,-0,0,-30.8,14710132,1642172391.1199,-0.01
495.44,3.45,-0,0,-30.8,14710153,1642172391.13642,-0.01
495.44,3.45,-0,0,-30.8,14710172,1642172391.15644,-0.01
495.44,3.45,-0,0,-30.8,14710193,1642172391.17704,-0.01
495.44,3.45,-0,0,-30.8,14710212,1642172391.19726,-0.01
495.44,3.45,-0,0,-30.8,14710233,1642172391.21887,-0.01
495.44,3.45,-0,0,-30.8,14710252,1642172391.23934,-0.01
