709.21,3.63,0.8,0,41.05,1917549,1642181267.19121,-7.9
709.21,3.63,0.8,0,41.05,1917569,1642181267.19197,-7.9
709.21,3.63,0.8,0,41.05,1917589,1642181267.19272,-7.9
709.21,3.63,0.8,0,41.05,1917608,1642181267.1934,-7.9
709.21,3.63,0.8,0,41.05,1917629,1642181267.19406,-7.9
709.21,3.63,0.8,0,41.05,1917648,1642181267.19483,-7.9
709.21,3.63,0.8,0,41.05,1917669,1642181267.21647,-7.9
709.21,3.63,0.8,0,41.05,1917688,1642181267.22919,-7.9
709.21,3.63,0.8,0,41.05,1917709,1642181267.27298,-7.9
709.21,3.63,0.8,0,41.05,1917728,1642181267.27552,-7.9
709.21,3.63,0.8,0,41.05,1917749,1642181267.29469,-7.9
709.21,3.63,0.8,0,41.05,1917769,1642181267.31815,-7.9
709.21,3.63,0.8,0,41.05,1917789,1642181267.32962,-7.9
709.21,3.63,0.8,0,41.05,1917809,1642181267.34609,-7.9
709.21,3.63,0.8,0,41.05,1917829,1642181267.36653,-7.9
709.21,3.63,0.8,0,41.05,1917849,1642181267.39214,-7.9
709.21,3.63,0.8,0,41.05,1917869,1642181267.40925,-7.9
709.21,3.63,0.8,0,41.05,1917889,1642181267.42803,-7.9
709.21,3.63,0.8,0,41.05,1917908,1642181267.44968,-7.9
709.21,3.63,0.8,0,41.05,1917929,1642181267.4692,-7.9
709.21,3.63,0.8,0,41.05,1917948,1642181267.48945,-7.9
709.21,3.63,0.8,0,41.05,1917969,1642181267.50999,-7.9
709.21,3.63,0.8,0,41.05,1917988,1642181267.52575,-7.9
709.21,3.63,0.8,0,41.05,1918009,1642181267.54665,-7.9
709.21,3.63,0.8,0,41.05,1918028,1642181267.56708,-7.9
709.21,3.63,0.8,0,41.05,1918049,1642181267.58848,-7.9
709.21,3.63,0.8,0,41.05,1918068,1642181267.60958,-7.9
709.21,3.63,0.8,0,41.05,1918089,1642181267.6305,-7.9
709.21,3.63,0.8,0,41.05,1918109,1642181267.65083,-7.9
709.21,3.63,0.8,0,41.05,1918129,1642181267.67069,-7.9
709.21,3.63,0.8,0,41.05,1918149,1642181267.6918,-7.9
709.21,3.63,0.8,0,41.05,1918169,1642181267.70816,-7.9
709.21,3.63,0.8,0,41.05,1918189,1642181267.7291,-7.9
709.21,3.63,0.8,0,41.05,1918209,1642181267.74883,-7.9
709.21,3.63,0.8,0,41.05,1918229,1642181267.7695,-7.9
709.21,3.63,0.8,0,41.05,1918248,1642181267.79009,-7.9
709.21,3.63,0.8,0,41.05,1918269,1642181267.81019,-7.9
709.21,3.63,0.8,0,41.05,1918288,1642181267.83007,-7.9
709.21,3.63,0.8,0,41.05,1918309,1642181267.8526,-7.9
709.21,3.63,0.8,0,41.05,1918328,1642181267.87094,-7.9
709.21,3.63,0.8,0,41.05,1918349,1642181267.89096,-7.9
709.21,3.63,0.8,0,41.05,1918368,1642181267.90845,-7.9
709.21,3.63,0.8,0,41.05,1918389,1642181267.92777,-7.9
709.21,3.63,0.8,0,41.05,1918409,1642181267.94776,-7.9
709.21,3.63,0.8,0,41.05,1918429,1642181267.96933,-7.9
709.21,3.63,0.8,0,41.05,1918449,1642181267.98959,-7.9
709.21,3.63,0.8,0,41.05,1918469,1642181268.00993,-7.9
709.21,3.63,0.8,0,41.05,1918489,1642181268.03042,-7.9
709.21,3.63,0.8,0,41.05,1918509,1642181268.05076,-7.9
709.21,3.63,0.8,0,41.05,1918529,1642181268.07334,-7.9
709.21,3.63,0.8,0,41.05,1918548,1642181268.08962,-7.9
709.21,3.63,0.8,0,41.05,1918569,1642181268.10924,-7.9
709.21,3.63,0.8,0,41.05,1918588,1642181268.12923,-7.9
709.21,3.63,0.8,0,41.05,1918609,1642181268.1492,-7.9
709.21,3.63,0.8,0,41.05,1918628,1642181268.16929,-7.9
709.21,3.63,0.8,0,41.05,1918649,1642181268.19579,-7.9
709.21,3.63,0.8,0,41.05,1918668,1642181268.21038,-7.9
709.21,3.63,0.8,0,41.05,1918689,1642181268.23073,-7.9
709.21,3.63,0.8,0,41.05,1918708,1642181268.25843,-7.9
709.21,3.63,0.8,0,41.05,1918729,1642181268.26826,-7.9
709.21,3.63,0.8,0,41.05,1918749,1642181268.28872,-7.9
709.21,3.63,0.8,0,41.05,1918769,1642181268.30899,-7.9
709.21,3.63,0.8,0,41.05,1918789,1642181268.32874,-7.9
709.21,3.63,0.8,0,41.05,1918809,1642181268.35012,-7.9
709.21,3.63,0.8,0,41.05,1918829,1642181268.37056,-7.9
709.21,3.63,0.8,0,41.05,1918849,1642181268.39084,-7.9
709.21,3.63,0.8,0,41.05,1918869,1642181268.41123,-7.9
709.21,3.63,0.8,0,41.05,1918888,1642181268.43538,-7.9
709.21,3.63,0.8,0,41.05,1918909,1642181268.45395,-7.9
709.21,3.63,0.8,0,41.05,1918928,1642181268.47498,-7.9
709.21,3.63,0.8,0,41.05,1918949,1642181268.48916,-7.9
709.21,3.63,0.8,0,41.05,1918968,1642181268.50916,-7.9
709.21,3.63,0.8,0,41.05,1918989,1642181268.52951,-7.9
709.21,3.63,0.8,0,41.05,1919008,1642181268.54976,-7.9
709.21,3.63,0.8,0,41.05,1919029,1642181268.57038,-7.9
709.21,3.63,0.8,0,41.05,1919049,1642181268.59364,-7.9
709.21,3.63,0.8,0,41.05,1919069,1642181268.61836,-7.9
709.21,3.63,0.8,0,41.05,1919089,1642181268.62955,-7.9
709.21,3.63,0.8,0,41.05,1919109,1642181268.64898,-7.9
709.21,3.63,0.8,0,41.05,1919129,1642181268.66961,-7.9
709.21,3.63,0.8,0,41.05,1919149,1642181268.68986,-7.9
709.21,3.63,0.8,0,41.05,1919169,1642181268.71147,-7.9
709.21,3.63,0.8,0,41.05,1919188,1642181268.73052,-7.9
709.21,3.63,0.8,0,41.05,1919209,1642181268.75089,-7.9
709.21,3.63,0.8,0,41.05,1919228,1642181268.77119,-7.9
709.21,3.63,0.8,0,41.05,1919249,1642181268.79202,-7.9
709.21,3.63,0.8,0,41.05,1919268,1642181268.82158,-7.9
709.21,3.63,0.8,0,41.05,1919289,1642181268.83344,-7.9
709.21,3.63,0.8,0,41.05,1919308,1642181268.84979,-7.9
709.21,3.63,0.8,0,41.05,1919329,1642181268.87284,-7.9
709.21,3.63,0.8,0,41.05,1919348,1642181268.89087,-7.9
709.21,3.63,0.8,0,41.05,1919369,1642181268.91113,-7.9
709.21,3.63,0.8,0,41.05,1919389,1642181268.93146,-7.9
709.21,3.63,0.8,0,41.05,1919409,1642181268.95177,-7.9
709.21,3.63,0.8,0,41.05,1919429,1642181268.97203,-7.9
709.21,3.63,0.8,0,41.05,1919449,1642181268.98934,-7.9
709.21,3.63,0.8,0,41.05,1919469,1642181269.0092,-7.9
709.21,3.63,0.8,0,41.05,1919489,1642181269.03003,-7.9
709.21,3.63,0.8,0,41.05,1919509,1642181269.05065,-7.9
709.21,3.63,0.8,0,41.05,1919528,1642181269.07106,-7.9
709.21,3.63,0.8,0,41.05,1919549,1642181269.0912,-7.9
709.21,3.63,0.8,0,41.05,1919568,1642181269.11143,-7.9
709.21,3.63,0.8,0,41.05,1919589,1642181269.13184,-7.9
709.21,3.63,0.8,0,41.05,1919608,1642181269.15188,-7.9
709.21,3.63,0.8,0,41.05,1919629,1642181269.16877,-7.9
709.21,3.63,0.8,0,41.05,1919648,1642181269.18977,-7.9
709.21,3.63,0.8,0,41.05,1919669,1642181269.21055,-7.9
709.21,3.63,0.8,0,41.05,1919689,1642181269.23071,-7.9
709.21,3.63,0.8,0,41.05,1919709,1642181269.25625,-7.9
709.21,3.63,0.8,0,41.05,1919729,1642181269.27107,-7.9
709.21,3.63,0.8,0,41.05,1919749,1642181269.29111,-7.9
709.21,3.63,0.8,0,41.05,1919769,1642181269.31126,-7.9
709.21,3.63,0.8,0,41.05,1919789,1642181269.33719,-7.9
709.21,3.63,0.8,0,41.05,1919809,1642181269.3544,-7.9
709.21,3.63,0.8,0,41.05,1919828,1642181269.36988,-7.9
709.21,3.63,0.8,0,41.05,1919849,1642181269.38995,-7.9
709.21,3.63,0.8,0,41.05,1919868,1642181269.41104,-7.9
709.21,3.63,0.8,0,41.05,1919889,1642181269.43157,-7.9
709.21,3.63,0.8,0,41.05,1919908,1642181269.45209,-7.9
709.21,3.63,0.8,0,41.05,1919929,1642181269.47247,-7.9
709.21,3.63,0.8,0,41.05,1919948,1642181269.49177,-7.9
709.21,3.63,0.8,0,41.05,1919969,1642181269.51285,-7.9
709.21,3.63,0.8,0,41.05,1919988,1642181269.52889,-7.9
709.21,3.63,0.8,0,41.05,1920009,1642181269.5492,-7.9
709.21,3.63,0.8,0,41.05,1920029,1642181269.57018,-7.9
709.21,3.63,0.8,0,41.05,1920049,1642181269.59027,-7.9
709.21,3.63,0.8,0,41.05,1920069,1642181269.61147,-7.9
709.21,3.63,0.8,0,41.05,1920089,1642181269.63199,-7.9
709.21,3.63,0.8,0,41.05,1920109,1642181269.65252,-7.9
709.21,3.63,0.8,0,41.05,1920129,1642181269.68024,-7.9
709.21,3.63,0.8,0,41.05,1920149,1642181269.70074,-7.9
709.21,3.63,0.8,0,41.05,1920168,1642181269.71159,-7.9
709.21,3.63,0.8,0,41.05,1920189,1642181269.73062,-7.9
709.21,3.63,0.8,0,41.05,1920208,1642181269.75085,-7.9
709.21,3.63,0.8,0,41.05,1920229,1642181269.77128,-7.9
709.21,3.63,0.8,0,41.05,1920248,1642181269.79173,-7.9
709.21,3.63,0.8,0,41.05,1920269,1642181269.81201,-7.9
709.21,3.63,0.8,0,41.05,1920288,1642181269.83251,-7.9
709.21,3.63,0.8,0,41.05,1920309,1642181269.85297,-7.9
709.21,3.63,0.8,0,41.05,1920329,1642181269.87366,-7.9
709.21,3.63,0.8,0,41.05,1920349,1642181269.89399,-7.9
709.21,3.63,0.8,0,41.05,1920369,1642181269.91056,-7.9
709.21,3.63,0.8,0,41.05,1920389,1642181269.93092,-7.9
709.21,3.63,0.8,0,41.05,1920409,1642181269.95129,-7.9
709.21,3.63,0.8,0,41.05,1920429,1642181269.97172,-7.9
709.21,3.63,0.8,0,41.05,1920449,1642181269.99203,-7.9
709.21,3.63,0.8,0,41.05,1920468,1642181270.01212,-7.9
709.21,3.63,0.8,0,41.05,1920489,1642181270.03341,-7.9
709.21,3.63,0.8,0,41.05,1920508,1642181270.05328,-7.9
709.21,3.63,0.8,0,41.05,1920529,1642181270.07375,-7.9
709.21,3.63,0.8,0,41.05,1920548,1642181270.09094,-7.9
709.21,3.63,0.8,0,41.05,1920569,1642181270.11608,-7.9
709.21,3.63,0.8,0,41.05,1920588,1642181270.13471,-7.9
709.21,3.63,0.8,0,41.05,1920609,1642181270.15157,-7.9
709.21,3.63,0.8,0,41.05,1920628,1642181270.17184,-7.9
709.21,3.63,0.8,0,41.05,1920649,1642181270.19207,-7.9
709.21,3.63,0.8,0,41.05,1920669,1642181270.21334,-7.9
709.21,3.63,0.8,0,41.05,1920689,1642181270.23336,-7.9
709.21,3.63,0.8,0,41.05,1920709,1642181270.2538,-7.9
709.21,3.63,0.8,0,41.05,1920729,1642181270.27058,-7.9
709.21,3.63,0.8,0,41.05,1920749,1642181270.29093,-7.9
709.21,3.63,0.8,0,41.05,1920769,1642181270.31153,-7.9
709.21,3.63,0.8,0,41.05,1920789,1642181270.33145,-7.9
709.21,3.63,0.8,0,41.05,1920808,1642181270.35286,-7.9
709.21,3.63,0.8,0,41.05,1920829,1642181270.37313,-7.9
709.21,3.63,0.8,0,41.05,1920848,1642181270.39367,-7.9
709.21,3.63,0.8,0,41.05,1920869,1642181270.41343,-7.9
709.21,3.63,0.8,0,41.05,1920888,1642181270.43365,-7.9
709.21,3.63,0.8,0,41.05,1920909,1642181270.45104,-7.9
709.21,3.63,0.8,0,41.05,1920928,1642181270.47186,-7.9
709.21,3.63,0.8,0,41.05,1920949,1642181270.49272,-7.9
709.21,3.63,0.8,0,41.05,1920969,1642181270.51261,-7.9
709.21,3.63,0.8,0,41.05,1920989,1642181270.53335,-7.9
709.21,3.63,0.8,0,41.05,1921009,1642181270.55333,-7.9
709.21,3.63,0.8,0,41.05,1921029,1642181270.57434,-7.9
709.21,3.63,0.8,0,41.05,1921049,1642181270.59477,-7.9
709.21,3.63,0.8,0,41.05,1921069,1642181270.62233,-7.9
709.21,3.63,0.8,0,41.05,1921089,1642181270.63361,-7.9
709.21,3.63,0.8,0,41.05,1921108,1642181270.65105,-7.9
709.21,3.63,0.8,0,41.03,1921129,1642181270.67244,-7.9
709.21,3.63,0.8,0,41.03,1921148,1642181270.69267,-7.9
709.21,3.63,0.8,0,41.03,1921169,1642181270.71295,-7.9
709.21,3.63,0.8,0,41.05,1921188,1642181270.73353,-7.9
709.21,3.63,0.8,0,41.05,1921209,1642181270.7583,-7.9
709.21,3.63,0.8,0,41.05,1921228,1642181270.77427,-7.9
709.21,3.63,0.8,0,41.05,1921249,1642181270.79463,-7.9
709.21,3.63,0.8,0,41.05,1921268,1642181270.81152,-7.9
709.21,3.63,0.8,0,41.05,1921289,1642181270.83171,-7.9
709.21,3.63,0.8,0,41.07,1921309,1642181270.8518,-7.9
709.21,3.63,0.8,0,41.07,1921329,1642181270.87192,-7.9
709.21,3.63,0.8,0,41.07,1921349,1642181270.89238,-7.9
709.21,3.63,0.8,0,41.07,1921369,1642181270.91847,-7.9
709.21,3.63,0.8,0,41.07,1921389,1642181270.93908,-7.9
709.21,3.63,0.8,0,41.07,1921409,1642181270.95462,-7.9
709.21,3.63,0.8,0,41.08,1921429,1642181270.97465,-7.9
709.21,3.63,0.8,0,41.13,1921448,1642181270.99196,-7.9
709.21,3.63,0.8,0,41.28,1921469,1642181271.01182,-7.9
709.21,3.63,0.8,0,41.42,1921488,1642181271.03197,-7.9
709.21,3.63,0.8,0,41.47,1921509,1642181271.05245,-7.9
709.21,3.63,0.8,0,41.48,1921529,1642181271.07289,-7.9
709.21,3.63,0.8,0,41.48,1921549,1642181271.09336,-7.9
709.21,3.63,0.8,0,41.5,1921569,1642181271.11393,-7.9
709.21,3.63,0.8,0,41.55,1921589,1642181271.135,-7.9
709.21,3.63,0.8,0,41.63,1921609,1642181271.15538,-7.9
709.21,3.63,0.8,0,41.68,1921629,1642181271.17608,-7.9
709.21,3.63,0.8,0,41.77,1921649,1642181271.19317,-7.9
709.21,3.63,0.8,0,41.92,1921669,1642181271.21245,-7.9
709.21,3.63,0.8,0,42.13,1921689,1642181271.23301,-7.9
709.21,3.63,0.8,0,42.35,1921709,1642181271.25373,-7.9
709.21,3.63,0.8,0,42.57,1921729,1642181271.27385,-7.9
709.21,3.63,0.8,0,42.85,1921748,1642181271.29452,-7.9
709.21,3.63,0.8,0,43.2,1921769,1642181271.31492,-7.9
709.21,3.63,0.8,0,43.73,1921788,1642181271.33608,-7.9
709.21,3.63,0.8,0,44.35,1921809,1642181271.35686,-7.9
709.21,3.63,0.8,0,44.97,1921828,1642181271.37279,-7.9
709.21,3.63,0.8,0,45.55,1921849,1642181271.39309,-7.9
709.21,3.63,0.8,0,46.03,1921869,1642181271.41334,-7.9
709.21,3.63,0.8,0,46.37,1921889,1642181271.43445,-7.9
709.21,3.63,0.8,0,46.55,1921909,1642181271.45473,-7.9
709.21,3.63,0.8,0,46.58,1921929,1642181271.47496,-7.9
709.21,3.63,0.8,0,46.58,1921949,1642181271.49565,-7.9
709.21,3.63,0.8,0,46.58,1921969,1642181271.51663,-7.9
709.21,3.63,0.8,0,46.58,1921989,1642181271.53235,-7.9
709.21,3.63,0.8,0,46.57,1922009,1642181271.56113,-7.9
709.21,3.63,0.8,0,46.57,1922029,1642181271.57511,-7.9
709.21,3.63,0.8,0,46.55,1922049,1642181271.59378,-7.9
709.21,3.63,0.8,0,46.5,1922069,1642181271.61398,-7.9
709.21,3.63,0.8,0,46.38,1922088,1642181271.63438,-7.9
709.21,3.63,0.8,0,46.15,1922109,1642181271.65513,-7.9
709.21,3.63,0.8,0,45.73,1922128,1642181271.6756,-7.9
709.21,3.63,0.8,0,45.15,1922149,1642181271.69635,-7.9
709.21,3.63,0.8,0,44.42,1922168,1642181271.71567,-7.9
709.21,3.63,0.8,0,43.55,1922189,1642181271.73348,-7.9
709.21,3.63,0.8,0,42.58,1922209,1642181271.75383,-7.9
709.21,3.63,0.8,0,41.62,1922229,1642181271.77438,-7.9
709.21,3.63,0.8,0,40.65,1922249,1642181271.79409,-7.9
709.21,3.63,0.8,0,39.68,1922269,1642181271.81505,-7.9
709.21,3.63,0.8,0,38.7,1922289,1642181271.83519,-7.9
709.21,3.63,0.8,0,37.78,1922309,1642181271.85603,-7.9
709.21,3.63,0.8,0,36.97,1922329,1642181271.87692,-7.9
709.21,3.63,0.8,0,36.13,1922349,1642181271.89715,-7.9
709.21,3.63,0.8,0,35.28,1922369,1642181271.91342,-7.9
709.21,3.63,0.8,0,34.4,1922388,1642181271.93391,-7.9
709.21,3.63,0.8,0,33.52,1922409,1642181271.95427,-7.9
709.21,3.63,0.8,0,32.68,1922428,1642181271.97467,-7.9
709.21,3.63,0.8,0,31.85,1922449,1642181271.99451,-7.9
709.21,3.63,0.8,0,31,1922468,1642181272.01633,-7.9
709.21,3.63,0.8,0,30.13,1922489,1642181272.03648,-7.9
709.21,3.63,0.8,0,29.25,1922509,1642181272.06115,-7.9
709.21,3.63,0.8,0,28.35,1922529,1642181272.07731,-7.9
709.21,3.63,0.8,0,27.43,1922549,1642181272.09263,-7.9
709.21,3.63,0.8,0,26.52,1922569,1642181272.11398,-7.9
709.21,3.63,0.8,0,25.58,1922589,1642181272.13426,-7.9
709.21,3.63,0.8,0,24.63,1922609,1642181272.15444,-7.9
709.21,3.63,0.8,0,23.73,1922629,1642181272.18145,-7.9
709.21,3.63,0.8,0,22.82,1922649,1642181272.19884,-7.9
709.21,3.63,0.8,0,21.92,1922669,1642181272.21593,-7.9
709.21,3.63,0.8,0,21.05,1922689,1642181272.23655,-7.9
709.21,3.63,0.8,0,20.23,1922709,1642181272.26252,-7.9
709.21,3.63,0.8,0,19.45,1922728,1642181272.27414,-7.9
709.21,3.63,0.8,0,18.68,1922749,1642181272.2942,-7.9
709.21,3.63,0.8,0,17.98,1922768,1642181272.31437,-7.9
709.21,3.63,0.8,0,17.27,1922789,1642181272.33428,-7.9
709.21,3.63,0.8,0,16.58,1922809,1642181272.35578,-7.9
709.21,3.63,0.8,0,15.93,1922829,1642181272.37636,-7.9
709.21,3.63,0.8,0,15.33,1922849,1642181272.39759,-7.9
709.21,3.63,0.8,0,14.77,1922869,1642181272.42588,-7.9
709.21,3.63,0.8,0,14.27,1922889,1642181272.43985,-7.9
709.21,3.63,0.8,0,13.8,1922909,1642181272.45417,-7.9
709.21,3.63,0.8,0,13.35,1922929,1642181272.47343,-7.9
709.21,3.63,0.8,0,12.92,1922949,1642181272.49405,-7.9
709.21,3.63,0.8,0,12.48,1922969,1642181272.5145,-7.9
709.21,3.63,0.8,0,12.07,1922989,1642181272.5348,-7.9
709.21,3.63,0.8,0,11.72,1923009,1642181272.55609,-7.9
709.21,3.63,0.8,0,11.42,1923028,1642181272.57664,-7.9
709.21,3.63,0.8,0,11.17,1923049,1642181272.59673,-7.9
709.21,3.63,0.8,0,10.98,1923068,1642181272.61831,-7.9
709.21,3.63,0.8,0,10.83,1923089,1642181272.63388,-7.9
709.21,3.63,0.8,0,10.68,1923108,1642181272.65473,-7.9
709.21,3.63,0.8,0,10.53,1923129,1642181272.6752,-7.9
709.21,3.63,0.8,0,10.4,1923149,1642181272.69565,-7.9
709.21,3.63,0.8,0,10.28,1923169,1642181272.71604,-7.9
709.21,3.63,0.8,0,10.15,1923189,1642181272.73641,-7.9
709.21,3.63,0.8,0,10.03,1923209,1642181272.75776,-7.9
709.21,3.63,0.8,0,9.92,1923228,1642181272.77723,-7.9
709.21,3.63,0.8,0,9.8,1923249,1642181272.79897,-7.9
709.21,3.63,0.8,0,9.7,1923268,1642181272.81454,-7.9
709.21,3.63,0.8,0,9.58,1923289,1642181272.83499,-7.9
709.21,3.63,0.8,0,9.47,1923309,1642181272.85526,-7.9
709.21,3.63,0.8,0,9.37,1923329,1642181272.87556,-7.9
709.21,3.63,0.8,0,9.28,1923349,1642181272.89714,-7.9
709.21,3.63,0.8,0,9.25,1923368,1642181272.91704,-7.9
709.21,3.63,0.8,0,9.23,1923389,1642181272.93743,-7.9
709.21,3.63,0.8,0,9.22,1923408,1642181272.95779,-7.9
709.21,3.63,0.8,0,9.2,1923429,1642181272.97888,-7.9
709.21,3.63,0.8,0,9.2,1923448,1642181272.99561,-7.9
709.21,3.63,0.8,0,9.18,1923469,1642181273.01529,-7.9
709.21,3.63,0.8,0,9.18,1923488,1642181273.03553,-7.9
709.21,3.63,0.8,0,9.18,1923509,1642181273.05591,-7.9
709.21,3.63,0.8,0,9.18,1923528,1642181273.07704,-7.9
709.21,3.63,0.8,0,9.17,1923549,1642181273.09743,-7.9
709.21,3.63,0.8,0,9.17,1923569,1642181273.11808,-7.9
709.21,3.63,0.8,0,9.17,1923589,1642181273.13786,-7.9
709.21,3.63,0.8,0,9.17,1923609,1642181273.15823,-7.9
709.21,3.63,0.8,0,9.17,1923629,1642181273.17528,-7.9
709.21,3.63,0.8,0,9.17,1923649,1642181273.19594,-7.9
709.21,3.63,0.8,0,9.17,1923668,1642181273.21571,-7.9
709.21,3.63,0.8,0,9.17,1923689,1642181273.23609,-7.9
709.21,3.63,0.8,0,9.17,1923708,1642181273.25734,-7.9
709.21,3.63,0.8,0,9.17,1923729,1642181273.27758,-7.9
709.21,3.63,0.8,0,9.17,1923748,1642181273.29762,-7.9
709.21,3.63,0.8,0,9.17,1923769,1642181273.318,-7.9
709.21,3.63,0.8,0,9.17,1923788,1642181273.3391,-7.9
709.21,3.63,0.8,0,9.17,1923809,1642181273.35536,-7.9
709.21,3.63,0.8,0,9.17,1923828,1642181273.37554,-7.9
709.21,3.63,0.8,0,9.17,1923849,1642181273.39651,-7.9
709.21,3.63,0.8,0,9.17,1923868,1642181273.4167,-7.9
709.21,3.63,0.8,0,9.17,1923889,1642181273.43714,-7.9
709.21,3.63,0.8,0,9.17,1923909,1642181273.4591,-7.9
709.21,3.63,0.8,0,9.17,1923929,1642181273.48274,-7.9
709.21,3.63,0.8,0,9.17,1923949,1642181273.49908,-7.9
709.21,3.63,0.8,0,9.17,1923969,1642181273.51877,-7.9
709.21,3.63,0.8,0,9.17,1923989,1642181273.53546,-7.9
709.21,3.63,0.8,0,9.17,1924008,1642181273.55579,-7.9
709.21,3.63,0.8,0,9.17,1924029,1642181273.57648,-7.9
709.21,3.63,0.8,0,9.15,1924048,1642181273.59674,-7.9
709.21,3.63,0.8,0,9.15,1924069,1642181273.61698,-7.9
709.21,3.63,0.8,0,9.15,1924089,1642181273.63692,-7.9
709.21,3.63,0.8,0,9.15,1924109,1642181273.65828,-7.9
709.21,3.63,0.8,0,9.15,1924129,1642181273.67943,-7.9
709.21,3.63,0.8,0,9.15,1924149,1642181273.69937,-7.9
709.21,3.63,0.8,0,9.15,1924169,1642181273.7194,-7.9
709.21,3.63,0.8,0,9.15,1924189,1642181273.73587,-7.9
709.21,3.63,0.8,0,9.15,1924209,1642181273.75671,-7.9
709.21,3.63,0.8,0,9.15,1924229,1642181273.7769,-7.9
709.21,3.63,0.8,0,9.15,1924249,1642181273.79726,-7.9
709.21,3.63,0.8,0,9.15,1924269,1642181273.81778,-7.9
709.21,3.63,0.8,0,9.15,1924289,1642181273.83818,-7.9
709.21,3.63,0.8,0,9.15,1924308,1642181273.85867,-7.9
709.21,3.63,0.8,0,9.15,1924329,1642181273.8804,-7.9
709.21,3.63,0.8,0,9.15,1924348,1642181273.90011,-7.9
709.21,3.63,0.8,0,9.15,1924369,1642181273.91914,-7.9
709.21,3.63,0.8,0,9.15,1924389,1642181273.93613,-7.9
709.21,3.63,0.8,0,9.15,1924409,1642181273.95686,-7.9
709.21,3.63,0.8,0,9.15,1924429,1642181273.9774,-7.9
709.21,3.63,0.8,0,9.15,1924449,1642181273.99799,-7.9
709.21,3.63,0.8,0,9.15,1924469,1642181274.01859,-7.9
709.21,3.63,0.8,0,9.15,1924489,1642181274.04845,-7.9
709.21,3.63,0.8,0,9.15,1924509,1642181274.06184,-7.9
709.21,3.63,0.8,0,9.15,1924529,1642181274.07985,-7.9
709.21,3.63,0.8,0,9.15,1924549,1642181274.09558,-7.9
709.21,3.63,0.8,0,9.15,1924569,1642181274.11626,-7.9
709.21,3.63,0.8,0,9.15,1924589,1642181274.13729,-7.9
709.21,3.63,0.8,0,9.15,1924609,1642181274.15752,-7.9
709.21,3.63,0.8,0,9.13,1924629,1642181274.17827,-7.9
709.21,3.63,0.8,0,9.13,1924648,1642181274.19889,-7.9
709.21,3.63,0.8,0,9.13,1924669,1642181274.21891,-7.9
709.21,3.63,0.8,0,9.13,1924688,1642181274.23923,-7.9
709.21,3.63,0.8,0,9.13,1924709,1642181274.25578,-7.9
709.21,3.63,0.8,0,9.12,1924728,1642181274.27645,-7.9
709.21,3.63,0.8,0,9.1,1924749,1642181274.29689,-7.9
709.21,3.63,0.8,0,9.05,1924768,1642181274.31728,-7.9
709.21,3.63,0.8,0,8.95,1924789,1642181274.33763,-7.9
709.21,3.63,0.8,0,8.8,1924808,1642181274.35851,-7.9
709.21,3.63,0.8,0,8.62,1924829,1642181274.37909,-7.9
709.21,3.63,0.8,0,8.42,1924849,1642181274.3992,-7.9
709.21,3.63,0.8,0,8.2,1924869,1642181274.42047,-7.9
709.21,3.63,0.8,0,7.98,1924889,1642181274.4411,-7.9
709.21,3.63,0.8,0,7.73,1924909,1642181274.45669,-7.9
709.21,3.63,0.8,0,7.45,1924929,1642181274.47714,-7.9
709.21,3.63,0.8,0,7.15,1924948,1642181274.49756,-7.9
709.21,3.63,0.8,0,6.87,1924969,1642181274.51954,-7.9
709.21,3.63,0.8,0,6.6,1924988,1642181274.54106,-7.9
709.21,3.63,0.8,0,6.33,1925009,1642181274.55965,-7.9
709.21,3.63,0.8,0,6.1,1925028,1642181274.5802,-7.9
709.21,3.63,0.8,0,5.88,1925049,1642181274.60088,-7.9
709.21,3.63,0.8,0,5.72,1925068,1642181274.62134,-7.9
709.21,3.63,0.8,0,5.58,1925089,1642181274.6375,-7.9
709.21,3.63,0.8,0,5.48,1925108,1642181274.65734,-7.9
709.21,3.63,0.8,0,5.38,1925129,1642181274.67798,-7.9
709.21,3.63,0.8,0,5.28,1925149,1642181274.69935,-7.9
709.21,3.63,0.8,0,5.18,1925169,1642181274.71932,-7.9
709.21,3.63,0.8,0,5.08,1925189,1642181274.73966,-7.9
709.21,3.63,0.8,0,4.95,1925209,1642181274.76068,-7.9
709.21,3.63,0.8,0,4.8,1925229,1642181274.78147,-7.9
709.21,3.63,0.8,0,4.63,1925249,1642181274.80073,-7.9
709.21,3.63,0.8,0,4.47,1925269,1642181274.81854,-7.9
709.21,3.63,0.8,0,4.32,1925288,1642181274.83829,-7.9
709.21,3.63,0.8,0,4.17,1925309,1642181274.85803,-7.9
709.21,3.63,0.8,0,4.03,1925328,1642181274.87859,-7.9
709.21,3.63,0.8,0,3.93,1925349,1642181274.90375,-7.9
709.21,3.63,0.8,0,3.82,1925368,1642181274.92483,-7.9
709.21,3.63,0.8,0,3.7,1925389,1642181274.94052,-7.9
709.21,3.63,0.8,0,3.57,1925408,1642181274.95983,-7.9
709.21,3.63,0.8,0,3.42,1925429,1642181274.98114,-7.9
709.21,3.63,0.8,0,3.23,1925448,1642181274.9979,-7.9
709.21,3.63,0.8,0,3.02,1925469,1642181275.01857,-7.9
709.21,3.63,0.8,0,2.77,1925489,1642181275.03924,-7.9
709.21,3.63,0.8,0,2.52,1925509,1642181275.05931,-7.9
709.21,3.63,0.8,0,2.27,1925529,1642181275.07975,-7.9
709.21,3.63,0.8,0,2.05,1925549,1642181275.10019,-7.9
709.21,3.63,0.8,0,1.85,1925569,1642181275.11992,-7.9
709.21,3.63,0.8,0,1.7,1925588,1642181275.14123,-7.9
709.21,3.63,0.8,0,1.55,1925609,1642181275.16121,-7.9
709.21,3.63,0.8,0,1.42,1925628,1642181275.17818,-7.9
709.21,3.63,0.8,0,1.3,1925649,1642181275.19849,-7.9
709.21,3.63,0.8,0,1.2,1925668,1642181275.21844,-7.9
709.21,3.63,0.8,0,1.12,1925689,1642181275.23907,-7.9
709.21,3.63,0.8,0,1.02,1925708,1642181275.26025,-7.9
709.21,3.63,0.8,0,0.92,1925729,1642181275.28045,-7.9
709.21,3.63,0.8,0,0.77,1925748,1642181275.30096,-7.9
709.21,3.63,0.8,0,0.58,1925769,1642181275.32117,-7.9
709.21,3.63,0.8,0,0.38,1925788,1642181275.3417,-7.9
709.21,3.63,0.8,0,0.13,1925809,1642181275.35817,-7.9
709.21,3.63,0.8,0,-0.12,1925829,1642181275.37843,-7.9
709.21,3.63,0.8,0,-0.35,1925849,1642181275.39913,-7.9
709.21,3.63,0.8,0,-0.6,1925869,1642181275.41899,-7.9
709.21,3.63,0.8,0,-0.83,1925889,1642181275.44755,-7.9
709.21,3.63,0.8,0,-1.07,1925909,1642181275.46221,-7.9
709.21,3.63,0.8,0,-1.27,1925928,1642181275.48075,-7.9
709.21,3.63,0.8,0,-1.47,1925949,1642181275.50073,-7.9
709.21,3.63,0.8,0,-1.65,1925968,1642181275.52068,-7.9
709.21,3.63,0.8,0,-1.82,1925989,1642181275.53758,-7.9
709.21,3.63,0.8,0,-1.98,1926008,1642181275.55865,-7.9
709.21,3.63,0.8,0,-2.13,1926029,1642181275.57899,-7.9
709.21,3.63,0.8,0,-2.27,1926048,1642181275.59931,-7.9
709.21,3.63,0.8,0,-2.38,1926069,1642181275.61933,-7.9
709.21,3.63,0.8,0,-2.48,1926088,1642181275.64603,-7.9
709.21,3.63,0.8,0,-2.58,1926109,1642181275.66211,-7.9
709.21,3.63,0.8,0,-2.7,1926128,1642181275.68584,-7.9
709.21,3.63,0.8,0,-2.82,1926149,1642181275.70129,-7.9
709.21,3.63,0.8,0,-2.93,1926169,1642181275.72699,-7.9
709.21,3.63,0.8,0,-3.05,1926189,1642181275.74037,-7.9
709.21,3.63,0.8,0,-3.13,1926209,1642181275.76021,-7.9
709.21,3.63,0.8,0,-3.18,1926228,1642181275.78073,-7.9
709.21,3.63,0.8,0,-3.23,1926249,1642181275.80121,-7.9
709.21,3.63,0.8,0,-3.27,1926268,1642181275.82189,-7.9
709.21,3.63,0.8,0,-3.3,1926289,1642181275.84248,-7.9
709.21,3.63,0.8,0,-3.33,1926308,1642181275.86117,-7.9
709.21,3.63,0.8,0,-3.37,1926329,1642181275.88252,-7.9
709.21,3.63,0.8,0,-3.42,1926348,1642181275.89866,-7.9
709.21,3.63,0.8,0,-3.48,1926369,1642181275.91972,-7.9
709.21,3.63,0.8,-0.01,-3.53,1926389,1642181275.94551,-7.9
709.21,3.63,0.8,0,-3.57,1926409,1642181275.96381,-7.9
709.21,3.63,0.8,0,-3.6,1926429,1642181275.9807,-7.9
709.21,3.63,0.8,0,-3.65,1926449,1642181276.00071,-7.9
709.21,3.63,0.8,0,-3.77,1926469,1642181276.02119,-7.9
709.21,3.63,0.8,-0.01,-3.92,1926490,1642181276.04115,-7.9
709.21,3.63,0.8,-0.01,-4.08,1926509,1642181276.06252,-7.9
709.21,3.63,0.8,-0.01,-4.27,1926530,1642181276.08247,-7.9
709.21,3.63,0.8,0,-4.43,1926549,1642181276.0997,-7.9
709.21,3.63,0.8,-0.01,-4.6,1926569,1642181276.11969,-7.9
709.21,3.63,0.8,-0.01,-4.7,1926589,1642181276.14002,-7.9
709.21,3.63,0.8,-0.01,-4.78,1926609,1642181276.16033,-7.9
709.21,3.63,0.8,-0.01,-4.85,1926630,1642181276.18085,-7.9
709.21,3.63,0.8,0,-4.92,1926649,1642181276.20237,-7.9
709.21,3.63,0.8,-0.01,-4.98,1926669,1642181276.22178,-7.9
709.21,3.63,0.8,-0.01,-5.05,1926689,1642181276.24324,-7.9
709.21,3.63,0.8,-0.01,-5.15,1926709,1642181276.26272,-7.9
709.21,3.63,0.8,-0.01,-5.27,1926729,1642181276.284,-7.9
709.21,3.63,0.8,0,-5.4,1926749,1642181276.30026,-7.9
709.21,3.63,0.8,-0.01,-5.53,1926769,1642181276.32041,-7.9
709.21,3.63,0.8,-0.01,-5.67,1926790,1642181276.34046,-7.9
709.21,3.63,0.8,-0.01,-5.85,1926809,1642181276.36097,-7.9
709.21,3.63,0.8,0,-6.08,1926830,1642181276.3813,-7.9
709.21,3.63,0.8,0,-6.32,1926849,1642181276.40276,-7.9
709.21,3.63,0.8,0,-6.52,1926870,1642181276.42322,-7.9
709.21,3.63,0.8,-0.01,-6.68,1926889,1642181276.44349,-7.9
709.21,3.63,0.8,0,-6.85,1926909,1642181276.46922,-7.9
709.21,3.63,0.8,0,-7.03,1926929,1642181276.48083,-7.9
709.21,3.63,0.8,0,-7.2,1926949,1642181276.50054,-7.9
709.21,3.63,0.8,0,-7.37,1926969,1642181276.52034,-7.9
709.21,3.63,0.8,-0.01,-7.5,1926989,1642181276.54082,-7.9
709.21,3.63,0.8,0,-7.63,1927009,1642181276.56839,-7.9
709.21,3.63,0.8,0,-7.78,1927029,1642181276.58811,-7.9
709.21,3.63,0.8,0,-7.95,1927049,1642181276.60323,-7.9
709.21,3.63,0.8,0,-8.08,1927069,1642181276.62391,-7.9
709.21,3.63,0.8,-0.01,-8.23,1927089,1642181276.64332,-7.9
709.21,3.63,0.8,0,-8.38,1927109,1642181276.66034,-7.9
709.21,3.63,0.8,0,-8.52,1927129,1642181276.68045,-7.9
709.21,3.63,0.8,0,-8.65,1927149,1642181276.70117,-7.9
709.21,3.63,0.8,0,-8.78,1927169,1642181276.72169,-7.9
709.21,3.63,0.8,-0.01,-8.92,1927189,1642181276.74214,-7.9
709.21,3.63,0.8,-0.01,-9.07,1927209,1642181276.76898,-7.9
709.21,3.63,0.8,0,-9.22,1927229,1642181276.78727,-7.9
709.21,3.63,0.8,0,-9.4,1927249,1642181276.80291,-7.9
709.21,3.63,0.8,-0.01,-9.57,1927269,1642181276.8242,-7.9
709.21,3.63,0.8,-0.01,-9.72,1927289,1642181276.84053,-7.9
709.21,3.63,0.8,-0.01,-9.85,1927309,1642181276.86042,-7.9
709.21,3.63,0.8,0,-9.97,1927329,1642181276.88095,-7.9
709.21,3.63,0.8,0,-10.07,1927349,1642181276.91101,-7.9
709.21,3.63,0.8,-0.01,-10.17,1927369,1642181276.92349,-7.9
709.21,3.63,0.8,-0.01,-10.25,1927390,1642181276.94251,-7.9
709.21,3.63,0.8,-0.01,-10.35,1927409,1642181276.96327,-7.9
709.21,3.63,0.8,-0.01,-10.47,1927430,1642181276.98355,-7.9
709.21,3.63,0.8,0,-10.6,1927449,1642181277.01044,-7.9
709.21,3.63,0.8,-0.01,-10.73,1927470,1642181277.03197,-7.9
709.21,3.63,0.8,-0.01,-10.88,1927489,1642181277.04243,-7.9
709.21,3.63,0.8,-0.01,-11.07,1927510,1642181277.06151,-7.9
709.21,3.63,0.8,0,-11.25,1927529,1642181277.08216,-7.9
709.21,3.63,0.8,0,-11.43,1927549,1642181277.10233,-7.9
709.21,3.63,0.8,-0.01,-11.63,1927569,1642181277.12286,-7.9
709.21,3.63,0.8,-0.01,-11.82,1927589,1642181277.14307,-7.9
709.21,3.63,0.8,-0.01,-11.98,1927610,1642181277.16368,-7.9
709.21,3.63,0.8,0,-12.1,1927629,1642181277.19,-7.9
709.21,3.63,0.8,0,-12.2,1927649,1642181277.20297,-7.9
709.21,3.63,0.8,-0.01,-12.28,1927669,1642181277.22242,-7.9
709.21,3.63,0.8,-0.01,-12.37,1927689,1642181277.24228,-7.9
709.21,3.63,0.8,-0.01,-12.47,1927709,1642181277.26704,-7.9
709.21,3.63,0.8,-0.01,-12.57,1927730,1642181277.28302,-7.9
709.21,3.63,0.8,0,-12.68,1927749,1642181277.3032,-7.9
709.21,3.63,0.8,-0.01,-12.85,1927770,1642181277.32398,-7.9
709.21,3.63,0.8,-0.01,-13.03,1927789,1642181277.34327,-7.9
709.21,3.63,0.8,-0.01,-13.25,1927810,1642181277.36416,-7.9
709.21,3.63,0.8,-0.01,-13.5,1927829,1642181277.38506,-7.9
709.21,3.63,0.8,0,-13.73,1927849,1642181277.40207,-7.9
709.21,3.63,0.8,-0.01,-13.97,1927869,1642181277.42352,-7.9
709.21,3.63,0.8,-0.01,-14.17,1927889,1642181277.44293,-7.9
709.21,3.63,0.8,-0.01,-14.35,1927910,1642181277.46918,-7.9
709.21,3.63,0.8,-0.01,-14.52,1927929,1642181277.48349,-7.9
709.21,3.63,0.8,0,-14.67,1927949,1642181277.50468,-7.9
709.21,3.63,0.8,-0.01,-14.82,1927969,1642181277.53164,-7.9
709.21,3.63,0.8,-0.01,-14.95,1927989,1642181277.54466,-7.9
709.21,3.63,0.8,-0.01,-15.08,1928009,1642181277.56538,-7.9
709.21,3.63,0.8,-0.01,-15.18,1928030,1642181277.58116,-7.9
709.21,3.63,0.8,0,-15.28,1928049,1642181277.60176,-7.9
709.21,3.63,0.8,-0.01,-15.35,1928070,1642181277.62332,-7.9
709.21,3.63,0.8,-0.01,-15.43,1928089,1642181277.64317,-7.9
709.21,3.63,0.8,-0.01,-15.5,1928110,1642181277.66372,-7.9
709.21,3.63,0.8,-0.01,-15.57,1928129,1642181277.68409,-7.9
709.21,3.63,0.8,0,-15.65,1928150,1642181277.7056,-7.9
709.21,3.63,0.8,-0.01,-15.72,1928170,1642181277.72765,-7.9
709.21,3.63,0.8,-0.01,-15.8,1928189,1642181277.75096,-7.9
709.21,3.63,0.8,-0.01,-15.88,1928210,1642181277.76243,-7.9
709.21,3.63,0.8,-0.01,-15.97,1928229,1642181277.78222,-7.9
709.21,3.63,0.8,0,-16.05,1928249,1642181277.80248,-7.9
709.21,3.63,0.8,-0.01,-16.15,1928269,1642181277.82379,-7.9
709.21,3.63,0.8,-0.01,-16.25,1928289,1642181277.84331,-7.9
709.21,3.63,0.8,-0.01,-16.33,1928309,1642181277.86964,-7.9
709.21,3.63,0.8,0,-16.42,1928329,1642181277.88624,-7.9
709.21,3.63,0.8,0,-16.52,1928349,1642181277.90508,-7.9
709.21,3.63,0.8,-0.01,-16.6,1928370,1642181277.92538,-7.9
709.21,3.63,0.8,-0.01,-16.7,1928389,1642181277.94197,-7.9
709.21,3.63,0.8,-0.01,-16.78,1928410,1642181277.96181,-7.9
709.21,3.63,0.8,0,-16.87,1928429,1642181277.983,-7.9
709.21,3.63,0.8,0,-16.97,1928450,1642181278.00295,-7.9
709.21,3.63,0.8,-0.01,-17.08,1928469,1642181278.02414,-7.9
709.21,3.63,0.8,-0.01,-17.18,1928489,1642181278.04899,-7.9
709.21,3.63,0.8,-0.01,-17.3,1928509,1642181278.06917,-7.9
709.21,3.63,0.8,0,-17.42,1928529,1642181278.08481,-7.9
709.21,3.63,0.8,0,-17.53,1928549,1642181278.10135,-7.9
709.21,3.63,0.8,-0.01,-17.65,1928569,1642181278.12268,-7.9
709.21,3.63,0.8,-0.01,-17.75,1928589,1642181278.14218,-7.9
709.21,3.63,0.8,-0.01,-17.87,1928609,1642181278.16365,-7.9
709.21,3.63,0.8,0,-17.97,1928629,1642181278.18456,-7.9
709.21,3.63,0.8,0,-18.08,1928649,1642181278.2051,-7.9
709.21,3.63,0.8,-0.01,-18.18,1928669,1642181278.22487,-7.9
709.21,3.63,0.8,-0.01,-18.28,1928689,1642181278.24517,-7.9
709.21,3.63,0.8,-0.01,-18.4,1928710,1642181278.26591,-7.9
709.21,3.63,0.8,0,-18.53,1928729,1642181278.28634,-7.9
709.21,3.63,0.8,0,-18.65,1928750,1642181278.30337,-7.9
709.21,3.63,0.8,-0.01,-18.77,1928769,1642181278.32339,-7.9
709.21,3.63,0.8,-0.01,-18.88,1928790,1642181278.34376,-7.9
709.21,3.63,0.8,-0.01,-18.97,1928809,1642181278.36922,-7.9
709.21,3.63,0.8,0,-19.05,1928829,1642181278.38621,-7.9
709.21,3.63,0.8,0,-19.12,1928849,1642181278.40594,-7.9
709.21,3.63,0.8,-0.01,-19.18,1928869,1642181278.42568,-7.9
709.21,3.63,0.8,-0.01,-19.25,1928889,1642181278.44604,-7.9
709.21,3.63,0.8,-0.01,-19.3,1928909,1642181278.46654,-7.9
709.21,3.63,0.8,0,-19.35,1928929,1642181278.48248,-7.9
709.21,3.63,0.8,0,-19.4,1928949,1642181278.50325,-7.9
709.21,3.63,0.8,-0.01,-19.45,1928970,1642181278.52426,-7.9
709.21,3.63,0.8,-0.01,-19.5,1928989,1642181278.54394,-7.9
709.21,3.63,0.8,-0.01,-19.57,1929010,1642181278.56444,-7.9
709.21,3.63,0.8,0,-19.62,1929029,1642181278.585,-7.9
709.21,3.63,0.8,0,-19.68,1929049,1642181278.60542,-7.9
709.21,3.63,0.8,-0.01,-19.73,1929069,1642181278.62565,-7.9
709.21,3.63,0.8,-0.01,-19.78,1929090,1642181278.64692,-7.9
709.21,3.63,0.8,-0.01,-19.85,1929110,1642181278.66734,-7.9
709.21,3.63,0.8,0,-19.9,1929129,1642181278.68338,-7.9
709.21,3.63,0.8,0,-19.95,1929149,1642181278.70403,-7.9
709.21,3.63,0.8,-0.01,-20,1929169,1642181278.72458,-7.9
709.21,3.63,0.8,-0.01,-20.03,1929189,1642181278.74475,-7.9
709.21,3.63,0.8,-0.01,-20.08,1929209,1642181278.76544,-7.9
709.21,3.63,0.8,0,-20.13,1929229,1642181278.78571,-7.9
709.21,3.63,0.8,0,-20.18,1929249,1642181278.80674,-7.9
709.21,3.63,0.8,-0.01,-20.25,1929269,1642181278.82645,-7.9
709.21,3.63,0.8,-0.01,-20.32,1929289,1642181278.8536,-7.9
709.21,3.63,0.8,-0.01,-20.4,1929310,1642181278.86516,-7.9
709.21,3.63,0.8,0,-20.5,1929329,1642181278.88611,-7.9
709.21,3.63,0.8,0,-20.65,1929349,1642181278.90567,-7.9
709.21,3.63,0.8,-0.01,-20.8,1929369,1642181278.92564,-7.9
709.21,3.63,0.8,-0.01,-21,1929390,1642181278.95087,-7.9
709.21,3.63,0.8,-0.01,-21.23,1929409,1642181278.96595,-7.9
709.21,3.63,0.8,0,-21.5,1929430,1642181278.99281,-7.9
709.21,3.63,0.8,-0.01,-21.8,1929449,1642181279.0074,-7.9
709.21,3.63,0.8,-0.01,-22.07,1929469,1642181279.02415,-7.9
709.21,3.63,0.8,-0.01,-22.3,1929490,1642181279.04429,-7.9
709.21,3.63,0.8,-0.01,-22.47,1929509,1642181279.0643,-7.9
709.21,3.63,0.8,0,-22.58,1929529,1642181279.08465,-7.9
709.21,3.63,0.8,-0.01,-22.68,1929549,1642181279.1065,-7.9
709.21,3.63,0.8,-0.01,-22.77,1929569,1642181279.12593,-7.9
709.21,3.63,0.8,-0.01,-22.83,1929589,1642181279.14683,-7.9
709.21,3.63,0.8,-0.01,-22.88,1929610,1642181279.16751,-7.9
709.21,3.63,0.8,-0.01,-22.92,1929629,1642181279.18805,-7.9
709.21,3.63,0.8,-0.01,-22.97,1929650,1642181279.20745,-7.9
709.21,3.63,0.8,-0.01,-23,1929669,1642181279.22487,-7.9
709.21,3.63,0.8,-0.01,-23.03,1929690,1642181279.24465,-7.9
709.21,3.63,0.8,-0.01,-23.08,1929709,1642181279.27034,-7.9
709.21,3.63,0.8,-0.01,-23.12,1929730,1642181279.28594,-7.9
709.21,3.63,0.8,-0.01,-23.17,1929749,1642181279.3101,-7.9
709.21,3.63,0.8,-0.01,-23.22,1929769,1642181279.32841,-7.9
709.21,3.63,0.8,-0.01,-23.28,1929789,1642181279.3468,-7.9
709.21,3.63,0.8,-0.01,-23.35,1929809,1642181279.3673,-7.9
709.21,3.63,0.8,-0.01,-23.43,1929829,1642181279.39275,-7.9
709.21,3.63,0.8,-0.01,-23.5,1929849,1642181279.41053,-7.9
709.21,3.63,0.8,-0.01,-23.57,1929869,1642181279.42488,-7.9
709.21,3.63,0.8,-0.01,-23.65,1929889,1642181279.44531,-7.9
709.21,3.63,0.8,-0.01,-23.72,1929910,1642181279.47283,-7.9
709.21,3.63,0.8,-0.01,-23.8,1929929,1642181279.48832,-7.9
709.21,3.63,0.8,-0.01,-23.87,1929950,1642181279.50727,-7.9
709.21,3.63,0.8,-0.01,-23.93,1929969,1642181279.53173,-7.9
709.21,3.63,0.8,-0.01,-23.98,1929990,1642181279.54833,-7.9
709.21,3.63,0.8,-0.01,-24.03,1930009,1642181279.5685,-7.9
709.21,3.63,0.8,-0.01,-24.08,1930030,1642181279.58379,-7.9
709.21,3.63,0.8,-0.01,-24.13,1930050,1642181279.60564,-7.9
709.21,3.63,0.8,-0.01,-24.17,1930070,1642181279.62533,-7.9
709.21,3.63,0.8,-0.01,-24.2,1930090,1642181279.64591,-7.9
709.21,3.63,0.8,-0.01,-24.23,1930109,1642181279.6668,-7.9
709.21,3.63,0.8,-0.01,-24.27,1930130,1642181279.69193,-7.9
709.21,3.63,0.8,-0.01,-24.3,1930149,1642181279.71035,-7.9
709.21,3.63,0.8,-0.01,-24.33,1930169,1642181279.72865,-7.9
709.21,3.63,0.8,-0.01,-24.38,1930189,1642181279.74889,-7.9
709.21,3.63,0.8,-0.01,-24.42,1930210,1642181279.76494,-7.9
709.21,3.63,0.8,-0.01,-24.47,1930229,1642181279.78538,-7.9
709.21,3.63,0.8,-0.01,-24.5,1930250,1642181279.80657,-7.9
709.21,3.63,0.8,-0.01,-24.55,1930269,1642181279.82645,-7.9
709.21,3.63,0.8,-0.01,-24.6,1930290,1642181279.84742,-7.9
709.21,3.63,0.8,-0.01,-24.63,1930309,1642181279.86765,-7.9
709.21,3.63,0.8,-0.01,-24.68,1930330,1642181279.8877,-7.9
709.21,3.63,0.8,-0.01,-24.73,1930350,1642181279.90803,-7.9
709.21,3.63,0.8,-0.01,-24.78,1930370,1642181279.92889,-7.9
709.21,3.63,0.8,-0.01,-24.83,1930389,1642181279.945,-7.9
709.21,3.63,0.8,-0.01,-24.87,1930409,1642181279.96557,-7.9
709.21,3.63,0.8,-0.01,-24.92,1930430,1642181279.98596,-7.9
709.21,3.63,0.8,-0.01,-24.97,1930449,1642181280.00674,-7.9
709.21,3.63,0.8,-0.01,-25.02,1930469,1642181280.02717,-7.9
709.21,3.63,0.8,-0.01,-25.08,1930489,1642181280.04753,-7.9
709.21,3.63,0.8,-0.01,-25.15,1930510,1642181280.06803,-7.9
709.21,3.63,0.8,-0.01,-25.22,1930529,1642181280.08936,-7.9
709.21,3.63,0.8,-0.01,-25.28,1930550,1642181280.10931,-7.9
709.21,3.63,0.8,-0.01,-25.35,1930569,1642181280.12621,-7.9
709.21,3.63,0.8,-0.01,-25.43,1930590,1642181280.14646,-7.9
709.21,3.63,0.8,-0.01,-25.52,1930609,1642181280.16671,-7.9
709.21,3.63,0.8,-0.01,-25.58,1930630,1642181280.18682,-7.9
709.21,3.63,0.8,-0.01,-25.65,1930649,1642181280.21135,-7.9
709.21,3.63,0.8,-0.01,-25.7,1930670,1642181280.2295,-7.9
709.21,3.63,0.8,-0.01,-25.75,1930689,1642181280.24911,-7.9
709.21,3.63,0.8,-0.01,-25.78,1930710,1642181280.26931,-7.9
709.21,3.63,0.8,-0.01,-25.83,1930729,1642181280.28957,-7.9
709.21,3.63,0.8,-0.01,-25.87,1930749,1642181280.30936,-7.9
709.21,3.63,0.8,-0.01,-25.9,1930769,1642181280.32662,-7.9
709.21,3.63,0.8,-0.01,-25.95,1930789,1642181280.34699,-7.9
709.21,3.63,0.8,-0.01,-25.98,1930810,1642181280.36745,-7.9
709.21,3.63,0.8,-0.01,-26.02,1930829,1642181280.38773,-7.9
709.21,3.63,0.8,-0.01,-26.05,1930850,1642181280.4078,-7.9
709.21,3.63,0.8,-0.01,-26.08,1930869,1642181280.42846,-7.9
709.21,3.63,0.8,-0.01,-26.12,1930890,1642181280.44936,-7.9
709.21,3.63,0.8,-0.01,-26.15,1930909,1642181280.46973,-7.9
709.21,3.63,0.8,-0.01,-26.18,1930930,1642181280.4904,-7.9
709.21,3.63,0.8,-0.01,-26.2,1930949,1642181280.50603,-7.9
709.21,3.63,0.8,-0.01,-26.23,1930970,1642181280.52716,-7.9
709.21,3.63,0.8,-0.01,-26.27,1930989,1642181280.54724,-7.9
709.21,3.63,0.8,-0.01,-26.3,1931010,1642181280.56742,-7.9
709.21,3.63,0.8,-0.01,-26.33,1931030,1642181280.58807,-7.9
709.21,3.63,0.8,-0.01,-26.37,1931049,1642181280.60882,-7.9
709.21,3.63,0.8,-0.01,-26.4,1931070,1642181280.62894,-7.9
709.21,3.63,0.8,-0.01,-26.43,1931089,1642181280.64943,-7.9
709.21,3.63,0.8,-0.01,-26.47,1931110,1642181280.66612,-7.9
709.21,3.63,0.8,-0.01,-26.52,1931129,1642181280.68647,-7.9
709.21,3.63,0.8,-0.01,-26.55,1931150,1642181280.70694,-7.9
709.21,3.63,0.8,-0.01,-26.6,1931169,1642181280.73465,-7.9
709.21,3.63,0.8,-0.01,-26.63,1931190,1642181280.75081,-7.9
709.21,3.63,0.8,-0.01,-26.68,1931209,1642181280.7686,-7.9
709.21,3.63,0.8,-0.01,-26.72,1931230,1642181280.78914,-7.9
709.21,3.63,0.8,-0.01,-26.77,1931249,1642181280.80961,-7.9
709.21,3.63,0.8,-0.01,-26.8,1931270,1642181280.82953,-7.9
709.21,3.63,0.8,-0.01,-26.83,1931289,1642181280.84961,-7.9
709.21,3.63,0.8,-0.01,-26.88,1931310,1642181280.86605,-7.9
709.21,3.63,0.8,-0.01,-26.92,1931330,1642181280.88742,-7.9
709.21,3.63,0.8,-0.01,-26.95,1931350,1642181280.90834,-7.9
709.21,3.63,0.8,-0.01,-27,1931370,1642181280.9283,-7.9
709.21,3.63,0.8,-0.01,-27.03,1931389,1642181280.94849,-7.9
709.21,3.63,0.8,-0.01,-27.07,1931410,1642181280.969,-7.9
709.21,3.63,0.8,-0.01,-27.12,1931429,1642181280.98904,-7.9
709.21,3.63,0.8,-0.01,-27.15,1931450,1642181281.01014,-7.9
709.21,3.63,0.8,-0.01,-27.2,1931469,1642181281.03031,-7.9
709.21,3.63,0.8,-0.01,-27.25,1931490,1642181281.04732,-7.9
709.21,3.63,0.8,-0.01,-27.28,1931509,1642181281.06825,-7.9
709.21,3.63,0.8,-0.01,-27.33,1931530,1642181281.08732,-7.9
709.21,3.63,0.8,-0.01,-27.37,1931549,1642181281.10923,-7.9
709.21,3.63,0.8,-0.01,-27.38,1931570,1642181281.12877,-7.9
709.21,3.63,0.8,-0.01,-27.42,1931589,1642181281.15,-7.9
709.21,3.63,0.8,-0.01,-27.45,1931610,1642181281.17024,-7.9
709.21,3.63,0.8,-0.01,-27.47,1931629,1642181281.19012,-7.9
709.21,3.63,0.8,-0.01,-27.5,1931650,1642181281.21016,-7.9
709.21,3.63,0.8,-0.01,-27.52,1931670,1642181281.23165,-7.9
709.21,3.63,0.8,-0.01,-27.55,1931689,1642181281.24827,-7.9
709.21,3.63,0.8,-0.01,-27.57,1931710,1642181281.26836,-7.9
709.21,3.63,0.8,-0.01,-27.6,1931729,1642181281.2885,-7.9
709.21,3.63,0.8,-0.01,-27.63,1931749,1642181281.3093,-7.9
709.21,3.63,0.8,-0.01,-27.67,1931769,1642181281.33506,-7.9
709.21,3.63,0.8,-0.01,-27.7,1931790,1642181281.35666,-7.9
709.21,3.63,0.8,-0.01,-27.72,1931809,1642181281.37018,-7.9
709.21,3.63,0.8,-0.01,-27.75,1931830,1642181281.3901,-7.9
709.21,3.63,0.8,-0.01,-27.78,1931849,1642181281.4084,-7.9
709.21,3.63,0.8,-0.01,-27.82,1931870,1642181281.43373,-7.9
709.21,3.63,0.8,-0.01,-27.85,1931890,1642181281.45091,-7.9
709.21,3.63,0.8,-0.01,-27.88,1931910,1642181281.46838,-7.9
709.21,3.63,0.8,-0.01,-27.92,1931929,1642181281.489,-7.9
709.21,3.63,0.8,-0.01,-27.93,1931950,1642181281.5097,-7.9
709.21,3.63,0.8,-0.01,-27.95,1931969,1642181281.52982,-7.9
709.21,3.63,0.8,-0.01,-27.98,1931990,1642181281.54976,-7.9
709.21,3.63,0.8,-0.01,-28,1932010,1642181281.57034,-7.9
709.21,3.63,0.8,-0.01,-28.02,1932029,1642181281.58728,-7.9
709.21,3.63,0.8,-0.01,-28.03,1932049,1642181281.60844,-7.9
709.21,3.63,0.8,-0.01,-28.05,1932069,1642181281.62832,-7.9
709.21,3.63,0.8,-0.01,-28.08,1932090,1642181281.64873,-7.9
709.21,3.63,0.8,-0.01,-28.1,1932109,1642181281.66994,-7.9
709.21,3.63,0.8,-0.01,-28.13,1932130,1642181281.68983,-7.9
709.21,3.63,0.8,-0.01,-28.15,1932149,1642181281.71112,-7.9
709.21,3.63,0.8,-0.01,-28.18,1932170,1642181281.73108,-7.9
709.21,3.63,0.8,-0.01,-28.22,1932189,1642181281.75148,-7.9
709.21,3.63,0.8,-0.01,-28.25,1932210,1642181281.7719,-7.9
709.21,3.63,0.8,-0.01,-28.28,1932229,1642181281.78886,-7.9
709.21,3.63,0.8,-0.01,-28.32,1932250,1642181281.8098,-7.9
709.21,3.63,0.8,-0.01,-28.37,1932269,1642181281.83,-7.9
709.21,3.63,0.8,-0.01,-28.42,1932290,1642181281.85014,-7.9
709.21,3.63,0.8,-0.01,-28.47,1932310,1642181281.87046,-7.9
709.21,3.63,0.8,-0.01,-28.52,1932329,1642181281.89094,-7.9
709.21,3.63,0.8,-0.01,-28.58,1932350,1642181281.91194,-7.9
709.21,3.63,0.8,-0.01,-28.65,1932369,1642181281.93112,-7.9
709.21,3.63,0.8,-0.01,-28.72,1932390,1642181281.94807,-7.9
709.21,3.63,0.8,-0.01,-28.78,1932409,1642181281.96898,-7.9
709.21,3.63,0.8,-0.01,-28.85,1932430,1642181281.98923,-7.9
709.21,3.63,0.8,-0.01,-28.92,1932449,1642181282.01054,-7.9
709.21,3.63,0.8,-0.01,-29,1932470,1642181282.02961,-7.9
709.21,3.63,0.8,-0.01,-29.07,1932489,1642181282.0506,-7.9
709.21,3.63,0.8,-0.01,-29.12,1932510,1642181282.07108,-7.9
709.21,3.63,0.8,-0.01,-29.18,1932529,1642181282.09133,-7.9
709.21,3.63,0.8,-0.01,-29.23,1932550,1642181282.1117,-7.9
709.21,3.63,0.8,-0.01,-29.28,1932569,1642181282.12909,-7.9
709.21,3.63,0.8,-0.01,-29.33,1932590,1642181282.14932,-7.9
709.21,3.63,0.8,-0.01,-29.37,1932609,1642181282.16933,-7.9
709.21,3.63,0.8,-0.01,-29.42,1932630,1642181282.18932,-7.9
709.21,3.63,0.8,-0.01,-29.43,1932649,1642181282.21053,-7.9
709.21,3.63,0.8,-0.01,-29.47,1932669,1642181282.23053,-7.9
709.21,3.63,0.8,-0.01,-29.5,1932689,1642181282.26008,-7.9
709.21,3.63,0.8,-0.01,-29.52,1932709,1642181282.27235,-7.9
709.21,3.63,0.8,-0.01,-29.55,1932729,1642181282.29155,-7.9
709.21,3.63,0.8,-0.01,-29.57,1932749,1642181282.30875,-7.9
709.21,3.63,0.8,-0.01,-29.58,1932770,1642181282.32907,-7.9
709.21,3.63,0.8,-0.01,-29.62,1932789,1642181282.34937,-7.9
709.21,3.63,0.8,-0.01,-29.63,1932810,1642181282.36982,-7.9
709.21,3.63,0.8,-0.01,-29.67,1932829,1642181282.38997,-7.9
709.21,3.63,0.8,-0.01,-29.7,1932850,1642181282.41762,-7.9
709.21,3.63,0.8,-0.01,-29.73,1932870,1642181282.43095,-7.9
709.21,3.63,0.8,-0.01,-29.75,1932890,1642181282.45628,-7.9
709.21,3.63,0.8,-0.01,-29.78,1932910,1642181282.47445,-7.9
709.21,3.63,0.8,-0.01,-29.82,1932930,1642181282.48927,-7.9
709.21,3.63,0.8,-0.01,-29.83,1932949,1642181282.50938,-7.9
709.21,3.63,0.8,-0.01,-29.87,1932969,1642181282.52994,-7.9
709.21,3.63,0.8,-0.01,-29.88,1932989,1642181282.54994,-7.9
709.21,3.63,0.8,-0.01,-29.9,1933009,1642181282.57058,-7.9
709.21,3.63,0.8,-0.01,-29.93,1933030,1642181282.59153,-7.9
709.21,3.63,0.8,-0.01,-29.95,1933049,1642181282.61217,-7.9
709.21,3.63,0.8,-0.01,-29.98,1933070,1642181282.63246,-7.9
709.21,3.63,0.8,-0.01,-30,1933089,1642181282.65269,-7.9
709.21,3.63,0.8,-0.01,-30.03,1933110,1642181282.66915,-7.9
709.21,3.63,0.8,-0.01,-30.05,1933130,1642181282.68946,-7.9
709.21,3.63,0.8,-0.01,-30.08,1933150,1642181282.7102,-7.9
709.21,3.63,0.8,-0.01,-30.12,1933170,1642181282.73035,-7.9
709.21,3.63,0.8,-0.01,-30.15,1933190,1642181282.75062,-7.9
709.21,3.63,0.8,-0.01,-30.2,1933210,1642181282.77102,-7.9
709.21,3.63,0.8,-0.01,-30.23,1933230,1642181282.7916,-7.9
709.21,3.63,0.8,-0.01,-30.3,1933249,1642181282.81207,-7.9
709.21,3.63,0.8,-0.01,-30.35,1933270,1642181282.83287,-7.9
709.21,3.63,0.8,-0.01,-30.42,1933289,1642181282.84961,-7.9
709.21,3.63,0.8,-0.01,-30.5,1933309,1642181282.86947,-7.9
709.21,3.63,0.8,-0.01,-30.57,1933330,1642181282.89007,-7.9
709.21,3.63,0.8,-0.01,-30.63,1933349,1642181282.91055,-7.9
709.21,3.63,0.8,-0.01,-30.68,1933369,1642181282.93099,-7.9
709.21,3.63,0.8,-0.01,-30.73,1933389,1642181282.95236,-7.9
709.21,3.63,0.8,-0.01,-30.8,1933410,1642181282.97285,-7.9
709.21,3.63,0.8,-0.01,-30.85,1933429,1642181282.9923,-7.9
709.21,3.63,0.8,-0.01,-30.88,1933450,1642181283.01322,-7.9
709.21,3.63,0.8,-0.01,-30.93,1933469,1642181283.03348,-7.9
709.21,3.63,0.8,-0.01,-30.98,1933490,1642181283.05009,-7.9
709.21,3.63,0.8,-0.01,-31.02,1933509,1642181283.07058,-7.9
709.21,3.63,0.8,-0.01,-31.07,1933530,1642181283.091,-7.9
709.21,3.63,0.8,-0.01,-31.1,1933549,1642181283.11126,-7.9
709.21,3.63,0.8,-0.01,-31.13,1933570,1642181283.13159,-7.9
709.21,3.63,0.8,-0.01,-31.17,1933589,1642181283.15209,-7.9
709.21,3.63,0.8,-0.01,-31.2,1933609,1642181283.1726,-7.9
709.21,3.63,0.8,-0.01,-31.23,1933629,1642181283.19345,-7.9
709.21,3.63,0.8,-0.01,-31.27,1933649,1642181283.21371,-7.9
709.21,3.63,0.8,-0.01,-31.3,1933669,1642181283.23146,-7.9
709.21,3.63,0.8,-0.01,-31.33,1933689,1642181283.25062,-7.9
709.21,3.63,0.8,-0.01,-31.37,1933710,1642181283.27094,-7.9
709.21,3.63,0.8,-0.01,-31.4,1933729,1642181283.29125,-7.9
709.21,3.63,0.8,-0.01,-31.43,1933750,1642181283.31166,-7.9
709.21,3.63,0.8,-0.01,-31.47,1933769,1642181283.33271,-7.9
709.21,3.63,0.8,-0.01,-31.5,1933790,1642181283.3535,-7.9
709.21,3.63,0.8,-0.01,-31.53,1933809,1642181283.37398,-7.9
709.21,3.63,0.8,-0.01,-31.58,1933830,1642181283.39428,-7.9
709.21,3.63,0.8,-0.01,-31.63,1933849,1642181283.41108,-7.9
709.21,3.63,0.8,-0.01,-31.67,1933870,1642181283.43162,-7.9
709.21,3.63,0.8,-0.01,-31.72,1933889,1642181283.45168,-7.9
709.21,3.63,0.8,-0.01,-31.75,1933910,1642181283.47193,-7.9
709.21,3.63,0.8,-0.01,-31.8,1933930,1642181283.49207,-7.9
709.21,3.63,0.8,-0.01,-31.83,1933949,1642181283.51273,-7.9
709.21,3.63,0.8,-0.01,-31.87,1933970,1642181283.533,-7.9
709.21,3.63,0.8,-0.01,-31.9,1933989,1642181283.55397,-7.9
709.21,3.63,0.8,-0.01,-31.93,1934010,1642181283.57406,-7.9
709.21,3.63,0.8,-0.01,-31.97,1934029,1642181283.59123,-7.9
709.21,3.63,0.8,-0.01,-32,1934050,1642181283.61139,-7.9
709.21,3.63,0.8,-0.01,-32.02,1934069,1642181283.63163,-7.9
709.21,3.63,0.8,-0.01,-32.05,1934090,1642181283.65193,-7.9
709.21,3.63,0.8,-0.01,-32.07,1934109,1642181283.67252,-7.9
709.21,3.63,0.8,-0.01,-32.08,1934130,1642181283.693,-7.9
709.21,3.63,0.8,-0.01,-32.12,1934149,1642181283.71349,-7.9
709.21,3.63,0.8,-0.01,-32.13,1934170,1642181283.73446,-7.9
709.21,3.63,0.8,-0.01,-32.15,1934189,1642181283.75457,-7.9
709.21,3.63,0.8,-0.01,-32.17,1934210,1642181283.77042,-7.9
709.21,3.63,0.8,-0.01,-32.18,1934230,1642181283.79106,-7.9
709.21,3.63,0.8,-0.01,-32.2,1934249,1642181283.81226,-7.9
709.21,3.63,0.8,-0.01,-32.22,1934269,1642181283.83285,-7.9
709.21,3.63,0.8,-0.01,-32.23,1934289,1642181283.85303,-7.9
709.21,3.63,0.8,-0.01,-32.25,1934310,1642181283.87342,-7.9
709.21,3.63,0.8,-0.01,-32.27,1934329,1642181283.89363,-7.9
709.21,3.63,0.8,-0.01,-32.28,1934350,1642181283.91974,-7.9
709.21,3.63,0.8,-0.01,-32.3,1934369,1642181283.93471,-7.9
709.21,3.63,0.8,-0.01,-32.32,1934390,1642181283.95515,-7.9
709.21,3.63,0.8,-0.01,-32.33,1934409,1642181283.97165,-7.9
709.21,3.63,0.8,-0.01,-32.35,1934430,1642181283.99235,-7.9
709.21,3.63,0.8,-0.01,-32.37,1934449,1642181284.01217,-7.9
709.21,3.63,0.8,-0.01,-32.37,1934470,1642181284.0324,-7.9
709.21,3.63,0.8,-0.01,-32.38,1934490,1642181284.05423,-7.9
709.21,3.63,0.8,-0.01,-32.38,1934510,1642181284.07983,-7.9
709.21,3.63,0.8,-0.01,-32.38,1934530,1642181284.09468,-7.9
709.21,3.63,0.8,-0.01,-32.4,1934550,1642181284.11523,-7.9
709.21,3.63,0.8,-0.01,-32.4,1934569,1642181284.1311,-7.9
709.21,3.63,0.8,-0.01,-32.4,1934589,1642181284.15141,-7.9
709.21,3.63,0.8,-0.01,-32.4,1934609,1642181284.17262,-7.9
709.21,3.63,0.8,-0.01,-32.4,1934629,1642181284.1929,-7.9
709.21,3.63,0.8,-0.01,-32.42,1934649,1642181284.21276,-7.9
709.21,3.63,0.8,-0.01,-32.45,1934669,1642181284.2333,-7.9
709.21,3.63,0.8,-0.01,-32.47,1934690,1642181284.2538,-7.9
709.21,3.63,0.8,-0.01,-32.48,1934709,1642181284.27427,-7.9
709.21,3.63,0.8,-0.01,-32.5,1934730,1642181284.29461,-7.9
709.21,3.63,0.8,-0.01,-32.52,1934750,1642181284.31574,-7.9
709.21,3.63,0.8,-0.01,-32.53,1934770,1642181284.33262,-7.9
709.21,3.63,0.8,-0.01,-32.55,1934789,1642181284.35306,-7.9
709.21,3.63,0.8,-0.01,-32.57,1934810,1642181284.37356,-7.9
709.21,3.63,0.8,-0.01,-32.58,1934830,1642181284.39289,-7.9
709.21,3.63,0.8,-0.01,-32.6,1934850,1642181284.41338,-7.9
709.21,3.63,0.8,-0.01,-32.62,1934869,1642181284.43421,-7.9
709.21,3.63,0.8,-0.01,-32.62,1934889,1642181284.45534,-7.9
709.21,3.63,0.8,-0.01,-32.63,1934909,1642181284.47574,-7.9
709.21,3.63,0.8,-0.01,-32.63,1934929,1642181284.49602,-7.9
709.21,3.63,0.8,-0.01,-32.65,1934950,1642181284.51284,-7.9
709.21,3.63,0.8,-0.01,-32.67,1934969,1642181284.53308,-7.9
709.21,3.63,0.8,-0.01,-32.67,1934990,1642181284.55314,-7.9
709.21,3.63,0.8,-0.01,-32.68,1935009,1642181284.57382,-7.9
709.21,3.63,0.8,-0.01,-32.68,1935030,1642181284.59421,-7.9
709.21,3.63,0.8,-0.01,-32.7,1935049,1642181284.61463,-7.9
709.21,3.63,0.8,-0.01,-32.72,1935070,1642181284.63461,-7.9
709.21,3.63,0.8,-0.01,-32.73,1935089,1642181284.65504,-7.9
709.21,3.63,0.8,-0.01,-32.75,1935110,1642181284.67211,-7.9
709.21,3.63,0.8,-0.01,-32.75,1935129,1642181284.6923,-7.9
709.21,3.63,0.8,-0.01,-32.77,1935150,1642181284.71332,-7.9
709.21,3.63,0.8,-0.01,-32.78,1935170,1642181284.73338,-7.9
709.21,3.63,0.8,-0.01,-32.8,1935190,1642181284.75369,-7.9
709.21,3.63,0.8,-0.01,-32.82,1935209,1642181284.77405,-7.9
709.21,3.63,0.8,-0.01,-32.83,1935229,1642181284.7944,-7.9
709.21,3.63,0.8,-0.01,-32.85,1935250,1642181284.81597,-7.9
709.21,3.63,0.8,-0.01,-32.88,1935269,1642181284.836,-7.9
709.21,3.63,0.8,-0.01,-32.9,1935290,1642181284.85188,-7.9
709.21,3.63,0.8,-0.01,-32.93,1935309,1642181284.87254,-7.9
709.21,3.63,0.8,-0.01,-32.95,1935330,1642181284.89372,-7.9
709.21,3.63,0.8,-0.01,-32.98,1935349,1642181284.91486,-7.9
709.21,3.63,0.8,-0.01,-33,1935370,1642181284.93428,-7.9
709.21,3.63,0.8,-0.01,-33.03,1935389,1642181284.95441,-7.9
709.21,3.63,0.8,-0.01,-33.05,1935410,1642181284.97455,-7.9
709.21,3.63,0.8,-0.01,-33.08,1935429,1642181284.99604,-7.9
709.21,3.63,0.8,-0.01,-33.12,1935450,1642181285.01631,-7.9
709.21,3.63,0.8,-0.01,-33.13,1935469,1642181285.03616,-7.9
709.21,3.63,0.8,-0.01,-33.17,1935490,1642181285.05335,-7.9
709.21,3.63,0.8,-0.01,-33.2,1935510,1642181285.07371,-7.9
709.21,3.63,0.8,-0.01,-33.22,1935529,1642181285.09422,-7.9
709.21,3.63,0.8,-0.01,-33.25,1935550,1642181285.11466,-7.9
709.21,3.63,0.8,-0.01,-33.28,1935569,1642181285.13522,-7.9
709.21,3.63,0.8,-0.01,-33.32,1935590,1642181285.15584,-7.9
709.21,3.63,0.8,-0.01,-33.37,1935609,1642181285.17625,-7.9
709.21,3.63,0.8,-0.01,-33.4,1935630,1642181285.20171,-7.9
709.21,3.63,0.8,-0.01,-33.42,1935649,1642181285.21721,-7.9
709.21,3.63,0.8,-0.01,-33.45,1935670,1642181285.23319,-7.9
709.21,3.63,0.8,0,-33.5,1935689,1642181285.25346,-7.9
709.21,3.63,0.8,-0.01,-33.53,1935710,1642181285.27388,-7.9
709.21,3.63,0.8,-0.01,-33.57,1935729,1642181285.29404,-7.9
709.21,3.63,0.8,-0.01,-33.6,1935750,1642181285.31438,-7.9
709.21,3.63,0.8,-0.01,-33.63,1935769,1642181285.33446,-7.9
709.21,3.63,0.8,-0.01,-33.67,1935790,1642181285.35597,-7.9
709.21,3.63,0.8,-0.01,-33.7,1935809,1642181285.37571,-7.9
709.21,3.63,0.8,-0.01,-33.73,1935830,1642181285.39724,-7.9
709.21,3.63,0.8,-0.01,-33.75,1935849,1642181285.42171,-7.9
709.21,3.63,0.8,-0.01,-33.78,1935869,1642181285.43414,-7.9
709.21,3.63,0.8,0,-33.82,1935889,1642181285.45379,-7.9
709.21,3.63,0.8,-0.01,-33.83,1935909,1642181285.48061,-7.9
709.21,3.63,0.8,-0.01,-33.87,1935930,1642181285.49742,-7.9
709.21,3.63,0.8,-0.01,-33.9,1935949,1642181285.51503,-7.9
709.21,3.63,0.8,-0.01,-33.92,1935970,1642181285.53745,-7.9
709.21,3.63,0.8,-0.01,-33.95,1935989,1642181285.55633,-7.9
709.21,3.63,0.8,-0.01,-33.97,1936010,1642181285.5767,-7.9
709.21,3.63,0.8,-0.01,-34,1936029,1642181285.59349,-7.9
709.21,3.63,0.8,-0.01,-34.02,1936050,1642181285.61333,-7.9
709.21,3.63,0.8,-0.01,-34.03,1936069,1642181285.63343,-7.9
709.21,3.63,0.8,-0.01,-34.07,1936090,1642181285.65495,-7.9
709.21,3.63,0.8,-0.01,-34.08,1936109,1642181285.67498,-7.9
709.21,3.63,0.8,-0.01,-34.1,1936130,1642181285.69516,-7.9
709.21,3.63,0.8,-0.01,-34.13,1936150,1642181285.71627,-7.9
709.21,3.63,0.8,-0.01,-34.15,1936169,1642181285.73624,-7.9
709.21,3.63,0.8,-0.01,-34.18,1936190,1642181285.75641,-7.9
709.21,3.63,0.8,-0.01,-34.2,1936209,1642181285.77391,-7.9
709.21,3.63,0.8,-0.01,-34.23,1936230,1642181285.79423,-7.9
709.21,3.63,0.8,-0.01,-34.27,1936249,1642181285.81463,-7.9
709.21,3.63,0.8,-0.01,-34.3,1936270,1642181285.83449,-7.9
709.21,3.63,0.8,-0.01,-34.33,1936289,1642181285.85587,-7.9
709.21,3.63,0.8,-0.01,-34.35,1936310,1642181285.87625,-7.9
709.21,3.63,0.8,-0.01,-34.38,1936330,1642181285.89589,-7.9
709.21,3.63,0.8,-0.01,-34.42,1936350,1642181285.91709,-7.9
709.21,3.63,0.8,-0.01,-34.47,1936369,1642181285.93744,-7.9
709.21,3.63,0.8,-0.01,-34.5,1936390,1642181285.9543,-7.9
709.21,3.63,0.8,-0.01,-34.53,1936409,1642181285.9737,-7.9
709.21,3.63,0.8,-0.01,-34.57,1936430,1642181285.99531,-7.9
709.21,3.63,0.8,-0.01,-34.6,1936450,1642181286.01884,-7.9
709.21,3.63,0.8,-0.01,-34.63,1936470,1642181286.03564,-7.9
709.21,3.63,0.8,-0.01,-34.67,1936490,1642181286.05848,-7.9
709.21,3.63,0.8,-0.01,-34.7,1936509,1642181286.07696,-7.9
709.21,3.63,0.8,-0.01,-34.73,1936530,1642181286.09758,-7.9
709.21,3.63,0.8,-0.01,-34.77,1936549,1642181286.11759,-7.9
709.21,3.63,0.8,-0.01,-34.82,1936570,1642181286.13414,-7.9
709.21,3.63,0.8,-0.01,-34.85,1936589,1642181286.15443,-7.9
709.21,3.63,0.8,-0.01,-34.9,1936610,1642181286.18179,-7.9
709.21,3.63,0.8,-0.01,-34.95,1936629,1642181286.20147,-7.9
709.21,3.63,0.8,-0.01,-35,1936650,1642181286.21602,-7.9
709.21,3.63,0.8,-0.01,-35.05,1936669,1642181286.23929,-7.9
709.21,3.63,0.8,-0.01,-35.1,1936690,1642181286.26281,-7.9
709.21,3.63,0.8,-0.01,-35.15,1936709,1642181286.28178,-7.9
709.21,3.63,0.8,-0.01,-35.2,1936730,1642181286.29927,-7.9
709.21,3.63,0.8,-0.01,-35.23,1936749,1642181286.31443,-7.9
709.21,3.63,0.8,-0.01,-35.3,1936770,1642181286.33455,-7.9
709.21,3.63,0.8,-0.01,-35.37,1936789,1642181286.35535,-7.9
709.21,3.63,0.8,-0.01,-35.43,1936809,1642181286.385,-7.9
709.21,3.63,0.8,-0.01,-35.5,1936829,1642181286.39686,-7.9
709.21,3.63,0.8,-0.01,-35.57,1936849,1642181286.41648,-7.9
709.21,3.63,0.8,-0.01,-35.63,1936870,1642181286.43622,-7.9
709.21,3.63,0.8,-0.01,-35.7,1936889,1642181286.45758,-7.9
709.21,3.63,0.8,-0.01,-35.77,1936910,1642181286.47768,-7.9
709.21,3.63,0.8,-0.01,-35.83,1936929,1642181286.49461,-7.9
709.21,3.63,0.8,-0.01,-35.88,1936950,1642181286.5146,-7.9
709.21,3.63,0.8,-0.01,-35.93,1936969,1642181286.53484,-7.9
709.21,3.63,0.8,-0.01,-35.98,1936990,1642181286.55528,-7.9
709.21,3.63,0.8,-0.01,-36.02,1937009,1642181286.57667,-7.9
709.21,3.63,0.8,-0.01,-36.07,1937030,1642181286.59692,-7.9
709.21,3.63,0.8,-0.01,-36.08,1937049,1642181286.61734,-7.9
709.21,3.63,0.8,-0.01,-36.12,1937070,1642181286.63819,-7.9
709.21,3.63,0.8,-0.01,-36.13,1937090,1642181286.65875,-7.9
709.21,3.63,0.8,-0.01,-36.15,1937110,1642181286.67516,-7.9
709.21,3.63,0.8,-0.01,-36.15,1937129,1642181286.69568,-7.9
709.21,3.63,0.8,-0.01,-36.17,1937149,1642181286.7155,-7.9
709.21,3.63,0.8,-0.01,-36.18,1937170,1642181286.73584,-7.9
709.21,3.63,0.8,-0.01,-36.2,1937189,1642181286.75684,-7.9
709.21,3.63,0.8,-0.01,-36.22,1937209,1642181286.77688,-7.9
709.21,3.63,0.8,-0.01,-36.23,1937229,1642181286.79718,-7.9
709.21,3.63,0.8,-0.01,-36.27,1937250,1642181286.82698,-7.9
709.21,3.63,0.8,-0.01,-36.28,1937269,1642181286.84129,-7.9
709.21,3.63,0.8,-0.01,-36.28,1937290,1642181286.85428,-7.9
709.21,3.63,0.8,-0.01,-36.3,1937309,1642181286.87552,-7.9
709.21,3.63,0.8,-0.01,-36.3,1937330,1642181286.89611,-7.9
709.21,3.63,0.8,-0.01,-36.32,1937350,1642181286.9165,-7.9
709.21,3.63,0.8,-0.01,-36.33,1937370,1642181286.93629,-7.9
709.21,3.63,0.8,-0.01,-36.35,1937389,1642181286.95754,-7.9
709.21,3.63,0.8,-0.01,-36.35,1937410,1642181286.97756,-7.9
709.21,3.63,0.8,-0.01,-36.37,1937429,1642181286.99815,-7.9
709.21,3.63,0.8,-0.01,-36.37,1937449,1642181287.01877,-7.9
709.21,3.63,0.8,-0.01,-36.38,1937470,1642181287.03978,-7.9
709.21,3.63,0.8,-0.01,-36.38,1937489,1642181287.05582,-7.9
709.21,3.63,0.8,-0.01,-36.4,1937510,1642181287.0758,-7.9
709.21,3.63,0.8,-0.01,-36.42,1937529,1642181287.09636,-7.9
709.21,3.63,0.8,-0.01,-36.42,1937550,1642181287.11701,-7.9
709.21,3.63,0.8,-0.01,-36.42,1937569,1642181287.13678,-7.9
709.21,3.63,0.8,-0.01,-36.43,1937590,1642181287.15795,-7.9
709.21,3.63,0.8,-0.01,-36.43,1937609,1642181287.17784,-7.9
709.21,3.63,0.8,-0.01,-36.43,1937630,1642181287.20905,-7.9
709.21,3.63,0.8,-0.01,-36.43,1937649,1642181287.22068,-7.9
709.21,3.63,0.8,-0.01,-36.43,1937670,1642181287.23531,-7.9
709.21,3.63,0.8,-0.01,-36.43,1937689,1642181287.25555,-7.9
709.21,3.63,0.8,-0.01,-36.43,1937710,1642181287.27693,-7.9
709.21,3.63,0.8,-0.01,-36.45,1937730,1642181287.29815,-7.9
709.21,3.63,0.8,-0.01,-36.45,1937750,1642181287.31696,-7.9
709.21,3.63,0.8,-0.01,-36.47,1937769,1642181287.33733,-7.9
709.21,3.63,0.8,-0.01,-36.48,1937789,1642181287.3586,-7.9
709.21,3.63,0.8,-0.01,-36.52,1937810,1642181287.37927,-7.9
709.21,3.63,0.8,-0.01,-36.55,1937829,1642181287.39965,-7.9
709.21,3.63,0.8,-0.01,-36.58,1937850,1642181287.41652,-7.9
709.21,3.63,0.8,-0.01,-36.62,1937869,1642181287.43704,-7.9
709.21,3.63,0.8,-0.01,-36.67,1937890,1642181287.45757,-7.9
709.21,3.63,0.8,-0.01,-36.72,1937909,1642181287.47741,-7.9
709.21,3.63,0.8,-0.01,-36.78,1937930,1642181287.49796,-7.9
709.21,3.63,0.8,-0.01,-36.88,1937949,1642181287.51872,-7.9
709.21,3.63,0.8,-0.01,-36.98,1937970,1642181287.53839,-7.9
709.21,3.63,0.8,-0.01,-37.1,1937989,1642181287.5585,-7.9
709.21,3.63,0.8,-0.01,-37.23,1938010,1642181287.5791,-7.9
709.21,3.63,0.8,-0.01,-37.37,1938029,1642181287.59645,-7.9
709.21,3.63,0.8,-0.01,-37.5,1938050,1642181287.61667,-7.9
709.21,3.63,0.8,-0.01,-37.6,1938070,1642181287.63728,-7.9
709.21,3.63,0.8,-0.01,-37.7,1938089,1642181287.65767,-7.9
709.21,3.63,0.8,-0.01,-37.78,1938110,1642181287.6782,-7.9
709.21,3.63,0.8,-0.01,-37.87,1938129,1642181287.69973,-7.9
709.21,3.63,0.8,-0.01,-37.9,1938150,1642181287.72082,-7.9
709.21,3.63,0.8,0,-37.93,1938169,1642181287.74068,-7.9
709.21,3.63,0.8,-0.01,-37.97,1938190,1642181287.76061,-7.9
709.21,3.63,0.8,-0.01,-37.97,1938209,1642181287.77798,-7.9
709.21,3.63,0.8,-0.01,-37.98,1938230,1642181287.79807,-7.9
709.21,3.63,0.8,-0.01,-37.98,1938250,1642181287.8192,-7.9
709.21,3.63,0.8,0,-37.98,1938270,1642181287.84216,-7.9
709.21,3.63,0.8,-0.01,-37.98,1938289,1642181287.85898,-7.9
709.21,3.63,0.8,-0.01,-37.98,1938310,1642181287.8794,-7.9
709.21,3.63,0.8,-0.01,-37.95,1938329,1642181287.90008,-7.9
709.21,3.63,0.8,0,-37.92,1938350,1642181287.92001,-7.9
709.21,3.63,0.8,0,-37.88,1938369,1642181287.93652,-7.9
709.21,3.63,0.8,0,-37.85,1938390,1642181287.9567,-7.9
709.21,3.63,0.8,-0.01,-37.8,1938409,1642181287.97704,-7.9
709.21,3.63,0.8,0,-37.75,1938428,1642181287.99738,-7.9
709.21,3.63,0.8,0,-37.7,1938449,1642181288.01826,-7.9
709.21,3.63,0.8,0,-37.63,1938468,1642181288.04462,-7.9
709.21,3.63,0.8,0,-37.53,1938489,1642181288.05982,-7.9
709.21,3.63,0.8,0,-37.43,1938509,1642181288.08075,-7.9
709.21,3.63,0.8,0,-37.32,1938529,1642181288.10188,-7.9
709.21,3.63,0.8,0,-37.18,1938549,1642181288.11702,-7.9
709.21,3.63,0.8,0,-37.03,1938569,1642181288.13757,-7.9
709.21,3.63,0.8,0,-36.85,1938589,1642181288.15858,-7.9
709.21,3.63,0.8,0,-36.67,1938609,1642181288.18104,-7.9
709.21,3.63,0.8,0,-36.45,1938629,1642181288.19863,-7.9
709.21,3.63,0.8,0,-36.2,1938649,1642181288.21895,-7.9
709.21,3.63,0.8,0,-36.02,1938669,1642181288.23915,-7.9
709.21,3.63,0.8,0,-35.85,1938689,1642181288.25937,-7.9
709.21,3.63,0.8,0,-35.7,1938709,1642181288.27976,-7.9
709.21,3.63,0.8,0,-35.52,1938728,1642181288.2958,-7.9
709.21,3.63,0.8,0,-35.3,1938749,1642181288.31701,-7.9
709.21,3.63,0.8,0,-35.07,1938768,1642181288.33764,-7.9
709.21,3.63,0.8,0,-34.97,1938789,1642181288.35787,-7.9
709.21,3.63,0.8,0,-34.92,1938809,1642181288.37835,-7.9
709.21,3.63,0.8,0,-34.85,1938829,1642181288.39891,-7.9
709.21,3.63,0.8,0,-34.83,1938849,1642181288.4195,-7.9
709.21,3.63,0.8,0,-34.8,1938869,1642181288.44094,-7.9
709.21,3.63,0.8,0,-34.8,1938889,1642181288.46092,-7.9
709.21,3.63,0.8,0,-34.78,1938909,1642181288.47779,-7.9
709.21,3.63,0.8,0,-34.78,1938929,1642181288.49806,-7.9
709.21,3.63,0.8,0,-34.78,1938950,1642181288.5181,-7.9
709.21,3.63,0.8,0,-34.78,1938969,1642181288.53992,-7.9
709.21,3.63,0.8,0,-34.78,1938990,1642181288.55998,-7.9
709.21,3.63,0.8,-0.01,-34.78,1939009,1642181288.57924,-7.9
709.21,3.63,0.8,0,-34.78,1939030,1642181288.5998,-7.9
709.21,3.63,0.8,0,-34.78,1939049,1642181288.6268,-7.9
709.21,3.63,0.8,0,-34.77,1939068,1642181288.64035,-7.9
709.21,3.63,0.8,0,-34.77,1939089,1642181288.6568,-7.9
709.21,3.63,0.8,0,-34.77,1939108,1642181288.67709,-7.9
709.21,3.63,0.8,0,-34.77,1939129,1642181288.69801,-7.9
709.21,3.63,0.8,0,-34.77,1939148,1642181288.71807,-7.9
709.21,3.63,0.8,0,-34.77,1939169,1642181288.73974,-7.9
709.21,3.63,0.8,0,-34.77,1939189,1642181288.75948,-7.9
709.21,3.63,0.8,0,-34.77,1939209,1642181288.78001,-7.9
709.21,3.63,0.8,0,-34.77,1939229,1642181288.80063,-7.9
709.21,3.63,0.8,0,-34.77,1939249,1642181288.82085,-7.9
709.21,3.63,0.8,0,-34.77,1939269,1642181288.83795,-7.9
709.21,3.63,0.8,0,-34.77,1939289,1642181288.85801,-7.9
709.21,3.63,0.8,0,-34.77,1939309,1642181288.8782,-7.9
709.21,3.63,0.8,0,-34.77,1939329,1642181288.89839,-7.9
709.21,3.63,0.8,0,-34.77,1939349,1642181288.92595,-7.9
709.21,3.63,0.8,0,-34.77,1939368,1642181288.94258,-7.9
709.21,3.63,0.8,0,-34.77,1939389,1642181288.95952,-7.9
709.21,3.63,0.8,0,-34.77,1939408,1642181288.97965,-7.9
709.21,3.63,0.8,0,-34.77,1939429,1642181289.00607,-7.9
709.21,3.63,0.8,0,-34.77,1939448,1642181289.01853,-7.9
709.21,3.63,0.8,0,-34.77,1939469,1642181289.0386,-7.9
709.21,3.63,0.8,0,-34.75,1939489,1642181289.05825,-7.9
709.21,3.63,0.8,0,-34.75,1939509,1642181289.07864,-7.9
709.21,3.63,0.8,0,-34.75,1939529,1642181289.09911,-7.9
709.21,3.63,0.8,0,-34.75,1939549,1642181289.11964,-7.9
709.21,3.63,0.8,0,-34.75,1939569,1642181289.14605,-7.9
709.21,3.63,0.8,0,-34.75,1939589,1642181289.1617,-7.9
709.21,3.63,0.8,0,-34.75,1939609,1642181289.18147,-7.9
709.21,3.63,0.8,0,-34.75,1939629,1642181289.19931,-7.9
709.21,3.63,0.8,0,-34.75,1939649,1642181289.21797,-7.9
709.21,3.63,0.8,0,-34.75,1939668,1642181289.23918,-7.9
709.21,3.63,0.8,0,-34.75,1939689,1642181289.25968,-7.9
709.21,3.63,0.8,0,-34.75,1939708,1642181289.28013,-7.9
709.21,3.63,0.8,0,-34.75,1939729,1642181289.3008,-7.9
709.21,3.63,0.8,0,-34.75,1939748,1642181289.32094,-7.9
709.21,3.63,0.8,0,-34.75,1939769,1642181289.34074,-7.9
709.21,3.63,0.8,0,-34.75,1939788,1642181289.3614,-7.9
709.21,3.63,0.8,0,-34.75,1939809,1642181289.37823,-7.9
709.21,3.63,0.8,0,-34.75,1939828,1642181289.39871,-7.9
709.21,3.63,0.8,0,-34.75,1939849,1642181289.41981,-7.9
709.21,3.63,0.8,0,-34.75,1939869,1642181289.4399,-7.9
709.21,3.63,0.8,0,-34.75,1939889,1642181289.46039,-7.9
709.21,3.63,0.8,0,-34.75,1939909,1642181289.48083,-7.9
709.21,3.63,0.8,0,-34.75,1939929,1642181289.50143,-7.9
709.21,3.63,0.8,0,-34.75,1939949,1642181289.52194,-7.9
709.21,3.63,0.8,0,-34.75,1939969,1642181289.54179,-7.9
709.21,3.63,0.8,0,-34.75,1939989,1642181289.55894,-7.9
709.21,3.63,0.8,0,-34.75,1940008,1642181289.57945,-7.9
709.21,3.63,0.8,0,-34.75,1940029,1642181289.60061,-7.9
709.21,3.63,0.8,0,-34.75,1940048,1642181289.6198,-7.9
709.21,3.63,0.8,0,-34.75,1940069,1642181289.63975,-7.9
709.21,3.63,0.8,0,-34.75,1940088,1642181289.66537,-7.9
709.21,3.63,0.8,0,-34.75,1940109,1642181289.68479,-7.9
709.21,3.63,0.8,0,-34.75,1940128,1642181289.70168,-7.9
709.21,3.63,0.8,0,-34.75,1940149,1642181289.72172,-7.9
709.21,3.63,0.8,0,-34.75,1940169,1642181289.73823,-7.9
709.21,3.63,0.8,0,-34.75,1940189,1642181289.75881,-7.9
709.21,3.63,0.8,0,-34.75,1940209,1642181289.78007,-7.9
709.21,3.63,0.8,0,-34.75,1940229,1642181289.80616,-7.9
709.21,3.63,0.8,0,-34.75,1940249,1642181289.82342,-7.9
709.21,3.63,0.8,0,-34.75,1940269,1642181289.84398,-7.9
709.21,3.63,0.8,0,-34.75,1940289,1642181289.86181,-7.9
709.21,3.63,0.8,0,-34.75,1940308,1642181289.88179,-7.9
709.21,3.63,0.8,0,-34.75,1940329,1642181289.90213,-7.9
709.21,3.63,0.8,0,-34.75,1940348,1642181289.91931,-7.9
709.21,3.63,0.8,0,-34.75,1940369,1642181289.93994,-7.9
709.21,3.63,0.8,0,-34.75,1940388,1642181289.95928,-7.9
709.21,3.63,0.8,0,-34.75,1940409,1642181289.97986,-7.9
709.21,3.63,0.8,0,-34.75,1940428,1642181290.00108,-7.9
709.21,3.63,0.8,0,-34.75,1940449,1642181290.02163,-7.9
709.21,3.63,0.8,0,-34.75,1940468,1642181290.04223,-7.9
709.21,3.63,0.8,0,-34.75,1940489,1642181290.06215,-7.9
709.21,3.63,0.8,0,-34.75,1940509,1642181290.08252,-7.9
709.21,3.63,0.8,0,-34.75,1940529,1642181290.10199,-7.9
709.21,3.63,0.8,0,-34.75,1940549,1642181290.12211,-7.9
709.21,3.63,0.8,0,-34.75,1940569,1642181290.13921,-7.9
709.21,3.63,0.8,0,-34.75,1940589,1642181290.15971,-7.9
709.21,3.63,0.8,0,-34.75,1940609,1642181290.18116,-7.9
709.21,3.63,0.8,0,-34.75,1940629,1642181290.20145,-7.9
709.21,3.63,0.8,0,-34.75,1940648,1642181290.22209,-7.9
709.21,3.63,0.8,0,-34.75,1940669,1642181290.2424,-7.9
709.21,3.63,0.8,0,-34.75,1940688,1642181290.26272,-7.9
709.21,3.63,0.8,0,-34.75,1940709,1642181290.27883,-7.9
709.21,3.63,0.8,0,-34.73,1940728,1642181290.30009,-7.9
709.21,3.63,0.8,0,-34.73,1940749,1642181290.32045,-7.9
709.21,3.63,0.8,0,-34.73,1940769,1642181290.34132,-7.9
709.21,3.63,0.8,0,-34.73,1940789,1642181290.36615,-7.9
709.21,3.63,0.8,0,-34.73,1940809,1642181290.38337,-7.9
709.21,3.63,0.8,0,-34.73,1940829,1642181290.40208,-7.9
709.21,3.63,0.8,0,-34.73,1940849,1642181290.42189,-7.9
709.21,3.63,0.8,0,-34.73,1940869,1642181290.44191,-7.9
709.21,3.63,0.8,0,-34.73,1940889,1642181290.46291,-7.9
709.21,3.63,0.8,0,-34.73,1940909,1642181290.47902,-7.9
709.21,3.63,0.8,0,-34.73,1940929,1642181290.49947,-7.9
709.21,3.63,0.8,0,-34.73,1940948,1642181290.51969,-7.9
709.21,3.63,0.8,0,-34.73,1940969,1642181290.54121,-7.9
709.21,3.63,0.8,0,-34.73,1940988,1642181290.56096,-7.9
709.21,3.63,0.8,0,-34.73,1941009,1642181290.58759,-7.9
709.21,3.63,0.8,0,-34.73,1941028,1642181290.60524,-7.9
709.21,3.63,0.8,0,-34.73,1941049,1642181290.62298,-7.9
709.21,3.63,0.8,0,-34.73,1941068,1642181290.64399,-7.9
709.21,3.63,0.8,0,-34.73,1941089,1642181290.6599,-7.9
709.21,3.63,0.8,0,-34.73,1941109,1642181290.68041,-7.9
709.21,3.63,0.8,0,-34.73,1941129,1642181290.70066,-7.9
709.21,3.63,0.8,0,-34.73,1941149,1642181290.72302,-7.9
709.21,3.63,0.8,0,-34.73,1941169,1642181290.74283,-7.9
709.21,3.63,0.8,0,-34.73,1941189,1642181290.76276,-7.9
709.21,3.63,0.8,0,-34.73,1941209,1642181290.78306,-7.9
709.21,3.63,0.8,0,-34.73,1941229,1642181290.80342,-7.9
709.21,3.63,0.8,0,-34.73,1941249,1642181290.82552,-7.9
709.21,3.63,0.8,0,-34.73,1941269,1642181290.84093,-7.9
709.21,3.63,0.8,0,-34.73,1941288,1642181290.86084,-7.9
709.21,3.63,0.8,0,-34.73,1941309,1642181290.88107,-7.9
709.21,3.63,0.8,0,-34.73,1941328,1642181290.90227,-7.9
709.21,3.63,0.8,0,-34.73,1941349,1642181290.92297,-7.9
709.21,3.63,0.8,0,-34.73,1941368,1642181290.94304,-7.9
709.21,3.63,0.8,0,-34.73,1941389,1642181290.971,-7.9
709.21,3.63,0.8,0,-34.73,1941409,1642181290.98509,-7.9
709.21,3.63,0.8,0,-34.73,1941429,1642181291.00366,-7.9
709.21,3.63,0.8,0,-34.73,1941449,1642181291.02016,-7.9
709.21,3.63,0.8,0,-34.73,1941469,1642181291.04124,-7.9
709.21,3.63,0.8,0,-34.73,1941489,1642181291.06143,-7.9
709.21,3.63,0.8,0,-34.73,1941509,1642181291.08099,-7.9
709.21,3.63,0.8,0,-34.73,1941529,1642181291.10254,-7.9
709.21,3.63,0.8,0,-34.73,1941549,1642181291.12329,-7.9
709.21,3.63,0.8,0,-34.73,1941569,1642181291.14266,-7.9
709.21,3.63,0.8,0,-34.73,1941588,1642181291.16409,-7.9
709.21,3.63,0.8,0,-34.73,1941609,1642181291.18454,-7.9
709.21,3.63,0.8,0,-34.73,1941628,1642181291.2,-7.9
709.21,3.63,0.8,0,-34.73,1941649,1642181291.22099,-7.9
709.21,3.63,0.8,0,-34.73,1941668,1642181291.24172,-7.9
709.21,3.63,0.8,0,-34.73,1941689,1642181291.26222,-7.9
709.21,3.63,0.8,0,-34.73,1941708,1642181291.28434,-7.9
709.21,3.63,0.8,0,-34.73,1941729,1642181291.30918,-7.9
709.21,3.63,0.8,0,-34.73,1941749,1642181291.32529,-7.9
709.21,3.63,0.8,0,-34.73,1941769,1642181291.34499,-7.9
709.21,3.63,0.8,0,-34.73,1941789,1642181291.36406,-7.9
709.21,3.63,0.8,0,-34.73,1941809,1642181291.38107,-7.9
709.21,3.63,0.8,0,-34.73,1941829,1642181291.401,-7.9
709.21,3.63,0.8,0,-34.73,1941849,1642181291.42131,-7.9
709.21,3.63,0.8,0,-34.73,1941869,1642181291.44171,-7.9
709.21,3.63,0.8,0,-34.73,1941889,1642181291.46454,-7.9
709.21,3.63,0.8,0,-34.73,1941909,1642181291.48365,-7.9
709.21,3.63,0.8,0,-34.73,1941928,1642181291.50328,-7.9
709.21,3.63,0.8,0,-34.73,1941949,1642181291.52387,-7.9
709.21,3.63,0.8,0,-34.73,1941968,1642181291.54369,-7.9
709.21,3.63,0.8,0,-34.73,1941989,1642181291.56086,-7.9
709.21,3.63,0.8,0,-34.73,1942008,1642181291.58128,-7.9
709.21,3.63,0.8,0,-34.73,1942029,1642181291.60161,-7.9
709.21,3.63,0.8,0,-34.73,1942049,1642181291.6238,-7.9
709.21,3.63,0.8,0,-34.73,1942069,1642181291.65015,-7.9
709.21,3.63,0.8,0,-34.73,1942089,1642181291.66394,-7.9
709.21,3.63,0.8,0,-34.73,1942109,1642181291.68382,-7.9
709.21,3.63,0.8,0,-34.73,1942129,1642181291.70424,-7.9
709.21,3.63,0.8,0,-34.73,1942149,1642181291.72464,-7.9
709.21,3.63,0.8,0,-34.73,1942169,1642181291.74355,-7.9
709.21,3.63,0.8,0,-34.73,1942189,1642181291.7692,-7.9
709.21,3.63,0.8,0,-34.73,1942209,1642181291.78245,-7.9
709.21,3.63,0.8,0,-34.73,1942228,1642181291.80265,-7.9
709.21,3.63,0.8,0,-34.73,1942249,1642181291.82497,-7.9
709.21,3.63,0.8,0,-34.73,1942268,1642181291.84285,-7.9
709.21,3.63,0.8,0,-34.73,1942289,1642181291.8696,-7.9
709.21,3.63,0.8,0,-34.73,1942308,1642181291.88898,-7.9
709.21,3.63,0.8,0,-34.73,1942329,1642181291.90575,-7.9
709.21,3.63,0.8,0,-34.73,1942348,1642181291.92112,-7.9
709.21,3.63,0.8,0,-34.73,1942369,1642181291.94137,-7.9
709.21,3.63,0.8,0,-34.73,1942389,1642181291.96183,-7.9
709.21,3.63,0.8,0,-34.73,1942409,1642181291.98471,-7.9
