414.17,-2.66,-0.73,0,36.95,55026,1621614164.5427
414.17,-2.66,-0.73,0,36.95,55047,1621614164.54351
414.17,-2.66,-0.73,0,36.95,55066,1621614164.54435
414.17,-2.66,-0.73,0,36.95,55087,1621614164.54509
414.17,-2.66,-0.73,0,36.95,55107,1621614164.54584
414.17,-2.66,-0.73,0,36.95,55127,1621614164.56689
414.17,-2.66,-0.73,0,36.95,55147,1621614164.58888
414.17,-2.66,-0.73,0,36.95,55166,1621614164.59897
414.17,-2.66,-0.73,0,36.95,55187,1621614164.61867
414.17,-2.66,-0.73,0,36.95,55206,1621614164.65167
414.17,-2.66,-0.73,0,36.95,55227,1621614164.65688
414.17,-2.66,-0.73,0,36.95,55246,1621614164.67778
414.17,-2.66,-0.73,0,36.95,55267,1621614164.69814
414.17,-2.66,-0.73,0,36.95,55286,1621614164.73011
414.17,-2.66,-0.73,0,36.95,55307,1621614164.74077
414.17,-2.66,-0.73,0,36.95,55326,1621614164.75828
414.17,-2.66,-0.73,0,36.95,55347,1621614164.77893
414.17,-2.66,-0.73,0,36.95,55366,1621614164.7975
414.17,-2.66,-0.73,0,36.95,55387,1621614164.81863
414.17,-2.66,-0.73,0,36.95,55407,1621614164.8376
414.17,-2.66,-0.73,0,36.95,55427,1621614164.85792
414.17,-2.66,-0.73,0,36.95,55447,1621614164.879
414.17,-2.66,-0.73,0,36.95,55467,1621614164.89851
414.17,-2.66,-0.73,0,36.95,55487,1621614164.91514
414.17,-2.66,-0.73,0,36.95,55506,1621614164.9359
414.17,-2.66,-0.73,0,36.95,55527,1621614164.95639
414.17,-2.66,-0.73,0,36.95,55546,1621614164.97756
414.17,-2.66,-0.73,0,36.95,55567,1621614165.00543
414.17,-2.66,-0.73,0,36.95,55586,1621614165.02641
414.17,-2.66,-0.73,0,36.95,55607,1621614165.04118
414.17,-2.66,-0.73,0,36.95,55626,1621614165.0595
414.17,-2.66,-0.73,0,36.95,55647,1621614165.08039
414.17,-2.66,-0.73,0,36.95,55666,1621614165.10045
414.17,-2.66,-0.73,0,36.95,55687,1621614165.11741
414.17,-2.66,-0.73,0,36.95,55706,1621614165.13664
414.17,-2.66,-0.73,0,36.95,55727,1621614165.15798
414.17,-2.66,-0.73,0,36.95,55747,1621614165.17851
414.17,-2.66,-0.73,0,36.95,55767,1621614165.19896
414.17,-2.66,-0.73,0,36.95,55786,1621614165.21962
414.17,-2.66,-0.73,0,36.95,55806,1621614165.23954
414.17,-2.66,-0.73,0,36.95,55827,1621614165.25946
414.17,-2.66,-0.73,0,36.95,55846,1621614165.28075
414.17,-2.66,-0.73,0,36.95,55867,1621614165.2967
414.17,-2.66,-0.73,0,36.95,55886,1621614165.31907
414.17,-2.66,-0.73,0,36.95,55907,1621614165.33813
414.17,-2.66,-0.73,0,36.95,55926,1621614165.35873
414.17,-2.66,-0.73,0,36.95,55947,1621614165.37907
414.17,-2.66,-0.73,0,36.95,55966,1621614165.39958
414.17,-2.66,-0.73,0,36.95,55987,1621614165.42056
414.17,-2.66,-0.73,0,36.95,56006,1621614165.44138
414.17,-2.66,-0.73,0,36.95,56027,1621614165.46035
414.17,-2.66,-0.73,0,36.95,56046,1621614165.47727
414.17,-2.66,-0.73,0,36.95,56067,1621614165.49851
414.17,-2.66,-0.73,0,36.95,56087,1621614165.51913
414.17,-2.66,-0.73,0,36.95,56107,1621614165.53892
414.17,-2.66,-0.73,0,36.95,56127,1621614165.55937
414.17,-2.66,-0.73,0,36.95,56146,1621614165.57975
414.17,-2.66,-0.73,0,36.95,56167,1621614165.59996
414.17,-2.66,-0.73,0,36.95,56186,1621614165.62108
414.17,-2.66,-0.73,0,36.95,56207,1621614165.64094
414.17,-2.66,-0.73,0,36.95,56226,1621614165.65777
414.17,-2.66,-0.73,0,36.95,56247,1621614165.67759
414.17,-2.66,-0.73,0,36.95,56266,1621614165.69888
414.17,-2.66,-0.73,0,36.95,56287,1621614165.71951
414.17,-2.66,-0.73,0,36.95,56306,1621614165.73921
414.17,-2.66,-0.73,0,36.95,56327,1621614165.75939
414.17,-2.66,-0.73,0,36.95,56346,1621614165.78084
414.17,-2.66,-0.73,0,36.95,56367,1621614165.8013
414.17,-2.66,-0.73,0,36.95,56386,1621614165.82116
414.17,-2.66,-0.73,0,36.95,56407,1621614165.84216
414.17,-2.66,-0.73,0,36.95,56427,1621614165.85801
414.17,-2.66,-0.73,0,36.95,56446,1621614165.87822
414.17,-2.66,-0.73,0,36.95,56467,1621614165.89957
414.17,-2.66,-0.73,0,36.95,56486,1621614165.91974
414.17,-2.66,-0.73,0,36.95,56507,1621614165.93961
414.17,-2.66,-0.73,0,36.95,56526,1621614165.96087
414.17,-2.66,-0.73,0,36.95,56547,1621614165.981
414.17,-2.66,-0.73,0,36.95,56566,1621614166.00131
414.17,-2.66,-0.73,0,36.95,56587,1621614166.0186
414.17,-2.66,-0.73,0,36.95,56606,1621614166.03876
414.17,-2.66,-0.73,0,36.95,56627,1621614166.05894
414.17,-2.66,-0.73,0,36.95,56646,1621614166.07936
414.17,-2.66,-0.73,0,36.95,56667,1621614166.09968
414.17,-2.66,-0.73,0,36.95,56686,1621614166.12075
414.17,-2.66,-0.73,0,36.95,56707,1621614166.14663
414.17,-2.66,-0.73,0,36.95,56726,1621614166.16086
414.17,-2.66,-0.73,0,36.95,56747,1621614166.18084
414.17,-2.66,-0.73,0,36.95,56767,1621614166.19802
414.17,-2.66,-0.73,0,36.95,56786,1621614166.21837
414.17,-2.66,-0.73,0,36.95,56807,1621614166.23878
414.17,-2.66,-0.73,0,36.95,56826,1621614166.26001
414.17,-2.66,-0.73,0,36.95,56847,1621614166.28047
414.17,-2.66,-0.73,0,36.95,56866,1621614166.30097
414.17,-2.66,-0.73,0,36.95,56887,1621614166.32201
414.17,-2.66,-0.73,0,36.95,56906,1621614166.34572
414.17,-2.66,-0.73,0,36.95,56927,1621614166.36624
414.17,-2.66,-0.73,0,36.95,56946,1621614166.37772
414.17,-2.66,-0.73,0,36.95,56967,1621614166.39772
414.17,-2.66,-0.73,0,36.95,56986,1621614166.4184
414.17,-2.66,-0.73,0,36.95,57007,1621614166.43908
414.17,-2.66,-0.73,0,36.95,57027,1621614166.46036
414.17,-2.66,-0.73,0,36.95,57047,1621614166.48088
414.17,-2.66,-0.73,0,36.95,57067,1621614166.50196
414.17,-2.66,-0.73,0,36.95,57086,1621614166.52138
414.17,-2.66,-0.73,0,36.95,57107,1621614166.54191
414.17,-2.66,-0.73,0,36.95,57126,1621614166.56192
414.17,-2.66,-0.73,0,36.95,57147,1621614166.57921
414.17,-2.66,-0.73,0,36.95,57166,1621614166.60121
414.17,-2.66,-0.73,0,36.95,57187,1621614166.62043
414.17,-2.66,-0.73,0,36.95,57206,1621614166.64023
414.17,-2.66,-0.73,0,36.95,57227,1621614166.66069
414.17,-2.66,-0.73,0,36.95,57246,1621614166.68089
414.17,-2.66,-0.73,0,36.95,57267,1621614166.7018
414.17,-2.66,-0.73,0,36.95,57286,1621614166.7217
414.17,-2.66,-0.73,0,36.95,57307,1621614166.74322
414.17,-2.66,-0.73,0,36.95,57326,1621614166.75912
414.17,-2.66,-0.73,0,36.95,57347,1621614166.77958
414.17,-2.66,-0.73,0,36.95,57367,1621614166.80182
414.17,-2.66,-0.73,0,36.95,57387,1621614166.82093
414.17,-2.66,-0.73,0,36.95,57407,1621614166.84121
414.17,-2.66,-0.73,0,36.95,57426,1621614166.86185
414.17,-2.66,-0.73,0,36.95,57447,1621614166.88246
414.17,-2.66,-0.73,0,36.95,57466,1621614166.9027
414.17,-2.66,-0.73,0,36.95,57487,1621614166.92778
414.17,-2.66,-0.73,0,36.95,57506,1621614166.9392
414.17,-2.66,-0.73,0,36.97,57527,1621614166.95926
414.17,-2.66,-0.73,0,36.97,57546,1621614166.97937
414.17,-2.66,-0.73,0,36.97,57567,1621614167.0016
414.17,-2.66,-0.73,0,36.97,57587,1621614167.02058
414.17,-2.66,-0.73,0,36.97,57607,1621614167.04783
414.17,-2.66,-0.73,0,37,57627,1621614167.06403
414.17,-2.66,-0.73,0,37.1,57647,1621614167.08211
414.17,-2.66,-0.73,0,37.18,57667,1621614167.10255
414.17,-2.66,-0.73,0,37.25,57687,1621614167.11842
414.17,-2.66,-0.73,0,37.28,57707,1621614167.13876
414.17,-2.66,-0.73,0,37.28,57726,1621614167.16068
414.17,-2.66,-0.73,0,36.97,57747,1621614167.18277
414.17,-2.66,-0.73,0,36.17,57766,1621614167.20582
414.17,-2.66,-0.73,0,35.2,57787,1621614167.2238
414.17,-2.66,-0.73,0,34.42,57806,1621614167.24272
414.17,-2.66,-0.73,0,33.88,57827,1621614167.26324
414.17,-2.66,-0.73,0,33.55,57846,1621614167.28791
414.17,-2.66,-0.73,0,33.3,57867,1621614167.29954
414.17,-2.66,-0.73,0,33.18,57887,1621614167.31908
414.17,-2.66,-0.73,0,33.17,57907,1621614167.33966
414.17,-2.66,-0.73,0,33.18,57927,1621614167.36042
414.17,-2.66,-0.73,0,33.18,57947,1621614167.38212
414.17,-2.66,-0.73,0,33.18,57967,1621614167.40245
414.17,-2.66,-0.73,0,33.18,57987,1621614167.42292
414.17,-2.66,-0.73,0,33.18,58007,1621614167.44321
414.17,-2.66,-0.73,0,33.18,58027,1621614167.46323
414.17,-2.66,-0.73,0,33.2,58047,1621614167.47981
414.17,-2.66,-0.73,0,33.22,58066,1621614167.50182
414.17,-2.66,-0.73,0,33.23,58087,1621614167.52138
414.17,-2.66,-0.73,0,33.25,58107,1621614167.54179
414.17,-2.66,-0.73,0,33.3,58127,1621614167.56193
414.17,-2.66,-0.73,0,33.4,58147,1621614167.58255
414.17,-2.66,-0.73,0,33.52,58167,1621614167.60244
414.17,-2.66,-0.73,0,33.67,58186,1621614167.623
414.17,-2.66,-0.73,0,33.82,58207,1621614167.64332
414.17,-2.66,-0.73,0,33.97,58226,1621614167.66027
414.17,-2.66,-0.73,0,34.08,58247,1621614167.67957
414.17,-2.66,-0.73,0,34.2,58267,1621614167.69989
414.17,-2.66,-0.73,0,34.3,58287,1621614167.7222
414.17,-2.66,-0.73,0,34.38,58307,1621614167.74125
414.17,-2.66,-0.73,0,34.47,58327,1621614167.76192
414.17,-2.66,-0.73,0,34.55,58347,1621614167.79391
414.17,-2.66,-0.73,0,34.58,58366,1621614167.80531
414.17,-2.66,-0.73,0,34.6,58387,1621614167.82293
414.17,-2.66,-0.73,0,34.6,58406,1621614167.84326
414.17,-2.66,-0.73,0,34.6,58427,1621614167.86023
414.17,-2.66,-0.73,0,34.6,58446,1621614167.88083
414.17,-2.66,-0.73,0,34.6,58467,1621614167.90155
414.17,-2.66,-0.73,0,34.6,58487,1621614167.93432
414.17,-2.66,-0.73,0,34.6,58507,1621614167.94497
414.17,-2.66,-0.73,0,34.6,58526,1621614167.96306
414.17,-2.66,-0.73,0,34.6,58547,1621614167.98341
414.17,-2.66,-0.73,0,34.6,58566,1621614168.0039
414.17,-2.66,-0.73,0,34.6,58587,1621614168.01977
414.17,-2.66,-0.73,0,34.6,58607,1621614168.04087
414.17,-2.66,-0.73,0,34.6,58627,1621614168.06133
414.17,-2.66,-0.73,0,34.6,58647,1621614168.08147
414.17,-2.66,-0.73,0,34.6,58667,1621614168.10282
414.17,-2.66,-0.73,0,34.6,58687,1621614168.12308
414.17,-2.66,-0.73,0,34.6,58706,1621614168.14304
414.17,-2.66,-0.73,0,34.6,58727,1621614168.1643
414.17,-2.66,-0.73,0,34.6,58746,1621614168.18464
414.17,-2.66,-0.73,0,34.6,58767,1621614168.20468
414.17,-2.66,-0.73,0,34.6,58786,1621614168.22102
414.17,-2.66,-0.73,0,34.6,58807,1621614168.24252
414.17,-2.66,-0.73,0,34.6,58826,1621614168.27131
414.17,-2.66,-0.73,0,34.6,58847,1621614168.28361
414.17,-2.66,-0.73,0,34.6,58867,1621614168.30309
414.17,-2.66,-0.73,0,34.6,58887,1621614168.32399
414.17,-2.66,-0.73,0,34.6,58907,1621614168.34534
414.17,-2.66,-0.73,0,34.6,58927,1621614168.36571
414.17,-2.66,-0.73,0,34.6,58947,1621614168.38599
414.17,-2.66,-0.73,0,34.6,58967,1621614168.40181
414.17,-2.66,-0.73,0,34.6,58987,1621614168.42208
414.17,-2.66,-0.73,0,34.6,59006,1621614168.44345
414.17,-2.66,-0.73,0,34.6,59027,1621614168.46332
414.17,-2.66,-0.73,0,34.6,59046,1621614168.48397
414.17,-2.66,-0.73,0,34.6,59067,1621614168.50427
414.17,-2.66,-0.73,0,34.58,59087,1621614168.52839
414.17,-2.66,-0.73,0,34.58,59107,1621614168.5465
414.17,-2.66,-0.73,0,34.58,59127,1621614168.56609
414.17,-2.66,-0.73,0,34.58,59147,1621614168.58644
414.17,-2.66,-0.73,0,34.58,59167,1621614168.60233
414.17,-2.66,-0.73,0,34.58,59187,1621614168.62591
414.17,-2.66,-0.73,0,34.55,59206,1621614168.64321
414.17,-2.66,-0.73,0,34.5,59227,1621614168.66363
414.17,-2.66,-0.73,0,34.47,59247,1621614168.68431
414.17,-2.66,-0.73,0,34.38,59267,1621614168.70489
414.17,-2.66,-0.73,0,34.3,59287,1621614168.72511
414.17,-2.66,-0.73,0,34.25,59308,1621614168.746
414.17,-2.66,-0.73,0,34.23,59327,1621614168.76154
414.17,-2.66,-0.73,0,34.23,59346,1621614168.78294
414.17,-2.66,-0.73,0,34.22,59367,1621614168.80338
414.17,-2.66,-0.73,0,34.22,59386,1621614168.82339
414.17,-2.66,-0.73,0,34.23,59407,1621614168.84513
414.17,-2.66,-0.73,0,34.23,59427,1621614168.86564
414.17,-2.66,-0.73,0,34.23,59447,1621614168.88532
414.17,-2.66,-0.73,0,34.23,59467,1621614168.90589
414.17,-2.66,-0.73,0,34.23,59487,1621614168.92572
414.17,-2.66,-0.73,0,34.23,59507,1621614168.94214
414.17,-2.66,-0.73,0,34.23,59527,1621614168.96238
414.17,-2.66,-0.73,0,34.23,59546,1621614168.98366
414.17,-2.66,-0.73,0,34.23,59567,1621614169.00464
414.17,-2.66,-0.73,0,34.22,59587,1621614169.0251
414.17,-2.66,-0.73,0,34.22,59607,1621614169.04549
414.17,-2.66,-0.73,0,34.22,59627,1621614169.06623
414.17,-2.66,-0.73,0,34.22,59646,1621614169.08603
414.17,-2.66,-0.73,0,34.22,59667,1621614169.10646
414.17,-2.66,-0.73,0,34.22,59686,1621614169.12201
414.17,-2.66,-0.73,0,34.22,59707,1621614169.15259
414.17,-2.66,-0.73,0,34.2,59726,1621614169.16459
414.17,-2.66,-0.73,0,34.18,59747,1621614169.18355
414.17,-2.66,-0.73,0,34.17,59766,1621614169.204
414.17,-2.66,-0.73,0,34.12,59787,1621614169.22511
414.17,-2.66,-0.73,0,34.07,59806,1621614169.24516
414.17,-2.66,-0.73,0,34.02,59827,1621614169.26545
414.17,-2.66,-0.73,0,33.92,59847,1621614169.28555
414.17,-2.66,-0.73,0,33.78,59867,1621614169.30267
414.17,-2.66,-0.73,0,33.58,59887,1621614169.32238
414.17,-2.66,-0.73,0,33.33,59907,1621614169.35289
414.17,-2.66,-0.73,0,33.1,59927,1621614169.3667
414.17,-2.66,-0.73,0,32.83,59947,1621614169.38487
414.17,-2.66,-0.73,0,32.55,59967,1621614169.40445
414.17,-2.66,-0.73,0,32.25,59986,1621614169.42545
414.17,-2.66,-0.73,0,31.95,60007,1621614169.45468
414.17,-2.66,-0.73,0,31.62,60026,1621614169.46773
414.17,-2.66,-0.73,0,31.23,60047,1621614169.48625
414.17,-2.66,-0.73,0,30.82,60067,1621614169.50429
414.17,-2.66,-0.73,0,30.42,60087,1621614169.52328
414.17,-2.66,-0.73,0,30.07,60107,1621614169.54353
414.17,-2.66,-0.73,0,29.75,60127,1621614169.56984
414.17,-2.66,-0.73,0,29.47,60146,1621614169.58888
414.17,-2.66,-0.73,0,29.18,60167,1621614169.60562
414.17,-2.66,-0.73,0,28.87,60187,1621614169.62561
414.17,-2.66,-0.73,0,28.5,60207,1621614169.65088
414.17,-2.66,-0.73,0,28.18,60227,1621614169.66715
414.17,-2.66,-0.73,0,27.83,60247,1621614169.6835
414.17,-2.66,-0.73,0,27.48,60267,1621614169.70371
414.17,-2.66,-0.73,0,27.08,60286,1621614169.72393
414.17,-2.66,-0.73,0,26.68,60307,1621614169.74436
414.17,-2.66,-0.73,0,26.3,60326,1621614169.76526
414.17,-2.66,-0.73,0,25.9,60347,1621614169.78536
414.17,-2.66,-0.73,0,25.52,60367,1621614169.80606
414.17,-2.66,-0.73,0,25.17,60387,1621614169.82617
414.17,-2.66,-0.73,0,24.8,60406,1621614169.84289
414.17,-2.66,-0.73,0,24.45,60427,1621614169.86317
414.17,-2.66,-0.73,0,24.1,60447,1621614169.88393
414.17,-2.66,-0.73,0,23.77,60467,1621614169.90466
414.17,-2.66,-0.73,0,23.4,60487,1621614169.92534
414.17,-2.66,-0.73,0,23.02,60507,1621614169.9464
414.17,-2.66,-0.73,0,22.63,60527,1621614169.96597
414.17,-2.66,-0.73,0,22.23,60547,1621614169.98681
414.17,-2.66,-0.73,0,21.82,60567,1621614170.00735
414.17,-2.66,-0.73,0,21.38,60587,1621614170.02782
414.17,-2.66,-0.73,0,20.95,60607,1621614170.04453
414.17,-2.66,-0.73,0,20.53,60626,1621614170.06472
414.17,-2.66,-0.73,0,20.08,60647,1621614170.08494
414.17,-2.66,-0.73,0,19.57,60666,1621614170.10488
414.17,-2.66,-0.73,0,19,60687,1621614170.1263
414.17,-2.66,-0.73,0,18.47,60706,1621614170.14659
414.17,-2.66,-0.73,0,17.92,60727,1621614170.16689
414.17,-2.66,-0.73,0,17.37,60746,1621614170.18772
414.17,-2.66,-0.73,0,16.83,60767,1621614170.20726
414.17,-2.66,-0.73,0,16.32,60787,1621614170.22387
414.17,-2.66,-0.73,0,15.85,60807,1621614170.24417
414.17,-2.66,-0.73,0,15.42,60827,1621614170.26504
414.17,-2.66,-0.73,0,15.03,60847,1621614170.28574
414.17,-2.66,-0.73,0,14.67,60867,1621614170.30674
414.17,-2.66,-0.73,0,14.35,60887,1621614170.32692
414.17,-2.66,-0.73,0,14.05,60907,1621614170.34718
414.17,-2.66,-0.73,0,13.77,60926,1621614170.36776
414.17,-2.66,-0.73,0,13.5,60947,1621614170.39074
414.17,-2.66,-0.73,0,13.22,60966,1621614170.40462
414.17,-2.66,-0.73,0,12.92,60987,1621614170.42482
414.17,-2.66,-0.73,0,12.62,61006,1621614170.44527
414.17,-2.66,-0.73,0,12.3,61027,1621614170.46627
414.17,-2.66,-0.73,0,11.97,61047,1621614170.48669
414.17,-2.66,-0.73,0,11.62,61067,1621614170.50652
414.17,-2.66,-0.73,0,11.27,61087,1621614170.52706
414.17,-2.66,-0.73,0,10.9,61107,1621614170.5486
414.17,-2.66,-0.73,0,10.55,61126,1621614170.56825
414.17,-2.66,-0.73,0,10.17,61147,1621614170.58512
414.17,-2.66,-0.73,0,9.85,61166,1621614170.60521
414.17,-2.66,-0.73,0,9.55,61187,1621614170.62629
414.17,-2.66,-0.73,0,9.28,61207,1621614170.6463
414.17,-2.66,-0.73,0,9.03,61227,1621614170.6752
414.17,-2.66,-0.73,0,8.78,61247,1621614170.6895
414.17,-2.66,-0.73,0,8.55,61266,1621614170.70683
414.17,-2.66,-0.73,0,8.32,61287,1621614170.72718
414.17,-2.66,-0.73,0,8.1,61306,1621614170.74759
414.17,-2.66,-0.73,0,7.85,61327,1621614170.76518
414.17,-2.66,-0.73,0,7.58,61346,1621614170.78562
414.17,-2.66,-0.73,0,7.28,61367,1621614170.80634
414.17,-2.66,-0.73,0,6.95,61386,1621614170.82685
414.17,-2.66,-0.73,0,6.53,61407,1621614170.8471
414.17,-2.66,-0.73,0,6.08,61426,1621614170.86718
414.17,-2.66,-0.73,0,5.63,61447,1621614170.88859
414.17,-2.66,-0.73,0,5.23,61466,1621614170.90886
414.17,-2.66,-0.73,0,4.85,61487,1621614170.92884
414.17,-2.66,-0.73,0,4.5,61507,1621614170.94582
414.17,-2.66,-0.73,0,4.22,61527,1621614170.966
414.17,-2.66,-0.73,0,3.97,61547,1621614170.98629
414.17,-2.66,-0.73,0,3.77,61566,1621614171.00697
414.17,-2.66,-0.73,0,3.58,61587,1621614171.02717
414.17,-2.66,-0.73,0,3.43,61606,1621614171.04758
414.17,-2.66,-0.73,0,3.32,61627,1621614171.06807
414.17,-2.66,-0.73,0,3.2,61646,1621614171.0884
414.17,-2.66,-0.73,0,3.08,61667,1621614171.1098
414.17,-2.66,-0.73,0,2.95,61686,1621614171.12591
414.17,-2.66,-0.73,0,2.8,61707,1621614171.14597
414.17,-2.66,-0.73,0,2.65,61726,1621614171.16694
414.17,-2.66,-0.73,0,2.52,61747,1621614171.18741
414.17,-2.66,-0.73,0,2.37,61766,1621614171.20782
414.17,-2.66,-0.73,0,2.2,61787,1621614171.22813
414.17,-2.66,-0.73,0,2.03,61806,1621614171.24882
414.17,-2.66,-0.73,0,1.85,61827,1621614171.2685
414.17,-2.66,-0.73,0,1.68,61847,1621614171.28958
414.17,-2.66,-0.73,0,1.52,61867,1621614171.30994
414.17,-2.66,-0.73,0,1.37,61887,1621614171.32667
414.17,-2.66,-0.73,0,1.2,61906,1621614171.35781
414.17,-2.66,-0.73,0,1.03,61927,1621614171.36767
414.17,-2.66,-0.73,0,0.88,61946,1621614171.38724
414.17,-2.66,-0.73,0,0.73,61967,1621614171.40726
414.17,-2.66,-0.73,0,0.57,61986,1621614171.4275
414.17,-2.66,-0.73,0,0.42,62007,1621614171.44922
414.17,-2.66,-0.73,0,0.27,62026,1621614171.46909
414.17,-2.66,-0.73,0,0.13,62047,1621614171.48525
414.17,-2.66,-0.73,0,0.02,62066,1621614171.50572
414.17,-2.66,-0.73,0,-0.08,62087,1621614171.52702
414.17,-2.66,-0.73,0,-0.18,62106,1621614171.54743
414.17,-2.66,-0.73,0,-0.28,62127,1621614171.56735
414.17,-2.66,-0.73,0,-0.4,62146,1621614171.58782
414.17,-2.66,-0.73,0,-0.5,62167,1621614171.60811
414.17,-2.66,-0.73,0,-0.63,62187,1621614171.62957
414.17,-2.66,-0.73,0,-0.77,62206,1621614171.64992
414.17,-2.66,-0.73,0,-0.92,62227,1621614171.67016
414.17,-2.66,-0.73,0,-1.07,62246,1621614171.6862
414.17,-2.66,-0.73,0,-1.22,62267,1621614171.70704
414.17,-2.66,-0.73,0,-1.38,62286,1621614171.72737
414.17,-2.66,-0.73,0,-1.55,62307,1621614171.74801
414.17,-2.66,-0.73,0,-1.7,62326,1621614171.76789
414.17,-2.66,-0.73,0,-1.85,62347,1621614171.7892
414.17,-2.66,-0.73,0,-1.98,62366,1621614171.80982
414.17,-2.66,-0.73,0,-2.12,62387,1621614171.82973
414.17,-2.66,-0.73,0,-2.23,62407,1621614171.84648
414.17,-2.66,-0.73,0,-2.38,62427,1621614171.86705
414.17,-2.66,-0.73,0,-2.52,62446,1621614171.88638
414.17,-2.66,-0.73,0,-2.68,62467,1621614171.90693
414.17,-2.66,-0.73,0,-2.83,62487,1621614171.92848
414.17,-2.66,-0.73,0,-2.98,62507,1621614171.95422
414.17,-2.66,-0.73,0,-3.13,62527,1621614171.97167
414.17,-2.66,-0.73,0,-3.28,62546,1621614171.98986
414.17,-2.66,-0.73,0,-3.4,62567,1621614172.0087
414.17,-2.66,-0.73,0,-3.52,62586,1621614172.02548
414.17,-2.66,-0.73,0,-3.63,62607,1621614172.04585
414.17,-2.66,-0.73,0,-3.73,62626,1621614172.06767
414.17,-2.66,-0.73,0,-3.83,62647,1621614172.08815
414.17,-2.66,-0.73,0,-3.9,62666,1621614172.11015
414.17,-2.66,-0.73,0,-3.98,62687,1621614172.13404
414.17,-2.66,-0.73,0,-4.07,62706,1621614172.14874
414.17,-2.66,-0.73,0,-4.13,62727,1621614172.16881
414.17,-2.66,-0.73,0,-4.22,62747,1621614172.18927
414.17,-2.66,-0.73,0,-4.32,62767,1621614172.20802
414.17,-2.66,-0.73,0,-4.4,62786,1621614172.2316
414.17,-2.66,-0.73,0,-4.5,62807,1621614172.25604
414.17,-2.66,-0.73,0,-4.6,62826,1621614172.26742
414.17,-2.66,-0.73,0,-4.7,62846,1621614172.28966
414.17,-2.66,-0.73,0,-4.78,62867,1621614172.30892
414.17,-2.66,-0.73,0,-4.88,62886,1621614172.32926
414.17,-2.66,-0.73,0,-4.97,62907,1621614172.34981
414.17,-2.66,-0.73,0,-5.1,62926,1621614172.37064
414.17,-2.66,-0.73,0,-5.25,62947,1621614172.39094
414.17,-2.66,-0.73,0,-5.43,62966,1621614172.40936
414.17,-2.66,-0.73,0,-5.62,62987,1621614172.428
414.17,-2.66,-0.73,0,-5.78,63007,1621614172.44869
414.17,-2.66,-0.73,0,-5.95,63027,1621614172.46891
414.17,-2.66,-0.73,0,-6.1,63047,1621614172.48951
414.17,-2.66,-0.73,0,-6.22,63067,1621614172.51008
414.17,-2.66,-0.73,0,-6.33,63086,1621614172.53081
414.17,-2.66,-0.73,0,-6.45,63107,1621614172.55117
414.17,-2.66,-0.73,0,-6.57,63127,1621614172.57191
414.17,-2.66,-0.73,0,-6.7,63147,1621614172.58762
414.17,-2.66,-0.73,0,-6.85,63167,1621614172.60865
414.17,-2.66,-0.73,0,-7.03,63186,1621614172.62817
414.17,-2.66,-0.73,0,-7.22,63207,1621614172.64991
414.17,-2.66,-0.73,0,-7.42,63226,1621614172.66902
414.17,-2.66,-0.73,0,-7.6,63247,1621614172.6905
414.17,-2.66,-0.73,0,-7.78,63266,1621614172.71081
414.17,-2.66,-0.73,0,-7.93,63287,1621614172.73072
414.17,-2.66,-0.73,0,-8.05,63306,1621614172.75103
414.17,-2.66,-0.73,0,-8.13,63327,1621614172.76782
414.17,-2.66,-0.73,0,-8.2,63346,1621614172.78794
414.17,-2.66,-0.73,0,-8.28,63367,1621614172.81221
414.17,-2.66,-0.73,0,-8.35,63387,1621614172.83178
414.17,-2.66,-0.73,0,-8.42,63407,1621614172.85174
414.17,-2.66,-0.73,0,-8.48,63426,1621614172.87269
414.17,-2.66,-0.73,0,-8.53,63447,1621614172.89138
414.17,-2.66,-0.73,0,-8.62,63467,1621614172.91113
414.17,-2.66,-0.73,0,-8.68,63486,1621614172.93256
414.17,-2.66,-0.73,0,-8.77,63507,1621614172.94817
414.17,-2.66,-0.73,0,-8.85,63526,1621614172.96923
414.17,-2.66,-0.73,0,-8.92,63547,1621614172.99
414.17,-2.66,-0.73,0,-9.02,63566,1621614173.00961
414.17,-2.66,-0.73,0,-9.08,63587,1621614173.03083
414.17,-2.66,-0.73,0,-9.17,63606,1621614173.05115
414.17,-2.66,-0.73,0,-9.25,63627,1621614173.07162
414.17,-2.66,-0.73,0,-9.35,63646,1621614173.09209
414.17,-2.66,-0.73,0,-9.45,63667,1621614173.11234
414.17,-2.66,-0.73,0,-9.57,63686,1621614173.12837
414.17,-2.66,-0.73,0,-9.7,63707,1621614173.14934
414.17,-2.66,-0.73,0,-9.83,63726,1621614173.1698
414.17,-2.66,-0.73,0,-9.95,63747,1621614173.19156
414.17,-2.66,-0.73,0,-10.08,63767,1621614173.21148
414.17,-2.66,-0.73,0,-10.2,63787,1621614173.23095
414.17,-2.66,-0.73,0,-10.32,63807,1621614173.25085
414.17,-2.66,-0.73,0,-10.43,63826,1621614173.27105
414.17,-2.66,-0.73,0,-10.53,63847,1621614173.29158
414.17,-2.66,-0.73,0,-10.63,63866,1621614173.30848
414.17,-2.66,-0.73,0,-10.72,63887,1621614173.32863
414.17,-2.66,-0.73,0,-10.8,63906,1621614173.34875
414.17,-2.66,-0.73,0,-10.9,63927,1621614173.36993
414.17,-2.66,-0.73,0,-11,63947,1621614173.39285
414.17,-2.66,-0.73,0,-11.08,63967,1621614173.41151
414.17,-2.66,-0.73,0,-11.18,63987,1621614173.43209
414.17,-2.66,-0.73,0,-11.27,64007,1621614173.45212
414.17,-2.66,-0.73,0,-11.37,64027,1621614173.47239
414.17,-2.66,-0.73,0,-11.45,64047,1621614173.49257
414.17,-2.66,-0.73,0,-11.53,64067,1621614173.50959
414.17,-2.66,-0.73,0,-11.62,64087,1621614173.5298
414.17,-2.66,-0.73,0,-11.7,64107,1621614173.55015
414.17,-2.66,-0.73,0,-11.8,64126,1621614173.57093
414.17,-2.66,-0.73,0,-11.92,64147,1621614173.59105
414.17,-2.66,-0.73,0,-12.03,64166,1621614173.61194
414.17,-2.66,-0.73,0,-12.17,64187,1621614173.63125
414.17,-2.66,-0.73,0,-12.3,64207,1621614173.65205
414.17,-2.66,-0.73,0,-12.45,64227,1621614173.66806
414.17,-2.66,-0.73,0,-12.6,64246,1621614173.68887
414.17,-2.66,-0.73,0,-12.73,64267,1621614173.70911
414.17,-2.66,-0.73,0,-12.85,64287,1621614173.72924
414.17,-2.66,-0.73,0,-12.95,64307,1621614173.74998
414.17,-2.66,-0.73,0,-13.05,64327,1621614173.77064
414.17,-2.66,-0.73,0,-13.13,64347,1621614173.79125
414.17,-2.66,-0.73,0,-13.2,64366,1621614173.81129
414.17,-2.66,-0.73,0,-13.27,64387,1621614173.83762
414.17,-2.66,-0.73,0,-13.33,64407,1621614173.85523
414.17,-2.66,-0.73,0,-13.4,64427,1621614173.86901
414.17,-2.66,-0.73,0,-13.48,64447,1621614173.88977
414.17,-2.66,-0.73,0,-13.57,64466,1621614173.91897
414.17,-2.66,-0.73,0,-13.65,64487,1621614173.93358
414.17,-2.66,-0.73,0,-13.75,64506,1621614173.95138
414.17,-2.66,-0.73,0,-13.85,64527,1621614173.97096
414.17,-2.66,-0.73,0,-13.95,64547,1621614173.99217
414.17,-2.66,-0.73,0,-14.05,64567,1621614174.01231
414.17,-2.66,-0.73,0,-14.17,64587,1621614174.03264
414.17,-2.66,-0.73,0,-14.27,64607,1621614174.05915
414.17,-2.66,-0.73,0,-14.38,64627,1621614174.07129
414.17,-2.66,-0.73,0,-14.48,64647,1621614174.09355
414.17,-2.66,-0.73,0,-14.58,64667,1621614174.11404
414.17,-2.66,-0.73,0,-14.68,64687,1621614174.13293
414.17,-2.66,-0.73,0,-14.78,64707,1621614174.15272
414.17,-2.66,-0.73,0,-14.88,64727,1621614174.17238
414.17,-2.66,-0.73,0,-14.97,64747,1621614174.19803
414.17,-2.66,-0.73,0,-15.05,64766,1621614174.21377
414.17,-2.66,-0.73,0,-15.12,64787,1621614174.22988
414.17,-2.66,-0.73,0,-15.18,64806,1621614174.25028
414.17,-2.66,-0.73,0,-15.23,64827,1621614174.27153
414.17,-2.66,-0.73,0,-15.27,64846,1621614174.29231
414.17,-2.66,-0.73,0,-15.3,64867,1621614174.31726
414.17,-2.66,-0.73,0,-15.33,64886,1621614174.33459
414.17,-2.66,-0.73,0,-15.37,64907,1621614174.35214
414.17,-2.66,-0.73,0,-15.4,64927,1621614174.37216
414.17,-2.66,-0.73,0,-15.45,64947,1621614174.39263
414.17,-2.66,-0.73,0,-15.5,64967,1621614174.41322
414.17,-2.66,-0.73,0,-15.57,64987,1621614174.4299
414.17,-2.66,-0.73,0,-15.67,65007,1621614174.45135
414.17,-2.66,-0.73,0,-15.78,65027,1621614174.47179
414.17,-2.66,-0.73,0,-15.92,65047,1621614174.49353
414.17,-2.66,-0.73,0,-16.07,65067,1621614174.51414
414.17,-2.66,-0.73,0,-16.23,65087,1621614174.53469
414.17,-2.66,-0.73,0,-16.42,65106,1621614174.55873
414.17,-2.66,-0.73,0,-16.62,65127,1621614174.57524
414.17,-2.66,-0.73,0,-16.78,65146,1621614174.59024
414.17,-2.66,-0.73,0,-16.95,65167,1621614174.61055
414.17,-2.66,-0.73,0,-17.08,65186,1621614174.6308
414.17,-2.66,-0.73,0,-17.18,65207,1621614174.65215
414.17,-2.66,-0.73,0,-17.27,65227,1621614174.67259
414.17,-2.66,-0.73,0,-17.33,65247,1621614174.69327
414.17,-2.66,-0.73,0,-17.38,65266,1621614174.7132
414.17,-2.66,-0.73,0,-17.43,65287,1621614174.73381
414.17,-2.66,-0.73,0,-17.45,65307,1621614174.75399
414.17,-2.66,-0.73,0,-17.48,65327,1621614174.77506
414.17,-2.66,-0.73,0,-17.52,65347,1621614174.79161
414.17,-2.66,-0.73,0,-17.55,65367,1621614174.82312
414.17,-2.66,-0.73,0,-17.58,65387,1621614174.83363
414.17,-2.66,-0.73,0,-17.62,65408,1621614174.85218
414.17,-2.66,-0.73,0,-17.67,65427,1621614174.87264
414.17,-2.66,-0.73,0,-17.73,65446,1621614174.89324
414.17,-2.66,-0.73,0,-17.82,65467,1621614174.91497
414.17,-2.66,-0.73,0,-17.92,65486,1621614174.93475
414.17,-2.66,-0.73,0,-18.03,65507,1621614174.95492
414.17,-2.66,-0.73,0,-18.15,65527,1621614174.97127
414.17,-2.66,-0.73,0,-18.25,65547,1621614174.99148
414.17,-2.66,-0.73,0,-18.38,65566,1621614175.01175
414.17,-2.66,-0.73,0,-18.52,65587,1621614175.03377
414.17,-2.66,-0.73,0,-18.65,65607,1621614175.05289
414.17,-2.66,-0.73,0,-18.78,65627,1621614175.07455
414.17,-2.66,-0.73,0,-18.92,65647,1621614175.09483
414.17,-2.66,-0.73,0,-19.02,65667,1621614175.11612
414.17,-2.66,-0.73,0,-19.12,65687,1621614175.13105
414.17,-2.66,-0.73,0,-19.22,65707,1621614175.1514
414.17,-2.66,-0.73,0,-19.32,65727,1621614175.17272
414.17,-2.66,-0.73,0,-19.43,65747,1621614175.19367
414.17,-2.66,-0.73,0,-19.55,65767,1621614175.21565
414.17,-2.66,-0.73,0,-19.67,65786,1621614175.23495
414.17,-2.66,-0.73,0,-19.78,65807,1621614175.25542
414.17,-2.66,-0.73,0,-19.9,65827,1621614175.27574
414.17,-2.66,-0.73,0,-20.03,65847,1621614175.29587
414.17,-2.66,-0.73,0,-20.15,65867,1621614175.31778
414.17,-2.66,-0.73,0,-20.23,65887,1621614175.33281
414.17,-2.66,-0.73,0,-20.3,65907,1621614175.35278
414.17,-2.66,-0.73,0,-20.35,65927,1621614175.37249
414.17,-2.66,-0.73,0,-20.4,65946,1621614175.39421
414.17,-2.66,-0.73,0,-20.43,65967,1621614175.41436
414.17,-2.66,-0.73,0,-20.47,65987,1621614175.43462
414.17,-2.66,-0.73,0,-20.52,66007,1621614175.4547
414.17,-2.66,-0.73,0,-20.57,66027,1621614175.47527
414.17,-2.66,-0.73,0,-20.62,66046,1621614175.49539
414.17,-2.66,-0.73,0,-20.68,66067,1621614175.51267
414.17,-2.66,-0.73,0,-20.77,66086,1621614175.53284
414.17,-2.66,-0.73,0,-20.87,66107,1621614175.55432
414.17,-2.66,-0.73,0,-20.97,66127,1621614175.5779
414.17,-2.66,-0.73,0,-21.08,66147,1621614175.59389
414.17,-2.66,-0.73,0,-21.22,66167,1621614175.6137
414.17,-2.66,-0.73,0,-21.32,66187,1621614175.634
414.17,-2.66,-0.73,0,-21.43,66207,1621614175.65437
414.17,-2.66,-0.73,0,-21.53,66227,1621614175.67477
414.17,-2.66,-0.73,0,-21.63,66247,1621614175.69176
414.17,-2.66,-0.73,0,-21.72,66267,1621614175.71186
414.17,-2.66,-0.73,0,-21.8,66287,1621614175.73372
414.17,-2.66,-0.73,0,-21.87,66307,1621614175.75421
414.17,-2.66,-0.73,0,-21.93,66327,1621614175.7746
414.17,-2.66,-0.73,0,-22,66347,1621614175.79537
414.17,-2.66,-0.73,0,-22.08,66367,1621614175.8157
414.17,-2.66,-0.73,0,-22.17,66386,1621614175.83596
414.17,-2.66,-0.73,0,-22.25,66407,1621614175.85612
414.17,-2.66,-0.73,0,-22.35,66426,1621614175.87309
414.17,-2.66,-0.73,0,-22.45,66447,1621614175.89374
414.17,-2.66,-0.73,0,-22.55,66466,1621614175.91422
414.17,-2.66,-0.73,0,-22.65,66487,1621614175.93487
414.17,-2.66,-0.73,0,-22.75,66507,1621614175.95452
414.17,-2.66,-0.73,0,-22.83,66527,1621614175.97501
414.17,-2.66,-0.73,0,-22.93,66546,1621614175.99564
414.17,-2.66,-0.73,0,-23.03,66567,1621614176.01647
414.17,-2.66,-0.73,0,-23.13,66587,1621614176.03625
414.17,-2.66,-0.73,0,-23.23,66607,1621614176.05314
414.17,-2.66,-0.73,0,-23.35,66627,1621614176.07395
414.17,-2.66,-0.73,0,-23.45,66647,1621614176.1032
414.17,-2.66,-0.73,0,-23.57,66667,1621614176.11352
414.17,-2.66,-0.73,0,-23.67,66686,1621614176.13554
414.17,-2.66,-0.73,0,-23.77,66707,1621614176.15513
414.17,-2.66,-0.73,0,-23.87,66726,1621614176.1753
414.17,-2.66,-0.73,0,-23.98,66747,1621614176.19645
414.17,-2.66,-0.73,0,-24.1,66767,1621614176.21725
414.17,-2.66,-0.73,0,-24.22,66787,1621614176.23264
414.17,-2.66,-0.73,0,-24.33,66806,1621614176.254
414.17,-2.66,-0.73,0,-24.45,66827,1621614176.27387
414.17,-2.66,-0.73,0,-24.58,66846,1621614176.29676
414.17,-2.66,-0.73,0,-24.7,66867,1621614176.31587
414.17,-2.66,-0.73,0,-24.8,66886,1621614176.33532
414.17,-2.66,-0.73,0,-24.9,66907,1621614176.35485
414.17,-2.66,-0.73,0,-25,66927,1621614176.37583
414.17,-2.66,-0.73,0,-25.08,66947,1621614176.39588
414.17,-2.66,-0.73,0,-25.17,66967,1621614176.41281
414.17,-2.66,-0.73,0,-25.25,66987,1621614176.43368
414.17,-2.66,-0.73,0,-25.35,67007,1621614176.45432
414.17,-2.66,-0.73,0,-25.43,67026,1621614176.48266
414.17,-2.66,-0.73,0,-25.53,67047,1621614176.49742
414.17,-2.66,-0.73,0,-25.62,67067,1621614176.51468
414.17,-2.66,-0.73,0,-25.7,67087,1621614176.53533
414.17,-2.66,-0.73,0,-25.77,67106,1621614176.55573
414.17,-2.66,-0.73,0,-25.83,67127,1621614176.57612
414.17,-2.66,-0.73,0,-25.9,67147,1621614176.59326
414.17,-2.66,-0.73,0,-25.97,67167,1621614176.61418
414.17,-2.66,-0.73,0,-26.02,67187,1621614176.63435
414.17,-2.66,-0.73,0,-26.08,67207,1621614176.65516
414.17,-2.66,-0.73,0,-26.13,67227,1621614176.67552
414.17,-2.66,-0.73,0,-26.2,67247,1621614176.69643
414.17,-2.66,-0.73,0,-26.27,67267,1621614176.72047
414.17,-2.66,-0.73,0,-26.33,67287,1621614176.73669
414.17,-2.66,-0.73,0,-26.43,67307,1621614176.75663
414.17,-2.66,-0.73,0,-26.52,67326,1621614176.77689
414.17,-2.66,-0.73,0,-26.62,67347,1621614176.794
414.17,-2.66,-0.73,0,-26.7,67366,1621614176.815
414.17,-2.66,-0.73,0,-26.78,67387,1621614176.84441
414.17,-2.66,-0.73,0,-26.87,67406,1621614176.85622
414.17,-2.66,-0.73,0,-26.93,67427,1621614176.87535
414.17,-2.66,-0.73,0,-27,67447,1621614176.8956
414.17,-2.66,-0.73,0,-27.07,67467,1621614176.91718
414.17,-2.66,-0.73,0,-27.13,67486,1621614176.93689
414.17,-2.66,-0.73,0,-27.18,67507,1621614176.95715
414.17,-2.66,-0.73,0,-27.25,67527,1621614176.97414
414.17,-2.66,-0.73,0,-27.32,67547,1621614176.99676
414.17,-2.66,-0.73,0,-27.4,67567,1621614177.01578
414.17,-2.66,-0.73,0,-27.48,67587,1621614177.03604
414.17,-2.66,-0.73,0,-27.58,67607,1621614177.06187
414.17,-2.66,-0.73,0,-27.68,67627,1621614177.08088
414.17,-2.66,-0.73,0,-27.8,67647,1621614177.09758
414.17,-2.66,-0.73,0,-27.9,67666,1621614177.11714
414.17,-2.66,-0.73,0,-28.02,67687,1621614177.134
414.17,-2.66,-0.73,0,-28.15,67707,1621614177.15443
414.17,-2.66,-0.73,0,-28.27,67727,1621614177.18257
414.17,-2.66,-0.73,0,-28.38,67747,1621614177.1961
414.17,-2.66,-0.73,0,-28.48,67767,1621614177.21476
414.17,-2.66,-0.73,0,-28.57,67787,1621614177.24083
414.17,-2.66,-0.73,0,-28.65,67807,1621614177.25955
414.17,-2.66,-0.73,0,-28.72,67827,1621614177.27793
414.17,-2.66,-0.73,0,-28.78,67847,1621614177.29782
414.17,-2.66,-0.73,0,-28.85,67866,1621614177.31445
414.17,-2.66,-0.73,0,-28.92,67887,1621614177.3344
414.17,-2.66,-0.73,0,-28.95,67907,1621614177.35502
414.17,-2.66,-0.73,0,-29,67927,1621614177.37555
414.17,-2.66,-0.73,0,-29.03,67947,1621614177.39612
414.17,-2.66,-0.73,0,-29.07,67966,1621614177.41664
414.17,-2.66,-0.73,0,-29.12,67987,1621614177.43679
414.17,-2.66,-0.73,0,-29.15,68007,1621614177.45744
414.17,-2.66,-0.73,0,-29.18,68027,1621614177.48196
414.17,-2.66,-0.73,0,-29.23,68047,1621614177.49856
414.17,-2.66,-0.73,0,-29.25,68067,1621614177.5146
414.17,-2.66,-0.73,0,-29.3,68087,1621614177.53557
414.17,-2.66,-0.73,0,-29.33,68107,1621614177.55595
414.17,-2.66,-0.73,0,-29.37,68127,1621614177.57596
414.17,-2.66,-0.73,0,-29.42,68147,1621614177.59637
414.17,-2.66,-0.73,0,-29.47,68167,1621614177.61688
414.17,-2.66,-0.73,0,-29.52,68187,1621614177.63786
414.17,-2.66,-0.73,0,-29.57,68206,1621614177.65829
414.17,-2.66,-0.73,0,-29.63,68228,1621614177.68326
414.17,-2.66,-0.73,0,-29.7,68247,1621614177.69668
414.17,-2.66,-0.73,0,-29.75,68267,1621614177.71602
414.17,-2.66,-0.73,0,-29.82,68287,1621614177.73595
414.17,-2.66,-0.73,0,-29.88,68306,1621614177.7562
414.17,-2.66,-0.73,0,-29.93,68327,1621614177.77647
414.17,-2.66,-0.73,0,-30,68346,1621614177.79687
414.17,-2.66,-0.73,0,-30.05,68367,1621614177.81828
414.17,-2.66,-0.73,0,-30.12,68387,1621614177.83831
414.17,-2.66,-0.73,0,-30.17,68407,1621614177.85848
414.17,-2.66,-0.73,0,-30.22,68427,1621614177.87873
414.17,-2.66,-0.73,0,-30.27,68447,1621614177.89556
414.17,-2.66,-0.73,0,-30.32,68466,1621614177.9258
414.17,-2.66,-0.73,0,-30.38,68487,1621614177.93728
414.17,-2.66,-0.73,0,-30.43,68507,1621614177.95762
414.17,-2.66,-0.73,0,-30.47,68527,1621614177.97793
414.17,-2.66,-0.73,0,-30.52,68547,1621614177.99868
414.17,-2.66,-0.73,0,-30.55,68567,1621614178.02675
414.17,-2.66,-0.73,0,-30.58,68587,1621614178.04119
414.17,-2.66,-0.73,0,-30.62,68608,1621614178.06002
414.17,-2.66,-0.73,0,-30.67,68627,1621614178.07586
414.17,-2.66,-0.73,0,-30.7,68647,1621614178.09605
414.17,-2.66,-0.73,0,-30.75,68667,1621614178.11752
414.17,-2.66,-0.73,0,-30.8,68686,1621614178.13701
414.17,-2.66,-0.73,0,-30.85,68707,1621614178.1581
414.17,-2.66,-0.73,0,-30.88,68727,1621614178.17842
414.17,-2.66,-0.73,0,-30.93,68747,1621614178.1989
414.17,-2.66,-0.73,0,-30.98,68766,1621614178.21935
414.17,-2.66,-0.73,0,-31.02,68787,1621614178.23963
414.17,-2.66,-0.73,0,-31.07,68806,1621614178.25654
414.17,-2.66,-0.73,0,-31.1,68827,1621614178.27688
414.17,-2.66,-0.73,0,-31.15,68847,1621614178.29732
414.17,-2.66,-0.73,0,-31.18,68867,1621614178.31797
414.17,-2.66,-0.73,0,-31.22,68887,1621614178.33818
414.17,-2.66,-0.73,0,-31.25,68907,1621614178.35838
414.17,-2.66,-0.73,0,-31.3,68927,1621614178.37889
414.17,-2.66,-0.73,0,-31.33,68946,1621614178.39893
414.17,-2.66,-0.73,0,-31.37,68967,1621614178.41976
414.17,-2.66,-0.73,0,-31.4,68986,1621614178.43778
414.17,-2.66,-0.73,0,-31.43,69007,1621614178.45955
414.17,-2.66,-0.73,0,-31.48,69026,1621614178.48097
414.17,-2.66,-0.73,0,-31.52,69047,1621614178.49857
414.17,-2.66,-0.73,0,-31.53,69067,1621614178.51909
414.17,-2.66,-0.73,0,-31.57,69087,1621614178.53865
414.17,-2.66,-0.73,0,-31.6,69106,1621614178.55914
414.17,-2.66,-0.73,0,-31.62,69127,1621614178.57945
414.17,-2.66,-0.73,0,-31.63,69147,1621614178.59529
414.17,-2.66,-0.73,0,-31.65,69167,1621614178.61817
414.17,-2.66,-0.73,0,-31.68,69187,1621614178.63732
414.17,-2.66,-0.73,0,-31.7,69207,1621614178.65808
414.17,-2.66,-0.73,0,-31.73,69226,1621614178.67839
414.17,-2.66,-0.73,0,-31.75,69246,1621614178.69881
414.17,-2.66,-0.73,0,-31.78,69266,1621614178.71983
414.17,-2.66,-0.73,0,-31.82,69287,1621614178.73955
414.17,-2.66,-0.73,0,-31.87,69307,1621614178.76001
414.17,-2.66,-0.73,0,-31.9,69326,1621614178.78001
414.17,-2.66,-0.73,0,-31.93,69347,1621614178.79689
414.17,-2.66,-0.73,0,-31.97,69367,1621614178.81863
414.17,-2.66,-0.73,0,-32.02,69387,1621614178.83769
414.17,-2.66,-0.73,0,-32.05,69407,1621614178.8591
414.17,-2.66,-0.73,0,-32.08,69427,1621614178.87842
414.17,-2.66,-0.73,0,-32.12,69447,1621614178.89983
414.17,-2.66,-0.73,0,-32.13,69467,1621614178.91978
414.17,-2.66,-0.73,0,-32.17,69487,1621614178.94393
414.17,-2.66,-0.73,0,-32.2,69507,1621614178.95678
414.17,-2.66,-0.73,0,-32.23,69527,1621614178.97892
414.17,-2.66,-0.73,0,-32.27,69547,1621614178.9989
414.17,-2.66,-0.73,0,-32.28,69567,1621614179.01946
414.17,-2.66,-0.73,0,-32.32,69586,1621614179.03951
414.17,-2.66,-0.73,0,-32.33,69607,1621614179.05969
414.17,-2.66,-0.73,0,-32.37,69627,1621614179.07945
414.17,-2.66,-0.73,0,-32.38,69647,1621614179.09966
414.17,-2.66,-0.73,0,-32.42,69667,1621614179.12072
414.17,-2.66,-0.73,0,-32.45,69687,1621614179.13641
414.17,-2.66,-0.73,0,-32.48,69707,1621614179.1615
414.17,-2.66,-0.73,0,-32.53,69727,1621614179.18285
414.17,-2.66,-0.73,0,-32.57,69747,1621614179.20002
414.17,-2.66,-0.73,0,-32.6,69767,1621614179.22048
414.17,-2.66,-0.73,0,-32.65,69786,1621614179.23957
414.17,-2.66,-0.73,0,-32.68,69807,1621614179.25897
414.17,-2.66,-0.73,0,-32.73,69827,1621614179.28029
414.17,-2.66,-0.73,0,-32.78,69847,1621614179.3007
414.17,-2.66,-0.73,0,-32.83,69867,1621614179.32076
414.17,-2.66,-0.73,0,-32.88,69886,1621614179.34692
414.17,-2.66,-0.73,0,-32.95,69907,1621614179.35861
414.17,-2.66,-0.73,0,-33,69926,1621614179.37873
414.17,-2.66,-0.73,0,-33.07,69947,1621614179.39818
414.17,-2.66,-0.73,0,-33.13,69967,1621614179.4192
414.17,-2.66,-0.73,0,-33.2,69987,1621614179.43903
414.17,-2.66,-0.73,0,-33.27,70007,1621614179.46042
414.17,-2.66,-0.73,0,-33.33,70027,1621614179.481
414.17,-2.66,-0.73,0,-33.4,70047,1621614179.5092
414.17,-2.66,-0.73,0,-33.45,70067,1621614179.51939
414.17,-2.66,-0.73,0,-33.5,70087,1621614179.53787
414.17,-2.66,-0.73,0,-33.53,70107,1621614179.55819
414.17,-2.66,-0.73,0,-33.58,70127,1621614179.57955
414.17,-2.66,-0.73,0,-33.62,70147,1621614179.59917
414.17,-2.66,-0.73,0,-33.65,70167,1621614179.62055
414.17,-2.66,-0.73,0,-33.68,70187,1621614179.64067
414.17,-2.66,-0.73,0,-33.72,70207,1621614179.66093
414.17,-2.66,-0.73,0,-33.75,70226,1621614179.6808
414.17,-2.66,-0.73,0,-33.78,70247,1621614179.6978
414.17,-2.66,-0.73,0,-33.82,70266,1621614179.71796
414.17,-2.66,-0.73,0,-33.83,70287,1621614179.73784
414.17,-2.66,-0.73,0,-33.87,70307,1621614179.75838
414.17,-2.66,-0.73,0,-33.88,70327,1621614179.7789
414.17,-2.66,-0.73,0,-33.92,70346,1621614179.79948
414.17,-2.66,-0.73,0,-33.95,70367,1621614179.81997
414.17,-2.66,-0.73,0,-33.97,70387,1621614179.85096
414.17,-2.66,-0.73,0,-34,70407,1621614179.85931
414.17,-2.66,-0.73,0,-34.03,70427,1621614179.87769
414.17,-2.66,-0.73,0,-34.05,70447,1621614179.89901
414.17,-2.66,-0.73,0,-34.08,70467,1621614179.91849
414.17,-2.66,-0.73,0,-34.12,70487,1621614179.9395
414.17,-2.66,-0.73,0,-34.15,70507,1621614179.95988
414.17,-2.66,-0.73,0,-34.18,70526,1621614179.98865
414.17,-2.66,-0.73,0,-34.22,70547,1621614180.00306
414.17,-2.66,-0.73,0,-34.23,70566,1621614180.02124
414.17,-2.66,-0.73,0,-34.27,70587,1621614180.04156
414.17,-2.66,-0.73,0,-34.28,70607,1621614180.06191
414.17,-2.66,-0.73,0,-34.32,70627,1621614180.07884
414.17,-2.66,-0.73,0,-34.33,70647,1621614180.09975
414.17,-2.66,-0.73,0,-34.37,70667,1621614180.1204
414.17,-2.66,-0.73,0,-34.38,70686,1621614180.14059
414.17,-2.66,-0.73,0,-34.42,70707,1621614180.16087
414.17,-2.66,-0.73,0,-34.45,70727,1621614180.1813
414.17,-2.66,-0.73,0,-34.47,70747,1621614180.20252
414.17,-2.66,-0.73,0,-34.5,70767,1621614180.22156
414.17,-2.66,-0.73,0,-34.53,70787,1621614180.23854
414.17,-2.66,-0.73,0,-34.57,70807,1621614180.25894
414.17,-2.66,-0.73,0,-34.6,70827,1621614180.27957
414.17,-2.66,-0.73,0,-34.62,70847,1621614180.30356
414.17,-2.66,-0.73,0,-34.63,70866,1621614180.32164
414.17,-2.66,-0.73,0,-34.67,70887,1621614180.3411
414.17,-2.66,-0.73,0,-34.7,70907,1621614180.36122
414.17,-2.66,-0.73,0,-34.73,70927,1621614180.38174
414.17,-2.66,-0.73,0,-34.77,70947,1621614180.40263
414.17,-2.66,-0.73,0,-34.8,70967,1621614180.42915
414.17,-2.66,-0.73,0,-34.85,70987,1621614180.43981
414.17,-2.66,-0.73,0,-34.9,71007,1621614180.45932
414.17,-2.66,-0.73,0,-34.95,71027,1621614180.47955
414.17,-2.66,-0.73,0,-35.02,71047,1621614180.50035
414.17,-2.66,-0.73,0,-35.1,71067,1621614180.52068
414.17,-2.66,-0.73,0,-35.17,71087,1621614180.54114
414.17,-2.66,-0.73,0,-35.23,71107,1621614180.56155
414.17,-2.66,-0.73,0,-35.28,71127,1621614180.5831
414.17,-2.66,-0.73,0,-35.32,71147,1621614180.5996
414.17,-2.66,-0.73,0,-35.35,71166,1621614180.61956
414.17,-2.66,-0.73,0,-35.37,71187,1621614180.64068
414.17,-2.66,-0.73,0,-35.38,71206,1621614180.66092
414.17,-2.66,-0.73,0,-35.42,71227,1621614180.68134
414.17,-2.66,-0.73,0,-35.43,71246,1621614180.70221
414.17,-2.66,-0.73,0,-35.47,71267,1621614180.72167
414.17,-2.66,-0.73,0,-35.48,71287,1621614180.7422
414.17,-2.66,-0.73,0,-35.52,71307,1621614180.76324
414.17,-2.66,-0.73,0,-35.53,71327,1621614180.77902
414.17,-2.66,-0.73,0,-35.57,71347,1621614180.80048
414.17,-2.66,-0.73,0,-35.58,71366,1621614180.82083
414.17,-2.66,-0.73,0,-35.6,71387,1621614180.84087
414.17,-2.66,-0.73,0,-35.62,71407,1621614180.86081
414.17,-2.66,-0.73,0,-35.63,71427,1621614180.88195
414.17,-2.66,-0.73,0,-35.65,71447,1621614180.90234
414.17,-2.66,-0.73,0,-35.67,71467,1621614180.9241
414.17,-2.66,-0.73,0,-35.7,71487,1621614180.94276
414.17,-2.66,-0.73,0,-35.72,71506,1621614180.95965
414.17,-2.66,-0.73,0,-35.73,71527,1621614180.97995
414.17,-2.66,-0.73,0,-35.75,71547,1621614181.00054
414.17,-2.66,-0.73,0,-35.77,71567,1621614181.02216
414.17,-2.66,-0.73,0,-35.78,71586,1621614181.04094
414.17,-2.66,-0.73,0,-35.8,71607,1621614181.06257
414.17,-2.66,-0.73,0,-35.82,71627,1621614181.08198
414.17,-2.66,-0.73,0,-35.85,71647,1621614181.10339
414.17,-2.66,-0.73,0,-35.87,71667,1621614181.12408
414.17,-2.66,-0.73,0,-35.9,71687,1621614181.14474
414.17,-2.66,-0.73,0,-35.92,71706,1621614181.15987
414.17,-2.66,-0.73,0,-35.95,71727,1621614181.18021
414.17,-2.66,-0.73,0,-35.97,71747,1621614181.20155
414.17,-2.66,-0.73,0,-35.98,71767,1621614181.2221
414.17,-2.66,-0.73,0,-36.02,71787,1621614181.24166
414.17,-2.66,-0.73,0,-36.03,71806,1621614181.2631
414.17,-2.66,-0.73,0,-36.07,71827,1621614181.28428
414.17,-2.66,-0.73,0,-36.08,71847,1621614181.30429
414.17,-2.66,-0.73,0,-36.12,71867,1621614181.3243
414.17,-2.66,-0.73,0,-36.15,71887,1621614181.34477
414.17,-2.66,-0.73,0,-36.18,71907,1621614181.36181
414.17,-2.66,-0.73,0,-36.22,71927,1621614181.38213
414.17,-2.66,-0.73,0,-36.25,71947,1621614181.40249
414.17,-2.66,-0.73,0,-36.3,71967,1621614181.42271
414.17,-2.66,-0.73,0,-36.33,71987,1621614181.44319
414.17,-2.66,-0.73,0,-36.38,72007,1621614181.46386
414.17,-2.66,-0.73,0,-36.42,72028,1621614181.48367
414.17,-2.66,-0.73,0,-36.47,72047,1621614181.50439
414.17,-2.66,-0.73,0,-36.52,72067,1621614181.52129
414.17,-2.66,-0.73,0,-36.57,72087,1621614181.54111
414.17,-2.66,-0.73,0,-36.62,72108,1621614181.56145
414.17,-2.66,-0.73,0,-36.68,72127,1621614181.58258
414.17,-2.66,-0.73,0,-36.73,72146,1621614181.60254
414.17,-2.66,-0.73,0,-36.8,72167,1621614181.62314
414.17,-2.66,-0.73,0,-36.87,72186,1621614181.64324
414.17,-2.66,-0.73,0,-36.92,72207,1621614181.6647
414.17,-2.66,-0.73,0,-36.97,72227,1621614181.68509
414.17,-2.66,-0.73,0,-37.02,72247,1621614181.70177
414.17,-2.66,-0.73,0,-37.05,72266,1621614181.72083
414.17,-2.66,-0.73,0,-37.1,72287,1621614181.74262
414.17,-2.66,-0.73,0,-37.13,72307,1621614181.76198
414.17,-2.66,-0.73,0,-37.18,72327,1621614181.78332
414.17,-2.66,-0.73,0,-37.22,72347,1621614181.80418
414.17,-2.66,-0.73,0,-37.23,72367,1621614181.82434
414.17,-2.66,-0.73,0,-37.27,72387,1621614181.84435
414.17,-2.66,-0.73,0,-37.28,72407,1621614181.86554
414.17,-2.66,-0.73,0,-37.3,72427,1621614181.88121
414.17,-2.66,-0.73,0,-37.32,72446,1621614181.90183
414.17,-2.66,-0.73,0,-37.33,72467,1621614181.92167
414.17,-2.66,-0.73,0,-37.35,72487,1621614181.94203
414.17,-2.66,-0.73,0,-37.37,72507,1621614181.96363
414.17,-2.66,-0.73,0,-37.38,72526,1621614181.98389
414.17,-2.66,-0.73,0,-37.4,72547,1621614182.0042
414.17,-2.66,-0.73,0,-37.42,72567,1621614182.02517
414.17,-2.66,-0.73,0,-37.43,72587,1621614182.04565
414.17,-2.66,-0.73,0,-37.43,72607,1621614182.06571
414.17,-2.66,-0.73,0,-37.45,72627,1621614182.08218
414.17,-2.66,-0.73,0,-37.47,72647,1621614182.10263
414.17,-2.66,-0.73,0,-37.48,72668,1621614182.12338
414.17,-2.66,-0.73,0,-37.5,72687,1621614182.14402
414.17,-2.66,-0.73,0,-37.5,72707,1621614182.16326
414.17,-2.66,-0.73,0,-37.52,72726,1621614182.18382
414.17,-2.66,-0.73,0,-37.52,72747,1621614182.20534
414.17,-2.66,-0.73,0,-37.53,72767,1621614182.22565
414.17,-2.66,-0.73,0,-37.53,72786,1621614182.24594
414.17,-2.66,-0.73,0,-37.55,72807,1621614182.26274
414.17,-2.66,-0.73,0,-37.57,72826,1621614182.28319
414.17,-2.66,-0.73,0,-37.58,72847,1621614182.30408
414.17,-2.66,-0.73,0,-37.6,72866,1621614182.32302
414.17,-2.66,-0.73,0,-37.62,72887,1621614182.34455
414.17,-2.66,-0.73,0,-37.63,72906,1621614182.36507
414.17,-2.66,-0.73,0,-37.65,72927,1621614182.38527
414.17,-2.66,-0.73,0,-37.67,72947,1621614182.40598
414.17,-2.66,-0.73,0,-37.68,72967,1621614182.42599
414.17,-2.66,-0.73,0,-37.7,72986,1621614182.44296
414.17,-2.66,-0.73,0,-37.72,73007,1621614182.46359
414.17,-2.66,-0.73,0,-37.73,73027,1621614182.48385
414.17,-2.66,-0.73,0,-37.77,73047,1621614182.50383
414.17,-2.66,-0.73,0,-37.78,73067,1621614182.52381
414.17,-2.66,-0.73,0,-37.8,73086,1621614182.54449
414.17,-2.66,-0.73,0,-37.82,73107,1621614182.56498
414.17,-2.66,-0.73,0,-37.85,73126,1621614182.58525
414.17,-2.66,-0.73,0,-37.87,73147,1621614182.60682
414.17,-2.66,-0.73,0,-37.88,73167,1621614182.62273
414.17,-2.66,-0.73,0,-37.92,73187,1621614182.64258
414.17,-2.66,-0.73,0,-37.93,73206,1621614182.66376
414.17,-2.66,-0.73,0,-37.97,73227,1621614182.68406
414.17,-2.66,-0.73,0,-38,73247,1621614182.70446
414.17,-2.66,-0.73,0,-38.03,73267,1621614182.72528
414.17,-2.66,-0.73,0,-38.07,73287,1621614182.74517
414.17,-2.66,-0.73,0,-38.12,73307,1621614182.76981
414.17,-2.66,-0.73,0,-38.17,73327,1621614182.78551
414.17,-2.66,-0.73,0,-38.2,73347,1621614182.80245
414.17,-2.66,-0.73,0,-38.23,73367,1621614182.82268
414.17,-2.66,-0.73,0,-38.27,73387,1621614182.85173
414.17,-2.66,-0.73,0,-38.3,73407,1621614182.86531
414.17,-2.66,-0.73,0,-38.33,73427,1621614182.88408
414.17,-2.66,-0.73,0,-38.37,73447,1621614182.90472
414.17,-2.66,-0.73,0,-38.4,73466,1621614182.92503
414.17,-2.66,-0.73,0,-38.43,73487,1621614182.94621
414.17,-2.66,-0.73,0,-38.45,73506,1621614182.96179
414.17,-2.66,-0.73,0,-38.48,73527,1621614182.98202
414.17,-2.66,-0.73,0,-38.52,73547,1621614183.00272
414.17,-2.66,-0.73,0,-38.55,73567,1621614183.02303
414.17,-2.66,-0.73,0,-38.58,73587,1621614183.04426
414.17,-2.66,-0.73,0,-38.62,73607,1621614183.0654
414.17,-2.66,-0.73,0,-38.65,73627,1621614183.08557
414.17,-2.66,-0.73,0,-38.68,73647,1621614183.10591
414.17,-2.66,-0.73,0,-38.7,73667,1621614183.12636
414.17,-2.66,-0.73,0,-38.72,73687,1621614183.1467
414.17,-2.66,-0.73,0,-38.73,73707,1621614183.16395
414.17,-2.66,-0.73,0,-38.75,73726,1621614183.18398
414.17,-2.66,-0.73,0,-38.78,73747,1621614183.20442
414.17,-2.66,-0.73,0,-38.8,73766,1621614183.22495
414.17,-2.66,-0.73,0,-38.82,73787,1621614183.24556
414.17,-2.66,-0.73,0,-38.83,73806,1621614183.26611
414.17,-2.66,-0.73,0,-38.85,73827,1621614183.2862
414.17,-2.66,-0.73,0,-38.88,73847,1621614183.3064
414.17,-2.66,-0.73,0,-38.92,73867,1621614183.32335
414.17,-2.66,-0.73,0,-38.95,73887,1621614183.34354
414.17,-2.66,-0.73,0,-38.98,73907,1621614183.36412
414.17,-2.66,-0.73,0,-39,73927,1621614183.38431
414.17,-2.66,-0.73,0,-39.03,73947,1621614183.40535
414.17,-2.66,-0.73,0,-39.05,73967,1621614183.42538
414.17,-2.66,-0.73,0,-39.08,73988,1621614183.44577
414.17,-2.66,-0.73,0,-39.12,74007,1621614183.466
414.17,-2.66,-0.73,0,-39.15,74027,1621614183.48624
414.17,-2.66,-0.73,0,-39.2,74047,1621614183.50338
414.17,-2.66,-0.73,0,-39.23,74066,1621614183.52371
414.17,-2.66,-0.73,0,-39.28,74087,1621614183.54436
414.17,-2.66,-0.73,0,-39.33,74106,1621614183.56469
414.17,-2.66,-0.73,0,-39.4,74127,1621614183.58497
414.17,-2.66,-0.73,0,-39.45,74146,1621614183.60528
414.17,-2.66,-0.73,0,-39.5,74167,1621614183.63107
414.17,-2.66,-0.73,0,-39.57,74187,1621614183.64706
414.17,-2.66,-0.73,0,-39.62,74207,1621614183.66601
414.17,-2.66,-0.73,0,-39.67,74226,1621614183.68644
414.17,-2.66,-0.73,0,-39.72,74247,1621614183.70332
414.17,-2.66,-0.73,0,-39.77,74267,1621614183.72329
414.17,-2.66,-0.73,0,-39.82,74287,1621614183.7436
414.17,-2.66,-0.73,0,-39.85,74306,1621614183.77478
414.17,-2.66,-0.73,0,-39.9,74327,1621614183.78874
414.17,-2.66,-0.73,0,-39.93,74347,1621614183.80561
414.17,-2.66,-0.73,0,-39.98,74366,1621614183.82591
414.17,-2.66,-0.73,0,-40.02,74387,1621614183.84667
414.17,-2.66,-0.73,0,-40.05,74406,1621614183.86711
414.17,-2.66,-0.73,0,-40.08,74427,1621614183.88806
414.17,-2.66,-0.73,0,-40.1,74446,1621614183.90461
414.17,-2.66,-0.73,0,-40.12,74467,1621614183.92503
414.17,-2.66,-0.73,0,-40.15,74487,1621614183.94518
414.17,-2.66,-0.73,0,-40.17,74507,1621614183.9658
414.17,-2.66,-0.73,0,-40.17,74526,1621614183.98609
414.17,-2.66,-0.73,0,-40.2,74547,1621614184.00661
414.17,-2.66,-0.73,0,-40.22,74567,1621614184.03388
414.17,-2.66,-0.73,0,-40.25,74587,1621614184.04925
414.17,-2.66,-0.73,0,-40.25,74607,1621614184.06715
414.17,-2.66,-0.73,0,-40.27,74627,1621614184.0874
414.17,-2.66,-0.73,0,-40.28,74647,1621614184.10711
414.17,-2.66,-0.73,0,-40.3,74667,1621614184.12907
414.17,-2.66,-0.73,0,-40.32,74687,1621614184.14706
414.17,-2.66,-0.73,0,-40.33,74706,1621614184.16625
414.17,-2.66,-0.73,0,-40.35,74727,1621614184.18658
414.17,-2.66,-0.73,0,-40.38,74746,1621614184.20693
414.17,-2.66,-0.73,0,-40.4,74767,1621614184.2272
414.17,-2.66,-0.73,0,-40.42,74787,1621614184.24752
414.17,-2.66,-0.73,0,-40.42,74807,1621614184.2643
414.17,-2.66,-0.73,0,-40.43,74827,1621614184.28505
414.17,-2.66,-0.73,0,-40.45,74847,1621614184.30618
414.17,-2.66,-0.73,0,-40.45,74866,1621614184.32729
414.17,-2.66,-0.73,0,-40.47,74887,1621614184.34785
414.17,-2.66,-0.73,0,-40.47,74907,1621614184.36809
414.17,-2.66,-0.73,0,-40.48,74927,1621614184.38874
414.17,-2.66,-0.73,0,-40.5,74947,1621614184.40807
414.17,-2.66,-0.73,0,-40.52,74967,1621614184.42535
414.17,-2.66,-0.73,0,-40.52,74987,1621614184.44563
414.17,-2.66,-0.73,0,-40.53,75006,1621614184.47491
414.17,-2.66,-0.73,0,-40.55,75027,1621614184.4877
414.17,-2.66,-0.73,0,-40.57,75046,1621614184.50662
414.17,-2.66,-0.73,0,-40.58,75067,1621614184.52691
414.17,-2.66,-0.73,0,-40.6,75086,1621614184.54736
414.17,-2.66,-0.73,0,-40.62,75107,1621614184.56878
414.17,-2.66,-0.73,0,-40.62,75127,1621614184.58925
414.17,-2.66,-0.73,0,-40.62,75147,1621614184.60963
414.17,-2.66,-0.73,0,-40.63,75167,1621614184.62617
414.17,-2.66,-0.73,0,-40.63,75187,1621614184.64604
414.17,-2.66,-0.73,0,-40.65,75206,1621614184.66672
414.17,-2.66,-0.73,0,-40.67,75227,1621614184.68741
414.17,-2.66,-0.73,0,-40.67,75247,1621614184.70765
414.17,-2.66,-0.73,0,-40.68,75267,1621614184.72808
414.17,-2.66,-0.73,0,-40.7,75287,1621614184.74841
414.17,-2.66,-0.73,0,-40.7,75307,1621614184.76962
414.17,-2.66,-0.73,0,-40.72,75327,1621614184.78551
414.17,-2.66,-0.73,0,-40.72,75346,1621614184.81349
414.17,-2.66,-0.73,0,-40.72,75367,1621614184.82584
414.17,-2.66,-0.73,0,-40.73,75386,1621614184.85679
414.17,-2.66,-0.73,0,-40.73,75407,1621614184.87046
414.17,-2.66,-0.73,0,-40.73,75426,1621614184.88684
414.17,-2.66,-0.73,0,-40.73,75447,1621614184.90741
414.17,-2.66,-0.73,0,-40.75,75467,1621614184.9289
414.17,-2.66,-0.73,0,-40.75,75487,1621614184.94804
414.17,-2.66,-0.73,0,-40.75,75507,1621614184.9687
414.17,-2.66,-0.73,0,-40.75,75527,1621614184.98589
414.17,-2.66,-0.73,0,-40.75,75547,1621614185.00647
414.17,-2.66,-0.73,0,-40.77,75567,1621614185.02664
414.17,-2.66,-0.73,0,-40.77,75587,1621614185.04709
414.17,-2.66,-0.73,0,-40.77,75607,1621614185.06757
414.17,-2.66,-0.73,0,-40.77,75627,1621614185.08806
414.17,-2.66,-0.73,0,-40.77,75646,1621614185.10873
414.17,-2.66,-0.73,0,-40.77,75667,1621614185.13326
414.17,-2.66,-0.73,0,-40.77,75686,1621614185.15211
414.17,-2.66,-0.73,0,-40.77,75707,1621614185.16533
414.17,-2.66,-0.73,0,-40.77,75726,1621614185.18708
414.17,-2.66,-0.73,0,-40.77,75747,1621614185.20652
414.17,-2.66,-0.73,0,-40.77,75767,1621614185.22729
414.17,-2.66,-0.73,0,-40.77,75787,1621614185.24753
414.17,-2.66,-0.73,0,-40.77,75807,1621614185.26781
414.17,-2.66,-0.73,0,-40.77,75827,1621614185.289
414.17,-2.66,-0.73,0,-40.77,75847,1621614185.3089
414.17,-2.66,-0.73,0,-40.77,75867,1621614185.32903
414.17,-2.66,-0.73,0,-40.77,75887,1621614185.34561
414.17,-2.66,-0.73,0,-40.77,75907,1621614185.36747
414.17,-2.66,-0.73,0,-40.77,75927,1621614185.38661
414.17,-2.66,-0.73,0,-40.77,75947,1621614185.40679
414.17,-2.66,-0.73,0,-40.77,75967,1621614185.42772
414.17,-2.66,-0.73,0,-40.77,75986,1621614185.44847
414.17,-2.66,-0.73,0,-40.77,76007,1621614185.46855
414.17,-2.66,-0.73,0,-40.75,76027,1621614185.48892
414.17,-2.66,-0.73,0,-40.73,76047,1621614185.51035
414.17,-2.66,-0.73,0,-40.73,76067,1621614185.53079
414.17,-2.66,-0.73,0,-40.72,76087,1621614185.54656
414.17,-2.66,-0.73,0,-40.72,76106,1621614185.56674
414.17,-2.66,-0.73,0,-40.72,76127,1621614185.58821
414.17,-2.66,-0.73,0,-40.7,76146,1621614185.6103
414.17,-2.66,-0.73,0,-40.68,76167,1621614185.63092
414.17,-2.66,-0.73,0,-40.67,76187,1621614185.6488
414.17,-2.66,-0.73,0,-40.63,76207,1621614185.66926
414.17,-2.66,-0.73,0,-40.63,76227,1621614185.69012
414.17,-2.66,-0.73,0,-40.62,76247,1621614185.70729
414.17,-2.66,-0.73,0,-40.62,76267,1621614185.72625
414.17,-2.66,-0.73,0,-40.6,76286,1621614185.74678
414.17,-2.66,-0.73,0,-40.6,76307,1621614185.76754
414.17,-2.66,-0.73,0,-40.6,76326,1621614185.78779
414.17,-2.66,-0.73,0,-40.6,76347,1621614185.8082
414.17,-2.66,-0.73,0,-40.6,76366,1621614185.82904
414.17,-2.66,-0.73,0,-40.57,76387,1621614185.85512
414.17,-2.66,-0.73,0,-40.53,76407,1621614185.87117
414.17,-2.66,-0.73,0,-40.5,76427,1621614185.88585
414.17,-2.66,-0.73,0,-40.48,76447,1621614185.90681
414.17,-2.66,-0.73,0,-40.47,76467,1621614185.93775
414.17,-2.66,-0.73,0,-40.47,76487,1621614185.94787
414.17,-2.66,-0.73,0,-40.43,76507,1621614185.96826
414.17,-2.66,-0.73,0,-40.4,76527,1621614185.98877
414.17,-2.66,-0.73,0,-40.38,76547,1621614186.00931
414.17,-2.66,-0.73,0,-40.37,76567,1621614186.0303
414.17,-2.66,-0.73,0,-40.33,76587,1621614186.05016
414.17,-2.66,-0.73,0,-40.32,76607,1621614186.06715
414.17,-2.66,-0.73,0,-40.32,76626,1621614186.08753
414.17,-2.66,-0.73,0,-40.3,76647,1621614186.10805
414.17,-2.66,-0.73,0,-40.28,76666,1621614186.12799
414.17,-2.66,-0.73,0,-40.25,76687,1621614186.14945
414.17,-2.66,-0.73,0,-40.25,76706,1621614186.16971
414.17,-2.66,-0.73,0,-40.23,76727,1621614186.19061
414.17,-2.66,-0.73,0,-40.23,76746,1621614186.20975
414.17,-2.66,-0.73,0,-40.2,76767,1621614186.2313
414.17,-2.66,-0.73,0,-40.18,76786,1621614186.24705
414.17,-2.66,-0.73,0,-40.15,76807,1621614186.26761
414.17,-2.66,-0.73,0,-40.13,76827,1621614186.28826
414.17,-2.66,-0.73,0,-40.12,76847,1621614186.30865
414.17,-2.66,-0.73,0,-40.1,76867,1621614186.32852
414.17,-2.66,-0.73,0,-40.08,76887,1621614186.35003
414.17,-2.66,-0.73,0,-40.07,76907,1621614186.37037
414.17,-2.66,-0.73,0,-40.05,76926,1621614186.39097
414.17,-2.66,-0.73,0,-40.03,76947,1621614186.41135
414.17,-2.66,-0.73,0,-40.02,76966,1621614186.43145
414.17,-2.66,-0.73,0,-40,76987,1621614186.44826
414.17,-2.66,-0.73,0,-39.97,77006,1621614186.469
414.17,-2.66,-0.73,0,-39.95,77027,1621614186.48929
414.17,-2.66,-0.73,0,-39.93,77047,1621614186.50926
414.17,-2.66,-0.73,0,-39.92,77067,1621614186.52909
414.17,-2.66,-0.73,0,-39.88,77086,1621614186.55043
414.17,-2.66,-0.73,0,-39.87,77107,1621614186.5707
414.17,-2.66,-0.73,0,-39.83,77127,1621614186.59205
414.17,-2.66,-0.73,0,-39.83,77147,1621614186.61152
414.17,-2.66,-0.73,0,-39.8,77167,1621614186.62819
414.17,-2.66,-0.73,0,-39.77,77187,1621614186.64832
414.17,-2.66,-0.73,0,-39.72,77207,1621614186.6696
414.17,-2.66,-0.73,0,-39.68,77227,1621614186.69091
414.17,-2.66,-0.73,0,-39.65,77247,1621614186.71117
414.17,-2.66,-0.73,0,-39.6,77266,1621614186.73134
414.17,-2.66,-0.73,0,-39.57,77287,1621614186.75077
414.17,-2.66,-0.73,0,-39.52,77306,1621614186.77535
414.17,-2.66,-0.73,0,-39.45,77327,1621614186.79105
414.17,-2.66,-0.73,0,-39.38,77347,1621614186.80777
414.17,-2.66,-0.73,0,-39.28,77367,1621614186.82803
414.17,-2.66,-0.73,0,-39.17,77387,1621614186.84926
414.17,-2.66,-0.73,0,-39.02,77407,1621614186.8703
414.17,-2.66,-0.73,0,-38.82,77427,1621614186.89063
414.17,-2.66,-0.73,0,-38.65,77447,1621614186.91173
414.17,-2.66,-0.73,0,-38.5,77467,1621614186.93198
414.17,-2.66,-0.73,0,-38.37,77487,1621614186.95238
414.17,-2.66,-0.73,0,-38.22,77507,1621614186.97273
414.17,-2.66,-0.73,0,-38.07,77527,1621614186.98895
414.17,-2.66,-0.73,0,-37.92,77547,1621614187.01032
414.17,-2.66,-0.73,0,-37.8,77566,1621614187.02998
414.17,-2.66,-0.73,0,-37.7,77587,1621614187.05469
414.17,-2.66,-0.73,0,-37.63,77606,1621614187.07137
414.17,-2.66,-0.73,0,-37.55,77627,1621614187.09164
414.17,-2.66,-0.73,0,-37.47,77646,1621614187.11114
414.17,-2.66,-0.73,0,-37.42,77667,1621614187.13117
414.17,-2.66,-0.73,0,-37.38,77686,1621614187.15146
414.17,-2.66,-0.73,0,-37.37,77707,1621614187.16817
414.17,-2.66,-0.73,0,-37.37,77726,1621614187.18936
414.17,-2.66,-0.73,0,-37.35,77747,1621614187.20917
414.17,-2.66,-0.73,0,-37.33,77767,1621614187.22983
414.17,-2.66,-0.73,0,-37.32,77787,1621614187.25004
414.17,-2.66,-0.73,0,-37.3,77807,1621614187.27026
414.17,-2.66,-0.73,0,-37.28,77828,1621614187.2923
414.17,-2.66,-0.73,0,-37.28,77847,1621614187.31156
414.17,-2.66,-0.73,0,-37.28,77868,1621614187.33173
414.17,-2.66,-0.73,0,-37.28,77887,1621614187.35215
414.17,-2.66,-0.73,0,-37.28,77907,1621614187.369
414.17,-2.66,-0.73,0,-37.27,77927,1621614187.38948
414.17,-2.66,-0.73,0,-37.27,77946,1621614187.41021
414.17,-2.66,-0.73,0,-37.27,77967,1621614187.4311
414.17,-2.66,-0.73,0,-37.27,77987,1621614187.45186
414.17,-2.66,-0.73,0,-37.27,78007,1621614187.47261
414.17,-2.66,-0.73,0,-37.27,78026,1621614187.493
414.17,-2.66,-0.73,0,-37.27,78047,1621614187.51376
414.17,-2.66,-0.73,0,-37.27,78067,1621614187.53421
414.17,-2.66,-0.73,0,-37.27,78087,1621614187.55943
414.17,-2.66,-0.73,0,-37.27,78107,1621614187.57107
414.17,-2.66,-0.73,0,-37.27,78127,1621614187.59087
414.17,-2.66,-0.73,0,-37.25,78147,1621614187.61122
414.17,-2.66,-0.73,0,-37.25,78167,1621614187.63165
414.17,-2.66,-0.73,0,-37.25,78187,1621614187.65193
414.17,-2.66,-0.73,0,-37.25,78206,1621614187.67178
414.17,-2.66,-0.73,0,-37.25,78227,1621614187.69345
414.17,-2.66,-0.73,0,-37.25,78246,1621614187.7091
414.17,-2.66,-0.73,0,-37.25,78267,1621614187.72942
414.17,-2.66,-0.73,0,-37.25,78286,1621614187.7509
414.17,-2.66,-0.73,0,-37.25,78307,1621614187.77094
414.17,-2.66,-0.73,0,-37.25,78326,1621614187.79207
414.17,-2.66,-0.73,0,-37.25,78347,1621614187.81232
414.17,-2.66,-0.73,0,-37.25,78366,1621614187.83235
414.17,-2.66,-0.73,0,-37.25,78387,1621614187.85323
414.17,-2.66,-0.73,0,-37.25,78406,1621614187.87382
414.17,-2.66,-0.73,0,-37.25,78427,1621614187.89063
414.17,-2.66,-0.73,0,-37.25,78447,1621614187.91593
414.17,-2.66,-0.73,0,-37.25,78467,1621614187.93035
414.17,-2.66,-0.73,0,-37.25,78487,1621614187.9508
414.17,-2.66,-0.73,0,-37.25,78507,1621614187.97147
414.17,-2.66,-0.73,0,-37.25,78527,1621614187.99216
414.17,-2.66,-0.73,0,-37.25,78546,1621614188.01277
414.17,-2.66,-0.73,0,-37.25,78567,1621614188.03416
414.17,-2.66,-0.73,0,-37.25,78587,1621614188.05355
414.17,-2.66,-0.73,0,-37.25,78607,1621614188.07059
414.17,-2.66,-0.73,0,-37.23,78626,1621614188.0908
414.17,-2.66,-0.73,0,-37.23,78647,1621614188.11144
414.17,-2.66,-0.73,0,-37.23,78666,1621614188.14175
414.17,-2.66,-0.73,0,-37.23,78687,1621614188.1548
414.17,-2.66,-0.73,0,-37.23,78707,1621614188.17232
414.17,-2.66,-0.73,0,-37.23,78727,1621614188.19191
414.17,-2.66,-0.73,0,-37.23,78747,1621614188.213
414.17,-2.66,-0.73,0,-37.23,78767,1621614188.233
414.17,-2.66,-0.73,0,-37.23,78787,1621614188.24987
414.17,-2.66,-0.73,0,-37.23,78807,1621614188.27044
414.17,-2.66,-0.73,0,-37.23,78827,1621614188.29142
414.17,-2.66,-0.73,0,-37.23,78846,1621614188.31445
414.17,-2.66,-0.73,0,-37.23,78867,1621614188.33493
414.17,-2.66,-0.73,0,-37.23,78886,1621614188.35405
414.17,-2.66,-0.73,0,-37.23,78907,1621614188.37415
414.17,-2.66,-0.73,0,-37.23,78926,1621614188.39375
414.17,-2.66,-0.73,0,-37.23,78947,1621614188.41514
414.17,-2.66,-0.73,0,-37.23,78967,1621614188.43465
414.17,-2.66,-0.73,0,-37.23,78987,1621614188.45127
414.17,-2.66,-0.73,0,-37.23,79007,1621614188.4809
414.17,-2.66,-0.73,0,-37.23,79027,1621614188.49717
414.17,-2.66,-0.73,0,-37.23,79047,1621614188.51238
414.17,-2.66,-0.73,0,-37.23,79067,1621614188.53246
414.17,-2.66,-0.73,0,-37.23,79086,1621614188.55288
414.17,-2.66,-0.73,0,-37.23,79107,1621614188.57329
414.17,-2.66,-0.73,0,-37.23,79127,1621614188.59351
414.17,-2.66,-0.73,0,-37.23,79147,1621614188.61424
414.17,-2.66,-0.73,0,-37.23,79167,1621614188.63093
414.17,-2.66,-0.73,0,-37.23,79186,1621614188.65082
414.17,-2.66,-0.73,0,-37.23,79207,1621614188.67128
414.17,-2.66,-0.73,0,-37.23,79226,1621614188.69258
414.17,-2.66,-0.73,0,-37.23,79247,1621614188.7132
414.17,-2.66,-0.73,0,-37.23,79266,1621614188.7334
414.17,-2.66,-0.73,0,-37.23,79287,1621614188.75338
414.17,-2.66,-0.73,0,-37.23,79306,1621614188.77403
414.17,-2.66,-0.73,0,-37.23,79327,1621614188.79449
414.17,-2.66,-0.73,0,-37.23,79347,1621614188.8115
414.17,-2.66,-0.73,0,-37.23,79367,1621614188.83145
414.17,-2.66,-0.73,0,-37.23,79387,1621614188.85243
414.17,-2.66,-0.73,0,-37.23,79407,1621614188.87486
414.17,-2.66,-0.73,0,-37.23,79427,1621614188.89627
414.17,-2.66,-0.73,0,-37.23,79447,1621614188.91792
414.17,-2.66,-0.73,0,-37.23,79467,1621614188.93452
414.17,-2.66,-0.73,0,-37.23,79486,1621614188.95418
414.17,-2.66,-0.73,0,-37.23,79507,1621614188.97487
414.17,-2.66,-0.73,0,-37.23,79526,1621614188.99141
414.17,-2.66,-0.73,0,-37.23,79547,1621614189.01134
414.17,-2.66,-0.73,0,-37.23,79566,1621614189.03259
414.17,-2.66,-0.73,0,-37.23,79587,1621614189.06235
414.17,-2.66,-0.73,0,-37.22,79607,1621614189.07455
414.17,-2.66,-0.73,0,-37.22,79627,1621614189.09331
414.17,-2.66,-0.73,0,-37.22,79647,1621614189.11325
414.17,-2.66,-0.73,0,-37.22,79667,1621614189.13425
414.17,-2.66,-0.73,0,-37.22,79687,1621614189.15465
414.17,-2.66,-0.73,0,-37.22,79707,1621614189.17519
414.17,-2.66,-0.73,0,-37.22,79727,1621614189.19231
414.17,-2.66,-0.73,0,-37.22,79748,1621614189.21252
414.17,-2.66,-0.73,0,-37.22,79767,1621614189.23465
414.17,-2.66,-0.73,0,-37.22,79787,1621614189.25444
414.17,-2.66,-0.73,0,-37.22,79807,1621614189.27511
414.17,-2.66,-0.73,0,-37.22,79827,1621614189.29432
414.17,-2.66,-0.73,0,-37.22,79847,1621614189.31672
414.17,-2.66,-0.73,0,-37.22,79867,1621614189.34408
414.17,-2.66,-0.73,0,-37.22,79887,1621614189.35238
414.17,-2.66,-0.73,0,-37.22,79907,1621614189.37234
414.17,-2.66,-0.73,0,-37.22,79927,1621614189.39211
414.17,-2.66,-0.73,0,-37.22,79947,1621614189.41328
414.17,-2.66,-0.73,0,-37.22,79967,1621614189.4337
414.17,-2.66,-0.73,0,-37.22,79987,1621614189.45463
414.17,-2.66,-0.73,0,-37.22,80007,1621614189.47396
414.17,-2.66,-0.73,0,-37.22,80027,1621614189.49808
414.17,-2.66,-0.73,0,-37.22,80047,1621614189.5152
414.17,-2.66,-0.73,0,-37.22,80067,1621614189.53753
414.17,-2.66,-0.73,0,-37.22,80087,1621614189.55487
414.17,-2.66,-0.73,0,-37.22,80107,1621614189.57385
414.17,-2.66,-0.73,0,-37.22,80126,1621614189.59349
414.17,-2.66,-0.73,0,-37.22,80147,1621614189.61343
414.17,-2.66,-0.73,0,-37.22,80167,1621614189.63442
414.17,-2.66,-0.73,0,-37.22,80187,1621614189.65451
414.17,-2.66,-0.73,0,-37.22,80207,1621614189.67546
414.17,-2.66,-0.73,0,-37.22,80227,1621614189.69575
414.17,-2.66,-0.73,0,-37.22,80247,1621614189.71676
414.17,-2.66,-0.73,0,-37.22,80267,1621614189.73306
414.17,-2.66,-0.73,0,-37.22,80287,1621614189.75334
414.17,-2.66,-0.73,0,-37.22,80307,1621614189.77434
414.17,-2.66,-0.73,0,-37.22,80327,1621614189.7977
414.17,-2.66,-0.73,0,-37.22,80347,1621614189.81552
414.17,-2.66,-0.73,0,-37.22,80367,1621614189.83527
414.17,-2.66,-0.73,0,-37.22,80387,1621614189.85619
414.17,-2.66,-0.73,0,-37.22,80407,1621614189.8763
414.17,-2.66,-0.73,0,-37.22,80428,1621614189.8969
414.17,-2.66,-0.73,0,-37.22,80447,1621614189.91388
414.17,-2.66,-0.73,0,-37.22,80466,1621614189.93441
414.17,-2.66,-0.73,0,-37.22,80487,1621614189.95432
414.17,-2.66,-0.73,0,-37.22,80507,1621614189.97487
414.17,-2.66,-0.73,0,-37.22,80527,1621614190.00148
414.17,-2.66,-0.73,0,-37.22,80547,1621614190.01563
414.17,-2.66,-0.73,0,-37.22,80567,1621614190.03596
414.17,-2.66,-0.73,0,-37.22,80587,1621614190.0559
414.17,-2.66,-0.73,0,-37.22,80607,1621614190.07711
414.17,-2.66,-0.73,0,-37.22,80627,1621614190.09272
414.17,-2.66,-0.73,0,-37.22,80647,1621614190.1137
414.17,-2.66,-0.73,0,-37.22,80667,1621614190.13386
414.17,-2.66,-0.73,0,-37.22,80687,1621614190.15511
414.17,-2.66,-0.73,0,-37.22,80707,1621614190.1762
414.17,-2.66,-0.73,0,-37.22,80728,1621614190.19579
414.17,-2.66,-0.73,0,-37.22,80747,1621614190.21542
414.17,-2.66,-0.73,0,-37.22,80768,1621614190.23527
414.17,-2.66,-0.73,0,-37.22,80787,1621614190.25701
414.17,-2.66,-0.73,0,-37.22,80807,1621614190.27277
414.17,-2.66,-0.73,0,-37.22,80827,1621614190.29428
414.17,-2.66,-0.73,0,-37.22,80847,1621614190.3253
414.17,-2.66,-0.73,0,-37.22,80867,1621614190.33579
414.17,-2.66,-0.73,0,-37.22,80887,1621614190.35533
414.17,-2.66,-0.73,0,-37.22,80907,1621614190.37602
414.17,-2.66,-0.73,0,-37.22,80927,1621614190.39514
