738.07,1.5,-0.62,0,42.33,71290,1621610900.8903
738.07,1.5,-0.62,0,42.33,71311,1621610900.8932
738.07,1.5,-0.62,0,42.33,71330,1621610900.89447
738.07,1.5,-0.62,0,42.33,71351,1621610900.89532
738.07,1.5,-0.62,0,42.33,71370,1621610900.89609
738.07,1.5,-0.62,0,42.33,71391,1621610900.89685
738.07,1.5,-0.62,0,42.33,71410,1621610900.93753
738.07,1.5,-0.62,0,42.33,71431,1621610900.93861
738.07,1.5,-0.62,0,42.33,71450,1621610900.99024
738.07,1.5,-0.62,0,42.33,71471,1621610900.99161
738.07,1.5,-0.62,0,42.33,71491,1621610900.9929
738.07,1.5,-0.62,0,42.33,71511,1621610901.02217
738.07,1.5,-0.62,0,42.33,71531,1621610901.02317
738.07,1.5,-0.62,0,42.33,71550,1621610901.0441
738.07,1.5,-0.62,0,42.33,71571,1621610901.06359
738.07,1.5,-0.62,0,42.33,71590,1621610901.089
738.07,1.5,-0.62,0,42.33,71611,1621610901.10642
738.07,1.5,-0.62,0,42.33,71630,1621610901.12139
738.07,1.5,-0.62,0,42.33,71651,1621610901.14259
738.07,1.5,-0.62,0,42.33,71670,1621610901.16375
738.07,1.5,-0.62,0,42.33,71691,1621610901.18357
738.07,1.5,-0.62,0,42.33,71710,1621610901.20326
738.07,1.5,-0.62,0,42.33,71731,1621610901.2236
738.07,1.5,-0.62,0,42.33,71750,1621610901.2446
738.07,1.5,-0.62,0,42.33,71771,1621610901.26547
738.07,1.5,-0.62,0,42.33,71791,1621610901.28671
738.07,1.5,-0.62,0,42.33,71811,1621610901.30664
738.07,1.5,-0.62,0,42.33,71831,1621610901.32422
738.07,1.5,-0.62,0,42.33,71851,1621610901.34442
738.07,1.5,-0.62,0,42.33,71871,1621610901.36439
738.07,1.5,-0.62,0,42.33,71890,1621610901.38467
738.07,1.5,-0.62,0,42.33,71911,1621610901.40499
738.07,1.5,-0.62,0,42.33,71930,1621610901.42615
738.07,1.5,-0.62,0,42.33,71951,1621610901.44681
738.07,1.5,-0.62,0,42.33,71970,1621610901.46652
738.07,1.5,-0.62,0,42.33,71991,1621610901.49182
738.07,1.5,-0.62,0,42.33,72010,1621610901.50375
738.07,1.5,-0.62,0,42.33,72031,1621610901.52315
738.07,1.5,-0.62,0,42.33,72050,1621610901.5435
738.07,1.5,-0.62,0,42.33,72071,1621610901.5648
738.07,1.5,-0.62,0,42.33,72090,1621610901.58547
738.07,1.5,-0.62,0,42.33,72111,1621610901.60576
738.07,1.5,-0.62,0,42.33,72131,1621610901.62637
738.07,1.5,-0.62,0,42.33,72151,1621610901.65163
738.07,1.5,-0.62,0,42.33,72171,1621610901.66771
738.07,1.5,-0.62,0,42.33,72190,1621610901.68359
738.07,1.5,-0.62,0,42.33,72211,1621610901.70427
738.07,1.5,-0.62,0,42.33,72230,1621610901.73737
738.07,1.5,-0.62,0,42.33,72251,1621610901.74638
738.07,1.5,-0.62,0,42.33,72270,1621610901.76597
738.07,1.5,-0.62,0,42.33,72291,1621610901.78543
738.07,1.5,-0.62,0,42.33,72310,1621610901.80593
738.07,1.5,-0.62,0,42.33,72331,1621610901.82721
738.07,1.5,-0.62,0,42.33,72350,1621610901.85207
738.07,1.5,-0.62,0,42.33,72371,1621610901.86625
738.07,1.5,-0.62,0,42.33,72390,1621610901.88392
738.07,1.5,-0.62,0,42.33,72411,1621610901.90431
738.07,1.5,-0.62,0,42.33,72430,1621610901.92634
738.07,1.5,-0.62,0,42.33,72451,1621610901.9453
738.07,1.5,-0.62,0,42.33,72471,1621610901.96582
738.07,1.5,-0.62,0,42.33,72491,1621610901.98641
738.07,1.5,-0.62,0,42.33,72511,1621610902.0064
738.07,1.5,-0.62,0,42.33,72530,1621610902.02708
738.07,1.5,-0.62,0,42.33,72551,1621610902.04412
738.07,1.5,-0.62,0,42.33,72570,1621610902.06454
738.07,1.5,-0.62,0,42.33,72591,1621610902.08504
738.07,1.5,-0.62,0,42.33,72610,1621610902.10565
738.07,1.5,-0.62,0,42.33,72631,1621610902.12623
738.07,1.5,-0.62,0,42.33,72650,1621610902.14621
738.07,1.5,-0.62,0,42.33,72671,1621610902.16592
738.07,1.5,-0.62,0,42.33,72690,1621610902.18641
738.07,1.5,-0.62,0,42.33,72711,1621610902.20762
738.07,1.5,-0.62,0,42.33,72730,1621610902.22492
738.07,1.5,-0.62,0,42.33,72751,1621610902.24529
738.07,1.5,-0.62,0,42.33,72771,1621610902.27453
738.07,1.5,-0.62,0,42.33,72791,1621610902.28543
738.07,1.5,-0.62,0,42.33,72811,1621610902.30582
738.07,1.5,-0.62,0,42.33,72830,1621610902.32628
738.07,1.5,-0.62,0,42.33,72851,1621610902.34614
738.07,1.5,-0.62,0,42.33,72870,1621610902.36671
738.07,1.5,-0.62,0,42.33,72891,1621610902.38792
738.07,1.5,-0.62,0,42.33,72910,1621610902.40425
738.07,1.5,-0.62,0,42.33,72931,1621610902.4252
738.07,1.5,-0.62,0,42.33,72950,1621610902.44442
738.07,1.5,-0.62,0,42.33,72971,1621610902.46578
738.07,1.5,-0.62,0,42.33,72990,1621610902.48631
738.07,1.5,-0.62,0,42.33,73011,1621610902.5077
738.07,1.5,-0.62,0,42.33,73030,1621610902.5272
738.07,1.5,-0.62,0,42.33,73051,1621610902.54718
738.07,1.5,-0.62,0,42.33,73070,1621610902.56881
738.07,1.5,-0.62,0,42.33,73091,1621610902.58459
738.07,1.5,-0.62,0,42.33,73111,1621610902.60747
738.07,1.5,-0.62,0,42.33,73131,1621610902.62589
738.07,1.5,-0.62,0,42.33,73151,1621610902.64659
738.07,1.5,-0.62,0,42.33,73170,1621610902.67542
738.07,1.5,-0.62,0,42.33,73191,1621610902.68679
738.07,1.5,-0.62,0,42.33,73210,1621610902.71304
738.07,1.5,-0.62,0,42.33,73231,1621610902.73141
738.07,1.5,-0.62,0,42.33,73250,1621610902.74805
738.07,1.5,-0.62,0,42.33,73271,1621610902.76579
738.07,1.5,-0.62,0,42.33,73290,1621610902.78598
738.07,1.5,-0.62,0,42.33,73311,1621610902.80683
738.07,1.5,-0.62,0,42.33,73330,1621610902.82747
738.07,1.5,-0.62,0,42.33,73351,1621610902.84686
738.07,1.5,-0.62,0,42.33,73370,1621610902.86753
738.07,1.5,-0.62,0,42.33,73391,1621610902.8873
738.07,1.5,-0.62,0,42.33,73411,1621610902.91507
738.07,1.5,-0.62,0,42.33,73431,1621610902.92755
738.07,1.5,-0.62,0,42.33,73451,1621610902.94469
738.07,1.5,-0.62,0,42.33,73470,1621610902.96528
738.07,1.5,-0.62,0,42.33,73491,1621610902.98631
738.07,1.5,-0.62,0,42.33,73510,1621610903.01006
738.07,1.5,-0.62,0,42.33,73531,1621610903.02871
738.07,1.5,-0.62,0,42.33,73550,1621610903.04734
738.07,1.5,-0.62,0,42.33,73571,1621610903.06766
738.07,1.5,-0.62,0,42.33,73590,1621610903.08798
738.07,1.5,-0.62,0,42.33,73611,1621610903.1088
738.07,1.5,-0.62,0,42.33,73630,1621610903.12885
738.07,1.5,-0.62,0,42.33,73651,1621610903.14541
738.07,1.5,-0.62,0,42.33,73670,1621610903.16591
738.07,1.5,-0.62,0,42.33,73691,1621610903.18647
738.07,1.5,-0.62,0,42.33,73710,1621610903.20672
738.07,1.5,-0.62,0,42.33,73731,1621610903.23225
738.07,1.5,-0.62,0,42.33,73751,1621610903.24829
738.07,1.5,-0.62,0,42.33,73771,1621610903.26865
738.07,1.5,-0.62,0,42.33,73791,1621610903.2897
738.07,1.5,-0.62,0,42.33,73810,1621610903.3096
738.07,1.5,-0.62,0,42.33,73831,1621610903.3258
738.07,1.5,-0.62,0,42.33,73850,1621610903.34583
738.07,1.5,-0.62,0,42.33,73871,1621610903.3748
738.07,1.5,-0.62,0,42.33,73890,1621610903.39224
738.07,1.5,-0.62,0,42.33,73911,1621610903.40756
738.07,1.5,-0.62,0,42.33,73930,1621610903.42856
738.07,1.5,-0.62,0,42.33,73951,1621610903.44774
738.07,1.5,-0.62,0,42.33,73970,1621610903.46836
738.07,1.5,-0.62,0,42.33,73991,1621610903.48859
738.07,1.5,-0.62,0,42.33,74010,1621610903.5053
738.07,1.5,-0.62,0,42.33,74031,1621610903.52631
738.07,1.5,-0.62,0,42.33,74050,1621610903.54593
738.07,1.5,-0.62,0,42.33,74071,1621610903.56817
738.07,1.5,-0.62,0,42.33,74091,1621610903.58833
738.07,1.5,-0.62,0,42.33,74110,1621610903.60979
738.07,1.5,-0.62,0,42.33,74131,1621610903.62847
738.07,1.5,-0.62,0,42.33,74150,1621610903.649
738.07,1.5,-0.62,0,42.33,74171,1621610903.6695
738.07,1.5,-0.62,0,42.33,74190,1621610903.68642
738.07,1.5,-0.62,0,42.33,74211,1621610903.7068
738.07,1.5,-0.62,0,42.33,74230,1621610903.72747
738.07,1.5,-0.62,0,42.33,74251,1621610903.74727
738.07,1.5,-0.62,0,42.33,74270,1621610903.76791
738.07,1.5,-0.62,0,42.33,74291,1621610903.78978
738.07,1.5,-0.62,0,42.33,74310,1621610903.80913
738.07,1.5,-0.62,0,42.33,74331,1621610903.83007
738.07,1.5,-0.62,0,42.33,74350,1621610903.85007
738.07,1.5,-0.62,0,42.33,74371,1621610903.86609
738.07,1.5,-0.62,0,42.33,74390,1621610903.88739
738.07,1.5,-0.62,0,42.33,74411,1621610903.90805
738.07,1.5,-0.62,0,42.33,74431,1621610903.9287
738.07,1.5,-0.62,0,42.33,74450,1621610903.94894
738.07,1.5,-0.62,0,42.33,74471,1621610903.96932
738.07,1.5,-0.62,0,42.33,74490,1621610903.98997
738.07,1.5,-0.62,0,42.33,74511,1621610904.00939
738.07,1.5,-0.62,0,42.33,74530,1621610904.03032
738.07,1.5,-0.62,0,42.33,74551,1621610904.05579
738.07,1.5,-0.62,0,42.33,74570,1621610904.06828
738.07,1.5,-0.62,0,42.33,74591,1621610904.08921
738.07,1.5,-0.62,0,42.33,74610,1621610904.10868
738.07,1.5,-0.62,0,42.33,74631,1621610904.12908
738.07,1.5,-0.62,0,42.33,74650,1621610904.14927
738.07,1.5,-0.62,0,42.33,74671,1621610904.17199
738.07,1.5,-0.62,0,42.33,74690,1621610904.19014
738.07,1.5,-0.62,0,42.33,74711,1621610904.20954
738.07,1.5,-0.62,0,42.33,74731,1621610904.22672
738.07,1.5,-0.62,0,42.33,74750,1621610904.24731
738.07,1.5,-0.62,0,42.33,74771,1621610904.26799
738.07,1.5,-0.62,0,42.33,74790,1621610904.28861
738.07,1.5,-0.62,0,42.33,74811,1621610904.30875
738.07,1.5,-0.62,0,42.33,74830,1621610904.32939
738.07,1.5,-0.62,0,42.33,74851,1621610904.35682
738.07,1.5,-0.62,0,42.33,74870,1621610904.37021
738.07,1.5,-0.62,0,42.33,74891,1621610904.39074
738.07,1.5,-0.62,0,42.33,74910,1621610904.40704
738.07,1.5,-0.62,0,42.33,74931,1621610904.42779
738.07,1.5,-0.62,0,42.33,74950,1621610904.44684
738.07,1.5,-0.62,0,42.33,74971,1621610904.46745
738.07,1.5,-0.62,0,42.33,74990,1621610904.498
738.07,1.5,-0.62,0,42.33,75011,1621610904.51488
738.07,1.5,-0.62,0,42.33,75030,1621610904.52963
738.07,1.5,-0.62,0,42.33,75051,1621610904.54998
738.07,1.5,-0.62,0,42.33,75071,1621610904.57082
738.07,1.5,-0.62,0,42.33,75090,1621610904.58689
738.07,1.5,-0.62,0,42.33,75111,1621610904.60767
738.07,1.5,-0.62,0,42.33,75130,1621610904.62835
738.07,1.5,-0.62,0,42.33,75151,1621610904.64838
738.07,1.5,-0.62,0,42.33,75170,1621610904.66889
738.07,1.5,-0.62,0,42.33,75191,1621610904.69025
738.07,1.5,-0.62,0,42.33,75210,1621610904.71058
738.07,1.5,-0.62,0,42.33,75231,1621610904.73044
738.07,1.5,-0.62,0,42.33,75250,1621610904.75151
738.07,1.5,-0.62,0,42.33,75271,1621610904.76739
738.07,1.5,-0.62,0,42.33,75290,1621610904.78794
738.07,1.5,-0.62,0,42.33,75311,1621610904.80816
738.07,1.5,-0.62,0,42.33,75330,1621610904.82914
738.07,1.5,-0.62,0,42.33,75351,1621610904.84967
738.07,1.5,-0.62,0,42.33,75371,1621610904.87003
738.07,1.5,-0.62,0,42.33,75390,1621610904.89009
738.07,1.5,-0.62,0,42.33,75411,1621610904.91058
738.07,1.5,-0.62,0,42.35,75430,1621610904.9316
738.07,1.5,-0.62,0,42.35,75451,1621610904.9474
738.07,1.5,-0.62,0,42.35,75470,1621610904.96783
738.07,1.5,-0.62,0,42.35,75491,1621610904.98966
738.07,1.5,-0.62,0,42.35,75510,1621610905.00949
738.07,1.5,-0.62,0,42.35,75531,1621610905.03094
738.07,1.5,-0.62,0,42.35,75550,1621610905.05114
738.07,1.5,-0.62,0,42.35,75571,1621610905.07153
738.07,1.5,-0.62,0,42.35,75590,1621610905.09381
738.07,1.5,-0.62,0,42.37,75611,1621610905.11128
738.07,1.5,-0.62,0,42.4,75631,1621610905.13196
738.07,1.5,-0.62,0,42.23,75651,1621610905.14777
738.07,1.5,-0.62,0,41.35,75671,1621610905.16894
738.07,1.5,-0.62,0,40.43,75691,1621610905.18989
738.07,1.5,-0.62,0,39.87,75711,1621610905.21151
738.07,1.5,-0.62,0,39.48,75730,1621610905.23073
738.07,1.5,-0.62,0,39.37,75751,1621610905.25268
738.07,1.5,-0.62,0,39.37,75770,1621610905.27091
738.07,1.5,-0.62,0,39.37,75791,1621610905.29329
738.07,1.5,-0.62,0,39.37,75810,1621610905.31219
738.07,1.5,-0.62,0,39.37,75831,1621610905.33022
738.07,1.5,-0.62,0,39.43,75850,1621610905.34994
738.07,1.5,-0.62,0,39.55,75871,1621610905.36885
738.07,1.5,-0.62,0,39.68,75891,1621610905.38926
738.07,1.5,-0.62,0,39.83,75911,1621610905.40988
738.07,1.5,-0.62,0,40,75931,1621610905.42998
738.07,1.5,-0.62,0,40.18,75951,1621610905.45124
738.07,1.5,-0.62,0,40.38,75971,1621610905.47156
738.07,1.5,-0.62,0,40.48,75991,1621610905.49166
738.07,1.5,-0.62,0,40.48,76011,1621610905.50964
738.07,1.5,-0.62,0,40.5,76030,1621610905.52916
738.07,1.5,-0.62,0,40.5,76051,1621610905.54948
738.07,1.5,-0.62,0,40.5,76070,1621610905.56986
738.07,1.5,-0.62,0,40.5,76091,1621610905.59038
738.07,1.5,-0.62,0,40.5,76110,1621610905.61145
738.07,1.5,-0.62,0,40.5,76131,1621610905.63756
738.07,1.5,-0.62,0,40.55,76150,1621610905.65265
738.07,1.5,-0.62,0,40.63,76171,1621610905.67182
738.07,1.5,-0.62,0,40.8,76190,1621610905.69027
738.07,1.5,-0.62,0,41.03,76211,1621610905.70985
738.07,1.5,-0.62,0,41.33,76231,1621610905.73011
738.07,1.5,-0.62,0,41.68,76251,1621610905.75092
738.07,1.5,-0.62,0,42.02,76271,1621610905.77063
738.07,1.5,-0.62,0,42.27,76291,1621610905.7912
738.07,1.5,-0.62,0,42.38,76311,1621610905.81402
738.07,1.5,-0.62,0,42.42,76331,1621610905.8329
738.07,1.5,-0.62,0,42.42,76351,1621610905.8532
738.07,1.5,-0.62,0,42.42,76370,1621610905.86931
738.07,1.5,-0.62,0,42.42,76391,1621610905.89066
738.07,1.5,-0.62,0,42.42,76410,1621610905.91358
738.07,1.5,-0.62,0,42.42,76431,1621610905.93147
738.07,1.5,-0.62,0,42.42,76450,1621610905.95034
738.07,1.5,-0.62,0,42.42,76471,1621610905.97089
738.07,1.5,-0.62,0,42.42,76490,1621610905.99133
738.07,1.5,-0.62,0,42.42,76511,1621610906.01248
738.07,1.5,-0.62,0,42.42,76530,1621610906.03315
738.07,1.5,-0.62,0,42.42,76551,1621610906.04896
738.07,1.5,-0.62,0,42.42,76570,1621610906.06935
738.07,1.5,-0.62,0,42.42,76591,1621610906.09863
738.07,1.5,-0.62,0,42.42,76610,1621610906.11498
738.07,1.5,-0.62,0,42.43,76631,1621610906.13139
738.07,1.5,-0.62,0,42.43,76651,1621610906.15122
738.07,1.5,-0.62,0,42.43,76670,1621610906.17146
738.07,1.5,-0.62,0,42.43,76691,1621610906.19196
738.07,1.5,-0.62,0,42.43,76710,1621610906.21209
738.07,1.5,-0.62,0,42.43,76731,1621610906.22881
738.07,1.5,-0.62,0,42.43,76750,1621610906.2497
738.07,1.5,-0.62,0,42.43,76771,1621610906.27095
738.07,1.5,-0.62,0,42.45,76790,1621610906.29179
738.07,1.5,-0.62,0,42.45,76811,1621610906.31274
738.07,1.5,-0.62,0,42.45,76831,1621610906.33289
738.07,1.5,-0.62,0,42.45,76851,1621610906.35318
738.07,1.5,-0.62,0,42.45,76871,1621610906.37407
738.07,1.5,-0.62,0,42.45,76891,1621610906.3945
738.07,1.5,-0.62,0,42.45,76911,1621610906.41537
738.07,1.5,-0.62,0,42.45,76931,1621610906.4304
738.07,1.5,-0.62,0,42.45,76951,1621610906.45074
738.07,1.5,-0.62,0,42.45,76971,1621610906.47134
738.07,1.5,-0.62,0,42.45,76991,1621610906.49174
738.07,1.5,-0.62,0,42.45,77011,1621610906.51178
738.07,1.5,-0.62,0,42.45,77031,1621610906.53306
738.07,1.5,-0.62,0,42.45,77051,1621610906.55365
738.07,1.5,-0.62,0,42.45,77071,1621610906.5737
738.07,1.5,-0.62,0,42.45,77091,1621610906.59382
738.07,1.5,-0.62,0,42.45,77111,1621610906.61086
738.07,1.5,-0.62,0,42.45,77131,1621610906.6306
738.07,1.5,-0.62,0,42.45,77151,1621610906.65202
738.07,1.5,-0.62,0,42.45,77171,1621610906.67212
738.07,1.5,-0.62,0,42.45,77191,1621610906.70388
738.07,1.5,-0.62,0,42.45,77211,1621610906.71383
738.07,1.5,-0.62,0,42.45,77231,1621610906.73326
738.07,1.5,-0.62,0,42.45,77251,1621610906.75865
738.07,1.5,-0.62,0,42.45,77271,1621610906.77465
738.07,1.5,-0.62,0,42.47,77291,1621610906.78999
738.07,1.5,-0.62,0,42.47,77310,1621610906.81059
738.07,1.5,-0.62,0,42.47,77331,1621610906.83094
738.07,1.5,-0.62,0,42.47,77350,1621610906.85153
738.07,1.5,-0.62,0,42.47,77371,1621610906.8731
738.07,1.5,-0.62,0,42.47,77390,1621610906.89496
738.07,1.5,-0.62,0,42.47,77411,1621610906.91421
738.07,1.5,-0.62,0,42.47,77430,1621610906.93432
738.07,1.5,-0.62,0,42.48,77451,1621610906.95148
738.07,1.5,-0.62,0,42.48,77470,1621610906.97197
738.07,1.5,-0.62,0,42.48,77491,1621610906.99361
738.07,1.5,-0.62,0,42.48,77510,1621610907.01321
738.07,1.5,-0.62,0,42.48,77531,1621610907.03295
738.07,1.5,-0.62,0,42.48,77550,1621610907.05356
738.07,1.5,-0.62,0,42.48,77571,1621610907.07405
738.07,1.5,-0.62,0,42.48,77590,1621610907.09537
738.07,1.5,-0.62,0,42.48,77611,1621610907.11483
738.07,1.5,-0.62,0,42.48,77631,1621610907.13585
738.07,1.5,-0.62,0,42.48,77650,1621610907.15167
738.07,1.5,-0.62,0,42.48,77671,1621610907.17188
738.07,1.5,-0.62,0,42.48,77690,1621610907.19246
738.07,1.5,-0.62,0,42.48,77711,1621610907.21321
738.07,1.5,-0.62,0,42.48,77730,1621610907.23357
738.07,1.5,-0.62,0,42.48,77751,1621610907.25424
738.07,1.5,-0.62,0,42.48,77770,1621610907.27434
738.07,1.5,-0.62,0,42.48,77791,1621610907.29509
738.07,1.5,-0.62,0,42.48,77810,1621610907.31591
738.07,1.5,-0.62,0,42.47,77831,1621610907.33153
738.07,1.5,-0.62,0,42.47,77850,1621610907.36084
738.07,1.5,-0.62,0,42.47,77871,1621610907.37298
738.07,1.5,-0.62,0,42.47,77890,1621610907.39461
738.07,1.5,-0.62,0,42.47,77911,1621610907.41765
738.07,1.5,-0.62,0,42.47,77931,1621610907.43398
738.07,1.5,-0.62,0,42.43,77950,1621610907.45448
738.07,1.5,-0.62,0,42.4,77971,1621610907.47394
738.07,1.5,-0.62,0,42.37,77990,1621610907.49483
738.07,1.5,-0.62,0,42.33,78011,1621610907.51153
738.07,1.5,-0.62,0,42.32,78031,1621610907.53725
738.07,1.5,-0.62,0,42.32,78051,1621610907.55609
738.07,1.5,-0.62,0,42.32,78071,1621610907.57359
738.07,1.5,-0.62,0,42.3,78091,1621610907.59393
738.07,1.5,-0.62,0,42.28,78110,1621610907.61469
738.07,1.5,-0.62,0,42.25,78131,1621610907.63472
738.07,1.5,-0.62,0,42.2,78151,1621610907.65485
738.07,1.5,-0.62,0,42.12,78171,1621610907.67494
738.07,1.5,-0.62,0,41.98,78191,1621610907.69203
738.07,1.5,-0.62,0,41.87,78211,1621610907.72263
738.07,1.5,-0.62,0,41.75,78231,1621610907.73448
738.07,1.5,-0.62,0,41.63,78251,1621610907.75367
738.07,1.5,-0.62,0,41.53,78271,1621610907.77462
738.07,1.5,-0.62,0,41.45,78290,1621610907.79481
738.07,1.5,-0.62,0,41.4,78311,1621610907.81527
738.07,1.5,-0.62,0,41.4,78330,1621610907.83519
738.07,1.5,-0.62,0,41.4,78351,1621610907.85594
738.07,1.5,-0.62,0,41.33,78370,1621610907.88065
738.07,1.5,-0.62,0,41.22,78391,1621610907.89573
738.07,1.5,-0.62,0,41.07,78410,1621610907.91447
738.07,1.5,-0.62,0,40.92,78431,1621610907.93383
738.07,1.5,-0.62,0,40.75,78451,1621610907.95528
738.07,1.5,-0.62,0,40.57,78471,1621610907.97571
738.07,1.5,-0.62,0,40.4,78491,1621610907.99538
738.07,1.5,-0.62,0,40.2,78511,1621610908.01681
738.07,1.5,-0.62,0,39.92,78531,1621610908.03577
738.07,1.5,-0.62,0,39.57,78551,1621610908.05593
738.07,1.5,-0.62,0,39.1,78571,1621610908.07251
738.07,1.5,-0.62,0,38.6,78590,1621610908.09287
738.07,1.5,-0.62,0,38.15,78611,1621610908.11435
738.07,1.5,-0.62,0,37.8,78630,1621610908.135
738.07,1.5,-0.62,0,37.47,78651,1621610908.155
738.07,1.5,-0.62,0,37.17,78670,1621610908.17522
738.07,1.5,-0.62,0,36.9,78691,1621610908.19551
738.07,1.5,-0.62,0,36.67,78710,1621610908.21628
738.07,1.5,-0.62,0,36.45,78731,1621610908.23637
738.07,1.5,-0.62,0,36.22,78750,1621610908.25315
738.07,1.5,-0.62,0,36.02,78771,1621610908.274
738.07,1.5,-0.62,0,35.78,78791,1621610908.29438
738.07,1.5,-0.62,0,35.52,78811,1621610908.31461
738.07,1.5,-0.62,0,35.15,78831,1621610908.33534
738.07,1.5,-0.62,0,34.77,78851,1621610908.35586
738.07,1.5,-0.62,0,34.38,78871,1621610908.376
738.07,1.5,-0.62,0,34,78891,1621610908.39602
738.07,1.5,-0.62,0,33.6,78911,1621610908.41647
738.07,1.5,-0.62,0,33.2,78930,1621610908.43363
738.07,1.5,-0.62,0,32.85,78951,1621610908.45401
738.07,1.5,-0.62,0,32.52,78970,1621610908.47469
738.07,1.5,-0.62,0,32.2,78991,1621610908.49497
738.07,1.5,-0.62,0,31.93,79010,1621610908.51496
738.07,1.5,-0.62,0,31.72,79031,1621610908.53602
738.07,1.5,-0.62,0,31.6,79050,1621610908.55633
738.07,1.5,-0.62,0,31.57,79071,1621610908.57647
738.07,1.5,-0.62,0,31.57,79090,1621610908.59651
738.07,1.5,-0.62,0,31.57,79111,1621610908.61331
738.07,1.5,-0.62,0,31.55,79130,1621610908.63356
738.07,1.5,-0.62,0,31.55,79151,1621610908.65459
738.07,1.5,-0.62,0,31.52,79171,1621610908.67643
738.07,1.5,-0.62,0,31.45,79191,1621610908.69671
738.07,1.5,-0.62,0,31.32,79211,1621610908.71739
738.07,1.5,-0.62,0,31.15,79230,1621610908.73831
738.07,1.5,-0.62,0,30.95,79251,1621610908.75645
738.07,1.5,-0.62,0,30.73,79270,1621610908.77672
738.07,1.5,-0.62,0,30.47,79291,1621610908.79384
738.07,1.5,-0.62,0,30.18,79310,1621610908.8131
738.07,1.5,-0.62,0,29.92,79331,1621610908.83389
738.07,1.5,-0.62,0,29.65,79350,1621610908.85502
738.07,1.5,-0.62,0,29.43,79371,1621610908.87578
738.07,1.5,-0.62,0,29.17,79390,1621610908.89602
738.07,1.5,-0.62,0,28.9,79411,1621610908.91683
738.07,1.5,-0.62,0,28.65,79430,1621610908.93717
738.07,1.5,-0.62,0,28.4,79451,1621610908.95761
738.07,1.5,-0.62,0,28.18,79471,1621610908.97479
738.07,1.5,-0.62,0,27.97,79491,1621610908.99508
738.07,1.5,-0.62,0,27.73,79511,1621610909.0157
738.07,1.5,-0.62,0,27.47,79531,1621610909.03574
738.07,1.5,-0.62,0,27.2,79551,1621610909.05594
738.07,1.5,-0.62,0,26.88,79570,1621610909.07649
738.07,1.5,-0.62,0,26.55,79591,1621610909.09701
738.07,1.5,-0.62,0,26.22,79610,1621610909.11823
738.07,1.5,-0.62,0,25.9,79631,1621610909.13803
738.07,1.5,-0.62,0,25.55,79650,1621610909.1551
738.07,1.5,-0.62,0,25.18,79671,1621610909.17514
738.07,1.5,-0.62,0,24.8,79690,1621610909.19694
738.07,1.5,-0.62,0,24.37,79711,1621610909.21568
738.07,1.5,-0.62,0,23.9,79730,1621610909.23625
738.07,1.5,-0.62,0,23.42,79751,1621610909.25629
738.07,1.5,-0.62,0,22.95,79771,1621610909.27645
738.07,1.5,-0.62,0,22.45,79791,1621610909.29772
738.07,1.5,-0.62,0,21.97,79811,1621610909.31751
738.07,1.5,-0.62,0,21.48,79831,1621610909.33522
738.07,1.5,-0.62,0,21,79851,1621610909.35545
738.07,1.5,-0.62,0,20.53,79870,1621610909.37591
738.07,1.5,-0.62,0,20.07,79891,1621610909.397
738.07,1.5,-0.62,0,19.62,79910,1621610909.42152
738.07,1.5,-0.62,0,19.17,79931,1621610909.43748
738.07,1.5,-0.62,0,18.72,79950,1621610909.45647
738.07,1.5,-0.62,0,18.28,79971,1621610909.47641
738.07,1.5,-0.62,0,17.83,79990,1621610909.4978
738.07,1.5,-0.62,0,17.4,80011,1621610909.51428
738.07,1.5,-0.62,0,16.95,80030,1621610909.5345
738.07,1.5,-0.62,0,16.52,80051,1621610909.55556
738.07,1.5,-0.62,0,16.1,80071,1621610909.57633
738.07,1.5,-0.62,0,15.72,80091,1621610909.60459
738.07,1.5,-0.62,0,15.35,80111,1621610909.62252
738.07,1.5,-0.62,0,15.03,80131,1621610909.63766
738.07,1.5,-0.62,0,14.7,80151,1621610909.65784
738.07,1.5,-0.62,0,14.38,80171,1621610909.67808
738.07,1.5,-0.62,0,14.05,80191,1621610909.695
738.07,1.5,-0.62,0,13.72,80210,1621610909.71609
738.07,1.5,-0.62,0,13.38,80231,1621610909.73526
738.07,1.5,-0.62,0,13.08,80250,1621610909.75579
738.07,1.5,-0.62,0,12.83,80271,1621610909.77727
738.07,1.5,-0.62,0,12.65,80290,1621610909.79774
738.07,1.5,-0.62,0,12.5,80311,1621610909.81654
738.07,1.5,-0.62,0,12.38,80330,1621610909.83726
738.07,1.5,-0.62,0,12.25,80351,1621610909.8579
738.07,1.5,-0.62,0,12.13,80370,1621610909.87521
738.07,1.5,-0.62,0,11.97,80391,1621610909.89498
738.07,1.5,-0.62,0,11.75,80411,1621610909.91513
738.07,1.5,-0.62,0,11.52,80431,1621610909.9358
738.07,1.5,-0.62,0,11.27,80451,1621610909.95712
738.07,1.5,-0.62,0,10.98,80471,1621610909.97618
738.07,1.5,-0.62,0,10.68,80491,1621610909.99744
738.07,1.5,-0.62,0,10.4,80510,1621610910.01715
738.07,1.5,-0.62,0,10.13,80531,1621610910.03763
738.07,1.5,-0.62,0,9.87,80550,1621610910.05436
738.07,1.5,-0.62,0,9.63,80571,1621610910.07556
738.07,1.5,-0.62,0,9.43,80590,1621610910.0959
738.07,1.5,-0.62,0,9.25,80611,1621610910.11639
738.07,1.5,-0.62,0,9.08,80630,1621610910.13714
738.07,1.5,-0.62,0,8.9,80651,1621610910.1568
738.07,1.5,-0.62,0,8.73,80670,1621610910.17788
738.07,1.5,-0.62,0,8.57,80691,1621610910.19737
738.07,1.5,-0.62,0,8.37,80710,1621610910.21864
738.07,1.5,-0.62,0,8.17,80731,1621610910.23537
738.07,1.5,-0.62,0,7.97,80750,1621610910.25608
738.07,1.5,-0.62,0,7.78,80771,1621610910.27552
738.07,1.5,-0.62,0,7.58,80791,1621610910.296
738.07,1.5,-0.62,0,7.37,80811,1621610910.31641
738.07,1.5,-0.62,0,7.17,80831,1621610910.33718
738.07,1.5,-0.62,0,6.95,80850,1621610910.35718
738.07,1.5,-0.62,0,6.72,80871,1621610910.3778
738.07,1.5,-0.62,0,6.47,80890,1621610910.39886
738.07,1.5,-0.62,0,6.25,80911,1621610910.41849
738.07,1.5,-0.62,0,6.02,80930,1621610910.43532
738.07,1.5,-0.62,0,5.78,80951,1621610910.45622
738.07,1.5,-0.62,0,5.58,80970,1621610910.4767
738.07,1.5,-0.62,0,5.4,80991,1621610910.4975
738.07,1.5,-0.62,0,5.2,81010,1621610910.51737
738.07,1.5,-0.62,0,5.02,81031,1621610910.53762
738.07,1.5,-0.62,0,4.83,81050,1621610910.55815
738.07,1.5,-0.62,0,4.65,81071,1621610910.57934
738.07,1.5,-0.62,0,4.47,81090,1621610910.59589
738.07,1.5,-0.62,0,4.28,81111,1621610910.61543
738.07,1.5,-0.62,0,4.08,81131,1621610910.63559
738.07,1.5,-0.62,0,3.88,81150,1621610910.65653
738.07,1.5,-0.62,0,3.68,81171,1621610910.6774
738.07,1.5,-0.62,0,3.5,81190,1621610910.69785
738.07,1.5,-0.62,0,3.33,81211,1621610910.71839
738.07,1.5,-0.62,0,3.18,81230,1621610910.73788
738.07,1.5,-0.62,0,3.05,81251,1621610910.75888
738.07,1.5,-0.62,0,2.9,81270,1621610910.77552
738.07,1.5,-0.62,0,2.73,81291,1621610910.79603
738.07,1.5,-0.62,0,2.57,81310,1621610910.81643
738.07,1.5,-0.62,0,2.4,81331,1621610910.83753
738.07,1.5,-0.62,0,2.22,81350,1621610910.85772
738.07,1.5,-0.62,0,2.03,81371,1621610910.87755
738.07,1.5,-0.62,0,1.83,81390,1621610910.89847
738.07,1.5,-0.62,0,1.63,81411,1621610910.91996
738.07,1.5,-0.62,0,1.47,81431,1621610910.93875
738.07,1.5,-0.62,0,1.3,81451,1621610910.95986
738.07,1.5,-0.62,0,1.15,81471,1621610910.97653
738.07,1.5,-0.62,0,1,81490,1621610910.9972
738.07,1.5,-0.62,0,0.85,81511,1621610911.01818
738.07,1.5,-0.62,0,0.7,81530,1621610911.03748
738.07,1.5,-0.62,0,0.53,81551,1621610911.05866
738.07,1.5,-0.62,0,0.38,81570,1621610911.07932
738.07,1.5,-0.62,0,0.22,81591,1621610911.09937
738.07,1.5,-0.62,0,0.07,81610,1621610911.12024
738.07,1.5,-0.62,0,-0.08,81631,1621610911.14121
738.07,1.5,-0.62,0,-0.25,81650,1621610911.15714
738.07,1.5,-0.62,0,-0.42,81671,1621610911.17799
738.07,1.5,-0.62,0,-0.58,81690,1621610911.19803
738.07,1.5,-0.62,0,-0.75,81711,1621610911.22062
738.07,1.5,-0.62,0,-0.92,81730,1621610911.23902
738.07,1.5,-0.62,0,-1.08,81751,1621610911.26059
738.07,1.5,-0.62,0,-1.25,81771,1621610911.28109
738.07,1.5,-0.62,0,-1.42,81790,1621610911.30129
738.07,1.5,-0.62,0,-1.58,81811,1621610911.32209
738.07,1.5,-0.62,0,-1.75,81830,1621610911.3382
738.07,1.5,-0.62,0,-1.92,81851,1621610911.35918
738.07,1.5,-0.62,0,-2.08,81870,1621610911.37912
738.07,1.5,-0.62,0,-2.25,81891,1621610911.39934
738.07,1.5,-0.62,0,-2.42,81910,1621610911.42052
738.07,1.5,-0.62,0,-2.57,81931,1621610911.44
738.07,1.5,-0.62,0,-2.73,81950,1621610911.46061
738.07,1.5,-0.62,0,-2.88,81971,1621610911.48377
738.07,1.5,-0.62,0,-3.03,81990,1621610911.50054
738.07,1.5,-0.62,0,-3.17,82011,1621610911.51716
738.07,1.5,-0.62,0,-3.3,82030,1621610911.53706
738.07,1.5,-0.62,0,-3.42,82051,1621610911.56783
738.07,1.5,-0.62,0,-3.55,82070,1621610911.58038
738.07,1.5,-0.62,0,-3.67,82091,1621610911.59881
738.07,1.5,-0.62,0,-3.77,82111,1621610911.61999
738.07,1.5,-0.62,0,-3.87,82130,1621610911.63997
738.07,1.5,-0.62,0,-3.95,82151,1621610911.66039
738.07,1.5,-0.62,0,-4.03,82170,1621610911.68084
738.07,1.5,-0.62,0,-4.1,82191,1621610911.69785
738.07,1.5,-0.62,0,-4.18,82210,1621610911.71786
738.07,1.5,-0.62,0,-4.27,82231,1621610911.73794
738.07,1.5,-0.62,0,-4.35,82250,1621610911.75899
738.07,1.5,-0.62,0,-4.42,82271,1621610911.77911
738.07,1.5,-0.62,0,-4.48,82290,1621610911.79965
738.07,1.5,-0.62,0,-4.55,82311,1621610911.81997
738.07,1.5,-0.62,0,-4.6,82330,1621610911.84686
738.07,1.5,-0.62,0,-4.67,82351,1621610911.86189
738.07,1.5,-0.62,0,-4.73,82370,1621610911.87891
738.07,1.5,-0.62,0,-4.82,82391,1621610911.89989
738.07,1.5,-0.62,0,-4.93,82411,1621610911.9195
738.07,1.5,-0.62,0,-5.05,82430,1621610911.93933
738.07,1.5,-0.62,0,-5.2,82451,1621610911.9605
738.07,1.5,-0.62,0,-5.35,82470,1621610911.98034
738.07,1.5,-0.62,0,-5.53,82491,1621610912.0011
738.07,1.5,-0.62,0,-5.72,82510,1621610912.02123
738.07,1.5,-0.62,0,-5.88,82531,1621610912.04266
738.07,1.5,-0.62,0,-6.05,82550,1621610912.05904
738.07,1.5,-0.62,0,-6.18,82571,1621610912.08012
738.07,1.5,-0.62,0,-6.3,82590,1621610912.1077
738.07,1.5,-0.62,0,-6.4,82611,1621610912.12102
738.07,1.5,-0.62,0,-6.48,82630,1621610912.14002
738.07,1.5,-0.62,0,-6.57,82651,1621610912.16012
738.07,1.5,-0.62,0,-6.63,82671,1621610912.18054
738.07,1.5,-0.62,0,-6.7,82691,1621610912.20177
738.07,1.5,-0.62,0,-6.73,82710,1621610912.22198
738.07,1.5,-0.62,0,-6.78,82731,1621610912.23864
738.07,1.5,-0.62,0,-6.82,82751,1621610912.25888
738.07,1.5,-0.62,0,-6.87,82770,1621610912.27934
738.07,1.5,-0.62,0,-6.9,82791,1621610912.30022
738.07,1.5,-0.62,0,-6.95,82810,1621610912.32109
738.07,1.5,-0.62,0,-7.02,82831,1621610912.34111
738.07,1.5,-0.62,0,-7.07,82850,1621610912.36175
738.07,1.5,-0.62,0,-7.15,82871,1621610912.38224
738.07,1.5,-0.62,0,-7.22,82890,1621610912.40753
738.07,1.5,-0.62,0,-7.28,82911,1621610912.41879
738.07,1.5,-0.62,0,-7.35,82930,1621610912.4386
738.07,1.5,-0.62,0,-7.43,82951,1621610912.45923
738.07,1.5,-0.62,0,-7.5,82970,1621610912.47982
738.07,1.5,-0.62,0,-7.6,82991,1621610912.50037
738.07,1.5,-0.62,0,-7.7,83011,1621610912.52051
738.07,1.5,-0.62,0,-7.82,83031,1621610912.54185
738.07,1.5,-0.62,0,-7.93,83051,1621610912.562
738.07,1.5,-0.62,0,-8.08,83070,1621610912.58232
738.07,1.5,-0.62,0,-8.22,83091,1621610912.60385
738.07,1.5,-0.62,0,-8.35,83110,1621610912.61918
738.07,1.5,-0.62,0,-8.47,83131,1621610912.64051
738.07,1.5,-0.62,0,-8.58,83150,1621610912.65981
738.07,1.5,-0.62,0,-8.7,83171,1621610912.68034
738.07,1.5,-0.62,0,-8.82,83190,1621610912.70287
738.07,1.5,-0.62,0,-8.95,83211,1621610912.72161
738.07,1.5,-0.62,0,-9.05,83230,1621610912.74199
738.07,1.5,-0.62,0,-9.17,83251,1621610912.76269
738.07,1.5,-0.62,0,-9.27,83270,1621610912.78312
738.07,1.5,-0.62,0,-9.35,83291,1621610912.80129
738.07,1.5,-0.62,0,-9.43,83311,1621610912.82041
738.07,1.5,-0.62,0,-9.52,83331,1621610912.84041
738.07,1.5,-0.62,0,-9.58,83350,1621610912.86076
738.07,1.5,-0.62,0,-9.67,83371,1621610912.88064
738.07,1.5,-0.62,0,-9.77,83391,1621610912.90231
738.07,1.5,-0.62,0,-9.87,83410,1621610912.9225
738.07,1.5,-0.62,0,-10,83431,1621610912.94283
738.07,1.5,-0.62,0,-10.13,83450,1621610912.96374
738.07,1.5,-0.62,0,-10.28,83471,1621610912.98023
738.07,1.5,-0.62,0,-10.45,83490,1621610913.00053
738.07,1.5,-0.62,0,-10.6,83511,1621610913.02036
738.07,1.5,-0.62,0,-10.77,83530,1621610913.04944
738.07,1.5,-0.62,0,-10.92,83551,1621610913.06246
738.07,1.5,-0.62,0,-11.08,83570,1621610913.08237
738.07,1.5,-0.62,0,-11.25,83591,1621610913.10252
738.07,1.5,-0.62,0,-11.4,83610,1621610913.12764
738.07,1.5,-0.62,0,-11.57,83631,1621610913.14406
738.07,1.5,-0.62,0,-11.72,83651,1621610913.15985
738.07,1.5,-0.62,0,-11.87,83671,1621610913.18039
738.07,1.5,-0.62,0,-11.98,83691,1621610913.20072
738.07,1.5,-0.62,0,-12.1,83710,1621610913.22114
738.07,1.5,-0.62,0,-12.18,83731,1621610913.25132
738.07,1.5,-0.62,0,-12.27,83750,1621610913.26479
738.07,1.5,-0.62,0,-12.35,83771,1621610913.28316
738.07,1.5,-0.62,0,-12.42,83790,1621610913.30294
738.07,1.5,-0.62,0,-12.48,83811,1621610913.32845
738.07,1.5,-0.62,0,-12.57,83830,1621610913.34004
738.07,1.5,-0.62,0,-12.63,83851,1621610913.36527
738.07,1.5,-0.62,0,-12.68,83871,1621610913.38974
738.07,1.5,-0.62,0,-12.75,83891,1621610913.40203
738.07,1.5,-0.62,0,-12.82,83911,1621610913.42145
738.07,1.5,-0.62,0,-12.9,83931,1621610913.44253
738.07,1.5,-0.62,0,-12.98,83951,1621610913.46299
738.07,1.5,-0.62,0,-13.07,83971,1621610913.4836
738.07,1.5,-0.62,0,-13.15,83991,1621610913.50344
738.07,1.5,-0.62,0,-13.23,84011,1621610913.52392
738.07,1.5,-0.62,0,-13.33,84031,1621610913.54923
738.07,1.5,-0.62,0,-13.42,84050,1621610913.57016
738.07,1.5,-0.62,0,-13.52,84071,1621610913.58606
738.07,1.5,-0.62,0,-13.63,84090,1621610913.60221
738.07,1.5,-0.62,0,-13.73,84111,1621610913.62233
738.07,1.5,-0.62,0,-13.87,84130,1621610913.64246
738.07,1.5,-0.62,0,-14,84151,1621610913.66301
738.07,1.5,-0.62,0,-14.12,84170,1621610913.68463
738.07,1.5,-0.62,0,-14.22,84191,1621610913.70004
738.07,1.5,-0.62,0,-14.33,84210,1621610913.72026
738.07,1.5,-0.62,0,-14.42,84231,1621610913.74153
738.07,1.5,-0.62,0,-14.5,84251,1621610913.76478
738.07,1.5,-0.62,0,-14.58,84271,1621610913.78538
738.07,1.5,-0.62,0,-14.65,84290,1621610913.80599
738.07,1.5,-0.62,0,-14.72,84311,1621610913.82464
738.07,1.5,-0.62,0,-14.78,84331,1621610913.84315
738.07,1.5,-0.62,0,-14.83,84350,1621610913.86438
738.07,1.5,-0.62,0,-14.9,84371,1621610913.88465
738.07,1.5,-0.62,0,-14.97,84390,1621610913.90145
738.07,1.5,-0.62,0,-15.05,84411,1621610913.92257
738.07,1.5,-0.62,0,-15.13,84430,1621610913.94233
738.07,1.5,-0.62,0,-15.2,84451,1621610913.9626
738.07,1.5,-0.62,0,-15.28,84470,1621610913.98341
738.07,1.5,-0.62,0,-15.37,84491,1621610914.00322
738.07,1.5,-0.62,0,-15.47,84510,1621610914.02478
738.07,1.5,-0.62,0,-15.55,84531,1621610914.04502
738.07,1.5,-0.62,0,-15.65,84551,1621610914.06539
738.07,1.5,-0.62,0,-15.75,84571,1621610914.08262
738.07,1.5,-0.62,0,-15.83,84591,1621610914.1028
738.07,1.5,-0.62,0,-15.92,84611,1621610914.12277
738.07,1.5,-0.62,0,-16,84631,1621610914.14376
738.07,1.5,-0.62,0,-16.08,84651,1621610914.16423
738.07,1.5,-0.62,0,-16.17,84671,1621610914.18761
738.07,1.5,-0.62,0,-16.25,84690,1621610914.2041
738.07,1.5,-0.62,0,-16.35,84711,1621610914.22443
738.07,1.5,-0.62,0,-16.45,84730,1621610914.24447
738.07,1.5,-0.62,0,-16.58,84751,1621610914.2616
738.07,1.5,-0.62,0,-16.73,84770,1621610914.28182
738.07,1.5,-0.62,0,-16.88,84791,1621610914.30217
738.07,1.5,-0.62,0,-17.05,84810,1621610914.32296
738.07,1.5,-0.62,0,-17.18,84831,1621610914.34455
738.07,1.5,-0.62,0,-17.33,84850,1621610914.36497
738.07,1.5,-0.62,0,-17.47,84871,1621610914.38503
738.07,1.5,-0.62,0,-17.6,84891,1621610914.40513
738.07,1.5,-0.62,0,-17.73,84911,1621610914.42652
738.07,1.5,-0.62,0,-17.83,84931,1621610914.44202
738.07,1.5,-0.62,0,-17.92,84951,1621610914.46295
738.07,1.5,-0.62,0,-17.98,84971,1621610914.4829
738.07,1.5,-0.62,0,-18.03,84990,1621610914.51027
738.07,1.5,-0.62,0,-18.1,85011,1621610914.52518
738.07,1.5,-0.62,0,-18.15,85030,1621610914.54665
738.07,1.5,-0.62,0,-18.22,85051,1621610914.56516
738.07,1.5,-0.62,0,-18.3,85070,1621610914.58543
738.07,1.5,-0.62,0,-18.38,85091,1621610914.60575
738.07,1.5,-0.62,0,-18.48,85110,1621610914.6214
738.07,1.5,-0.62,0,-18.58,85131,1621610914.64294
738.07,1.5,-0.62,0,-18.68,85151,1621610914.66241
738.07,1.5,-0.62,0,-18.8,85171,1621610914.68426
738.07,1.5,-0.62,0,-18.9,85191,1621610914.70511
738.07,1.5,-0.62,0,-19,85211,1621610914.72618
738.07,1.5,-0.62,0,-19.12,85231,1621610914.74604
738.07,1.5,-0.62,0,-19.22,85251,1621610914.76569
738.07,1.5,-0.62,0,-19.32,85271,1621610914.78595
738.07,1.5,-0.62,0,-19.4,85291,1621610914.80301
738.07,1.5,-0.62,0,-19.48,85311,1621610914.82309
738.07,1.5,-0.62,0,-19.57,85330,1621610914.84377
738.07,1.5,-0.62,0,-19.67,85351,1621610914.86388
738.07,1.5,-0.62,0,-19.75,85370,1621610914.88442
738.07,1.5,-0.62,0,-19.85,85391,1621610914.90504
738.07,1.5,-0.62,0,-19.95,85410,1621610914.92594
738.07,1.5,-0.62,0,-20.07,85431,1621610914.94567
738.07,1.5,-0.62,0,-20.18,85450,1621610914.96618
738.07,1.5,-0.62,0,-20.28,85471,1621610914.98309
738.07,1.5,-0.62,0,-20.38,85491,1621610915.00302
738.07,1.5,-0.62,0,-20.47,85511,1621610915.02371
738.07,1.5,-0.62,0,-20.57,85531,1621610915.04451
738.07,1.5,-0.62,0,-20.67,85551,1621610915.06469
738.07,1.5,-0.62,0,-20.77,85571,1621610915.08932
738.07,1.5,-0.62,0,-20.88,85591,1621610915.1093
738.07,1.5,-0.62,0,-20.98,85611,1621610915.13091
738.07,1.5,-0.62,0,-21.07,85630,1621610915.14612
738.07,1.5,-0.62,0,-21.15,85651,1621610915.16183
738.07,1.5,-0.62,0,-21.23,85670,1621610915.18244
738.07,1.5,-0.62,0,-21.32,85691,1621610915.20363
738.07,1.5,-0.62,0,-21.4,85710,1621610915.22393
738.07,1.5,-0.62,0,-21.45,85731,1621610915.24479
738.07,1.5,-0.62,0,-21.5,85750,1621610915.26665
738.07,1.5,-0.62,0,-21.55,85771,1621610915.28685
738.07,1.5,-0.62,0,-21.62,85790,1621610915.30818
738.07,1.5,-0.62,0,-21.65,85811,1621610915.32702
738.07,1.5,-0.62,0,-21.7,85831,1621610915.34272
738.07,1.5,-0.62,0,-21.75,85851,1621610915.37268
738.07,1.5,-0.62,0,-21.8,85871,1621610915.38542
738.07,1.5,-0.62,0,-21.85,85891,1621610915.40355
738.07,1.5,-0.62,0,-21.92,85911,1621610915.42479
738.07,1.5,-0.62,0,-21.97,85931,1621610915.44499
738.07,1.5,-0.62,0,-22.05,85951,1621610915.46856
738.07,1.5,-0.62,0,-22.13,85970,1621610915.48653
738.07,1.5,-0.62,0,-22.25,85991,1621610915.50828
738.07,1.5,-0.62,0,-22.38,86010,1621610915.5232
738.07,1.5,-0.62,0,-22.52,86031,1621610915.54346
738.07,1.5,-0.62,0,-22.65,86050,1621610915.56417
738.07,1.5,-0.62,0,-22.75,86071,1621610915.5848
738.07,1.5,-0.62,0,-22.87,86090,1621610915.60621
738.07,1.5,-0.62,0,-22.95,86111,1621610915.62672
738.07,1.5,-0.62,0,-23.03,86131,1621610915.64626
738.07,1.5,-0.62,0,-23.1,86151,1621610915.66674
738.07,1.5,-0.62,0,-23.15,86171,1621610915.68695
738.07,1.5,-0.62,0,-23.2,86191,1621610915.70483
738.07,1.5,-0.62,0,-23.23,86211,1621610915.72425
738.07,1.5,-0.62,0,-23.27,86231,1621610915.74399
738.07,1.5,-0.62,0,-23.32,86251,1621610915.76687
738.07,1.5,-0.62,0,-23.35,86270,1621610915.78746
738.07,1.5,-0.62,0,-23.4,86291,1621610915.80989
738.07,1.5,-0.62,0,-23.43,86310,1621610915.82844
738.07,1.5,-0.62,0,-23.48,86331,1621610915.84807
738.07,1.5,-0.62,0,-23.53,86350,1621610915.86887
738.07,1.5,-0.62,0,-23.58,86371,1621610915.88534
738.07,1.5,-0.62,0,-23.65,86390,1621610915.90391
738.07,1.5,-0.62,0,-23.72,86411,1621610915.9239
738.07,1.5,-0.62,0,-23.82,86431,1621610915.94468
738.07,1.5,-0.62,0,-23.92,86451,1621610915.96528
738.07,1.5,-0.62,0,-24.02,86471,1621610915.98627
738.07,1.5,-0.62,0,-24.12,86491,1621610916.00602
738.07,1.5,-0.62,0,-24.2,86510,1621610916.0269
738.07,1.5,-0.62,0,-24.27,86531,1621610916.04778
738.07,1.5,-0.62,0,-24.35,86551,1621610916.06798
738.07,1.5,-0.62,0,-24.4,86571,1621610916.08524
738.07,1.5,-0.62,0,-24.47,86591,1621610916.10524
738.07,1.5,-0.62,0,-24.52,86610,1621610916.12562
738.07,1.5,-0.62,0,-24.57,86631,1621610916.14576
738.07,1.5,-0.62,0,-24.6,86650,1621610916.16618
738.07,1.5,-0.62,0,-24.65,86671,1621610916.18657
738.07,1.5,-0.62,0,-24.72,86690,1621610916.20721
738.07,1.5,-0.62,0,-24.78,86711,1621610916.22765
738.07,1.5,-0.62,0,-24.85,86730,1621610916.24428
738.07,1.5,-0.62,0,-24.93,86751,1621610916.2649
738.07,1.5,-0.62,0,-25.02,86771,1621610916.28501
738.07,1.5,-0.62,0,-25.1,86791,1621610916.305
738.07,1.5,-0.62,0,-25.17,86811,1621610916.32644
738.07,1.5,-0.62,0,-25.23,86831,1621610916.35581
738.07,1.5,-0.62,0,-25.28,86851,1621610916.36954
738.07,1.5,-0.62,0,-25.33,86871,1621610916.38655
738.07,1.5,-0.62,0,-25.37,86891,1621610916.40677
738.07,1.5,-0.62,0,-25.42,86910,1621610916.433
738.07,1.5,-0.62,0,-25.47,86931,1621610916.4516
738.07,1.5,-0.62,0,-25.5,86950,1621610916.46597
738.07,1.5,-0.62,0,-25.55,86971,1621610916.48511
738.07,1.5,-0.62,0,-25.58,86990,1621610916.50625
738.07,1.5,-0.62,0,-25.62,87011,1621610916.52637
738.07,1.5,-0.62,0,-25.65,87030,1621610916.54674
738.07,1.5,-0.62,0,-25.68,87051,1621610916.5673
738.07,1.5,-0.62,0,-25.72,87070,1621610916.58797
738.07,1.5,-0.62,0,-25.75,87091,1621610916.60998
738.07,1.5,-0.62,0,-25.8,87110,1621610916.62554
738.07,1.5,-0.62,0,-25.83,87131,1621610916.64482
738.07,1.5,-0.62,0,-25.88,87151,1621610916.66628
738.07,1.5,-0.62,0,-25.92,87171,1621610916.68668
738.07,1.5,-0.62,0,-25.98,87191,1621610916.70669
738.07,1.5,-0.62,0,-26.05,87211,1621610916.72709
738.07,1.5,-0.62,0,-26.12,87231,1621610916.7479
738.07,1.5,-0.62,0,-26.2,87250,1621610916.76817
738.07,1.5,-0.62,0,-26.32,87271,1621610916.78866
738.07,1.5,-0.62,0,-26.43,87290,1621610916.80535
738.07,1.5,-0.62,0,-26.57,87311,1621610916.82618
738.07,1.5,-0.62,0,-26.72,87330,1621610916.84631
738.07,1.5,-0.62,0,-26.87,87351,1621610916.86671
738.07,1.5,-0.62,0,-27.02,87370,1621610916.88735
738.07,1.5,-0.62,0,-27.13,87391,1621610916.90774
738.07,1.5,-0.62,0,-27.27,87410,1621610916.93273
738.07,1.5,-0.62,0,-27.37,87431,1621610916.94801
738.07,1.5,-0.62,0,-27.45,87451,1621610916.96816
738.07,1.5,-0.62,0,-27.5,87471,1621610916.98453
738.07,1.5,-0.62,0,-27.55,87491,1621610917.00565
738.07,1.5,-0.62,0,-27.62,87511,1621610917.0259
738.07,1.5,-0.62,0,-27.67,87531,1621610917.0458
738.07,1.5,-0.62,0,-27.73,87550,1621610917.07599
738.07,1.5,-0.62,0,-27.8,87571,1621610917.0923
738.07,1.5,-0.62,0,-27.87,87590,1621610917.10736
738.07,1.5,-0.62,0,-27.93,87611,1621610917.12858
738.07,1.5,-0.62,0,-28,87630,1621610917.14877
738.07,1.5,-0.62,0,-28.08,87651,1621610917.16575
738.07,1.5,-0.62,0,-28.15,87670,1621610917.18674
738.07,1.5,-0.62,0,-28.22,87691,1621610917.20711
738.07,1.5,-0.62,0,-28.27,87710,1621610917.22828
738.07,1.5,-0.62,0,-28.33,87731,1621610917.24788
738.07,1.5,-0.62,0,-28.4,87750,1621610917.2732
738.07,1.5,-0.62,0,-28.47,87771,1621610917.28763
738.07,1.5,-0.62,0,-28.55,87791,1621610917.30876
738.07,1.5,-0.62,0,-28.65,87811,1621610917.32826
738.07,1.5,-0.62,0,-28.75,87831,1621610917.34958
738.07,1.5,-0.62,0,-28.87,87851,1621610917.36533
738.07,1.5,-0.62,0,-28.98,87871,1621610917.39536
738.07,1.5,-0.62,0,-29.12,87890,1621610917.41381
738.07,1.5,-0.62,0,-29.27,87911,1621610917.42744
738.07,1.5,-0.62,0,-29.38,87930,1621610917.44724
738.07,1.5,-0.62,0,-29.48,87951,1621610917.46873
738.07,1.5,-0.62,0,-29.58,87970,1621610917.48816
738.07,1.5,-0.62,0,-29.67,87991,1621610917.50922
738.07,1.5,-0.62,0,-29.73,88010,1621610917.52669
738.07,1.5,-0.62,0,-29.8,88031,1621610917.54613
738.07,1.5,-0.62,0,-29.85,88050,1621610917.56685
738.07,1.5,-0.62,0,-29.9,88071,1621610917.58924
738.07,1.5,-0.62,0,-29.95,88091,1621610917.61029
738.07,1.5,-0.62,0,-29.98,88111,1621610917.6341
738.07,1.5,-0.62,0,-30.03,88131,1621610917.65175
738.07,1.5,-0.62,0,-30.07,88151,1621610917.66829
738.07,1.5,-0.62,0,-30.12,88171,1621610917.69403
738.07,1.5,-0.62,0,-30.15,88190,1621610917.71063
738.07,1.5,-0.62,0,-30.2,88211,1621610917.72612
738.07,1.5,-0.62,0,-30.23,88230,1621610917.74724
738.07,1.5,-0.62,0,-30.28,88251,1621610917.76681
738.07,1.5,-0.62,0,-30.33,88270,1621610917.78881
738.07,1.5,-0.62,0,-30.38,88291,1621610917.81301
738.07,1.5,-0.62,0,-30.43,88311,1621610917.83136
738.07,1.5,-0.62,0,-30.47,88331,1621610917.8493
738.07,1.5,-0.62,0,-30.53,88350,1621610917.86969
738.07,1.5,-0.62,0,-30.58,88371,1621610917.88559
738.07,1.5,-0.62,0,-30.65,88391,1621610917.91576
738.07,1.5,-0.62,0,-30.72,88411,1621610917.92976
738.07,1.5,-0.62,0,-30.77,88431,1621610917.94705
738.07,1.5,-0.62,0,-30.85,88451,1621610917.9687
738.07,1.5,-0.62,0,-30.95,88471,1621610917.98908
738.07,1.5,-0.62,0,-31.05,88491,1621610918.00947
738.07,1.5,-0.62,0,-31.17,88511,1621610918.0295
738.07,1.5,-0.62,0,-31.28,88530,1621610918.05659
738.07,1.5,-0.62,0,-31.38,88551,1621610918.07156
738.07,1.5,-0.62,0,-31.48,88570,1621610918.08745
738.07,1.5,-0.62,0,-31.58,88591,1621610918.10738
738.07,1.5,-0.62,0,-31.67,88610,1621610918.12766
738.07,1.5,-0.62,0,-31.72,88631,1621610918.1479
738.07,1.5,-0.62,0,-31.78,88650,1621610918.16948
738.07,1.5,-0.62,0,-31.83,88671,1621610918.18943
738.07,1.5,-0.62,0,-31.88,88691,1621610918.21043
738.07,1.5,-0.62,0,-31.93,88711,1621610918.2303
738.07,1.5,-0.62,0,-31.98,88730,1621610918.25151
738.07,1.5,-0.62,0,-32.02,88751,1621610918.26728
738.07,1.5,-0.62,0,-32.07,88770,1621610918.29317
738.07,1.5,-0.62,0,-32.1,88791,1621610918.31624
738.07,1.5,-0.62,0,-32.12,88811,1621610918.3279
738.07,1.5,-0.62,0,-32.15,88830,1621610918.34885
738.07,1.5,-0.62,0,-32.17,88851,1621610918.36918
738.07,1.5,-0.62,0,-32.2,88870,1621610918.38972
738.07,1.5,-0.62,0,-32.23,88891,1621610918.41107
738.07,1.5,-0.62,0,-32.25,88910,1621610918.42807
738.07,1.5,-0.62,0,-32.28,88931,1621610918.44664
738.07,1.5,-0.62,0,-32.3,88950,1621610918.46711
738.07,1.5,-0.62,0,-32.33,88971,1621610918.48785
738.07,1.5,-0.62,0,-32.35,88991,1621610918.50972
738.07,1.5,-0.62,0,-32.38,89011,1621610918.52897
738.07,1.5,-0.62,0,-32.42,89031,1621610918.54915
738.07,1.5,-0.62,0,-32.43,89051,1621610918.57069
738.07,1.5,-0.62,0,-32.47,89071,1621610918.59222
738.07,1.5,-0.62,0,-32.5,89091,1621610918.61096
738.07,1.5,-0.62,0,-32.55,89111,1621610918.62752
738.07,1.5,-0.62,0,-32.6,89131,1621610918.64784
738.07,1.5,-0.62,0,-32.65,89151,1621610918.66953
738.07,1.5,-0.62,0,-32.72,89170,1621610918.69002
738.07,1.5,-0.62,0,-32.77,89191,1621610918.71256
738.07,1.5,-0.62,0,-32.83,89210,1621610918.73899
738.07,1.5,-0.62,0,-32.88,89231,1621610918.75046
738.07,1.5,-0.62,0,-32.95,89250,1621610918.77067
738.07,1.5,-0.62,0,-33,89271,1621610918.79073
738.07,1.5,-0.62,0,-33.07,89290,1621610918.80766
738.07,1.5,-0.62,0,-33.13,89311,1621610918.82764
738.07,1.5,-0.62,0,-33.2,89330,1621610918.84905
738.07,1.5,-0.62,0,-33.27,89351,1621610918.8702
738.07,1.5,-0.62,0,-33.35,89371,1621610918.89105
738.07,1.5,-0.62,0,-33.42,89391,1621610918.91162
738.07,1.5,-0.62,0,-33.48,89411,1621610918.93102
738.07,1.5,-0.62,0,-33.55,89431,1621610918.95131
738.07,1.5,-0.62,0,-33.6,89451,1621610918.97215
738.07,1.5,-0.62,0,-33.65,89470,1621610918.98903
738.07,1.5,-0.62,0,-33.7,89491,1621610919.01039
738.07,1.5,-0.62,0,-33.73,89510,1621610919.02986
738.07,1.5,-0.62,0,-33.78,89531,1621610919.05009
738.07,1.5,-0.62,0,-33.82,89550,1621610919.07077
738.07,1.5,-0.62,0,-33.85,89571,1621610919.0908
738.07,1.5,-0.62,0,-33.88,89590,1621610919.11208
738.07,1.5,-0.62,0,-33.92,89611,1621610919.13177
738.07,1.5,-0.62,0,-33.95,89631,1621610919.15565
738.07,1.5,-0.62,0,-33.98,89651,1621610919.17136
738.07,1.5,-0.62,0,-34.02,89671,1621610919.19151
738.07,1.5,-0.62,0,-34.03,89691,1621610919.21024
738.07,1.5,-0.62,0,-34.07,89711,1621610919.23057
738.07,1.5,-0.62,0,-34.1,89731,1621610919.25064
738.07,1.5,-0.62,0,-34.12,89751,1621610919.27163
738.07,1.5,-0.62,0,-34.15,89771,1621610919.29192
738.07,1.5,-0.62,0,-34.18,89791,1621610919.31202
738.07,1.5,-0.62,0,-34.22,89811,1621610919.33199
738.07,1.5,-0.62,0,-34.27,89831,1621610919.34885
738.07,1.5,-0.62,0,-34.32,89850,1621610919.36999
738.07,1.5,-0.62,0,-34.37,89871,1621610919.39011
738.07,1.5,-0.62,0,-34.43,89890,1621610919.41091
738.07,1.5,-0.62,0,-34.5,89911,1621610919.43107
738.07,1.5,-0.62,0,-34.58,89930,1621610919.45136
738.07,1.5,-0.62,0,-34.67,89951,1621610919.47185
738.07,1.5,-0.62,0,-34.77,89971,1621610919.49233
738.07,1.5,-0.62,0,-34.87,89991,1621610919.51267
738.07,1.5,-0.62,0,-34.97,90011,1621610919.53285
738.07,1.5,-0.62,0,-35.07,90031,1621610919.54979
738.07,1.5,-0.62,0,-35.15,90051,1621610919.57008
738.07,1.5,-0.62,0,-35.23,90071,1621610919.5906
738.07,1.5,-0.62,0,-35.32,90091,1621610919.61179
738.07,1.5,-0.62,0,-35.38,90110,1621610919.63184
738.07,1.5,-0.62,0,-35.45,90131,1621610919.65221
738.07,1.5,-0.62,0,-35.52,90150,1621610919.67269
738.07,1.5,-0.62,0,-35.58,90171,1621610919.69317
738.07,1.5,-0.62,0,-35.63,90190,1621610919.71322
738.07,1.5,-0.62,0,-35.68,90211,1621610919.72982
738.07,1.5,-0.62,0,-35.73,90230,1621610919.75029
738.07,1.5,-0.62,0,-35.77,90251,1621610919.77063
738.07,1.5,-0.62,0,-35.82,90271,1621610919.79152
738.07,1.5,-0.62,0,-35.87,90291,1621610919.81286
738.07,1.5,-0.62,0,-35.9,90311,1621610919.83225
738.07,1.5,-0.62,0,-35.93,90331,1621610919.85288
738.07,1.5,-0.62,0,-35.97,90351,1621610919.87326
738.07,1.5,-0.62,0,-35.98,90371,1621610919.89041
738.07,1.5,-0.62,0,-36.03,90391,1621610919.91193
738.07,1.5,-0.62,0,-36.07,90411,1621610919.93115
738.07,1.5,-0.62,0,-36.1,90431,1621610919.9517
738.07,1.5,-0.62,0,-36.13,90450,1621610919.97194
738.07,1.5,-0.62,0,-36.17,90471,1621610919.99252
738.07,1.5,-0.62,0,-36.2,90490,1621610920.01339
738.07,1.5,-0.62,0,-36.23,90511,1621610920.03368
738.07,1.5,-0.62,0,-36.28,90530,1621610920.05322
738.07,1.5,-0.62,0,-36.32,90551,1621610920.06994
738.07,1.5,-0.62,0,-36.37,90571,1621610920.09046
738.07,1.5,-0.62,0,-36.4,90591,1621610920.11113
738.07,1.5,-0.62,0,-36.43,90610,1621610920.1315
738.07,1.5,-0.62,0,-36.48,90631,1621610920.15177
738.07,1.5,-0.62,0,-36.52,90650,1621610920.1772
738.07,1.5,-0.62,0,-36.55,90671,1621610920.19289
738.07,1.5,-0.62,0,-36.57,90691,1621610920.21246
738.07,1.5,-0.62,0,-36.6,90711,1621610920.23794
738.07,1.5,-0.62,0,-36.63,90731,1621610920.25336
738.07,1.5,-0.62,0,-36.65,90750,1621610920.26984
738.07,1.5,-0.62,0,-36.68,90771,1621610920.29097
738.07,1.5,-0.62,0,-36.72,90790,1621610920.31067
738.07,1.5,-0.62,0,-36.75,90811,1621610920.33144
738.07,1.5,-0.62,0,-36.77,90830,1621610920.35192
738.07,1.5,-0.62,0,-36.8,90851,1621610920.37227
738.07,1.5,-0.62,0,-36.83,90871,1621610920.39285
738.07,1.5,-0.62,0,-36.87,90891,1621610920.4138
738.07,1.5,-0.62,0,-36.9,90911,1621610920.43475
738.07,1.5,-0.62,0,-36.93,90931,1621610920.45011
738.07,1.5,-0.62,0,-36.97,90951,1621610920.47154
738.07,1.5,-0.62,0,-37.02,90971,1621610920.49163
738.07,1.5,-0.62,0,-37.08,90991,1621610920.5116
738.07,1.5,-0.62,0,-37.15,91011,1621610920.53178
738.07,1.5,-0.62,0,-37.25,91031,1621610920.55376
738.07,1.5,-0.62,0,-37.33,91051,1621610920.57845
738.07,1.5,-0.62,0,-37.43,91071,1621610920.59419
738.07,1.5,-0.62,0,-37.53,91090,1621610920.61425
738.07,1.5,-0.62,0,-37.6,91111,1621610920.63058
738.07,1.5,-0.62,0,-37.68,91130,1621610920.65147
738.07,1.5,-0.62,0,-37.78,91151,1621610920.67158
738.07,1.5,-0.62,0,-37.85,91170,1621610920.6919
738.07,1.5,-0.62,0,-37.93,91191,1621610920.71216
738.07,1.5,-0.62,0,-38,91210,1621610920.73956
738.07,1.5,-0.62,0,-38.07,91231,1621610920.75467
738.07,1.5,-0.62,0,-38.12,91250,1621610920.7739
738.07,1.5,-0.62,0,-38.18,91271,1621610920.79422
738.07,1.5,-0.62,0,-38.23,91291,1621610920.8144
738.07,1.5,-0.62,0,-38.27,91311,1621610920.83112
738.07,1.5,-0.62,0,-38.3,91331,1621610920.85153
738.07,1.5,-0.62,0,-38.35,91351,1621610920.8719
738.07,1.5,-0.62,0,-38.38,91371,1621610920.8934
738.07,1.5,-0.62,0,-38.4,91390,1621610920.91405
738.07,1.5,-0.62,0,-38.43,91411,1621610920.93402
738.07,1.5,-0.62,0,-38.45,91430,1621610920.95379
738.07,1.5,-0.62,0,-38.48,91451,1621610920.97433
738.07,1.5,-0.62,0,-38.5,91470,1621610920.99128
738.07,1.5,-0.62,0,-38.53,91491,1621610921.01199
738.07,1.5,-0.62,0,-38.55,91511,1621610921.03187
738.07,1.5,-0.62,0,-38.58,91531,1621610921.05345
738.07,1.5,-0.62,0,-38.62,91551,1621610921.07306
738.07,1.5,-0.62,0,-38.65,91571,1621610921.10077
738.07,1.5,-0.62,0,-38.68,91591,1621610921.11553
738.07,1.5,-0.62,0,-38.72,91611,1621610921.13489
738.07,1.5,-0.62,0,-38.73,91631,1621610921.15467
738.07,1.5,-0.62,0,-38.77,91651,1621610921.17533
738.07,1.5,-0.62,0,-38.8,91671,1621610921.19595
738.07,1.5,-0.62,0,-38.83,91691,1621610921.22516
738.07,1.5,-0.62,0,-38.88,91711,1621610921.2344
738.07,1.5,-0.62,0,-38.92,91730,1621610921.25281
738.07,1.5,-0.62,0,-38.95,91751,1621610921.27446
738.07,1.5,-0.62,0,-39,91770,1621610921.2947
738.07,1.5,-0.62,0,-39.03,91791,1621610921.31591
738.07,1.5,-0.62,0,-39.07,91810,1621610921.33532
738.07,1.5,-0.62,0,-39.1,91831,1621610921.35574
738.07,1.5,-0.62,0,-39.12,91850,1621610921.37162
738.07,1.5,-0.62,0,-39.15,91871,1621610921.39271
738.07,1.5,-0.62,0,-39.17,91890,1621610921.41482
738.07,1.5,-0.62,0,-39.2,91911,1621610921.4353
738.07,1.5,-0.62,0,-39.22,91931,1621610921.45393
738.07,1.5,-0.62,0,-39.23,91951,1621610921.47335
738.07,1.5,-0.62,0,-39.25,91970,1621610921.49409
738.07,1.5,-0.62,0,-39.27,91991,1621610921.51559
738.07,1.5,-0.62,0,-39.28,92011,1621610921.53699
738.07,1.5,-0.62,0,-39.28,92032,1621610921.55253
738.07,1.5,-0.62,0,-39.3,92051,1621610921.57315
738.07,1.5,-0.62,0,-39.32,92070,1621610921.59383
738.07,1.5,-0.62,0,-39.32,92091,1621610921.61579
738.07,1.5,-0.62,0,-39.33,92110,1621610921.6346
738.07,1.5,-0.62,0,-39.35,92131,1621610921.65647
738.07,1.5,-0.62,0,-39.35,92151,1621610921.67599
738.07,1.5,-0.62,0,-39.37,92171,1621610921.6964
738.07,1.5,-0.62,0,-39.37,92190,1621610921.71201
738.07,1.5,-0.62,0,-39.38,92211,1621610921.73235
738.07,1.5,-0.62,0,-39.38,92230,1621610921.75248
738.07,1.5,-0.62,0,-39.4,92251,1621610921.77348
738.07,1.5,-0.62,0,-39.42,92271,1621610921.79416
738.07,1.5,-0.62,0,-39.42,92291,1621610921.81482
738.07,1.5,-0.62,0,-39.43,92311,1621610921.84168
738.07,1.5,-0.62,0,-39.43,92331,1621610921.85648
738.07,1.5,-0.62,0,-39.45,92351,1621610921.87529
738.07,1.5,-0.62,0,-39.45,92370,1621610921.89552
738.07,1.5,-0.62,0,-39.47,92391,1621610921.91222
738.07,1.5,-0.62,0,-39.48,92411,1621610921.93254
738.07,1.5,-0.62,0,-39.5,92431,1621610921.95489
738.07,1.5,-0.62,0,-39.52,92450,1621610921.97531
738.07,1.5,-0.62,0,-39.52,92471,1621610921.99561
738.07,1.5,-0.62,0,-39.53,92490,1621610922.01659
738.07,1.5,-0.62,0,-39.55,92511,1621610922.03612
738.07,1.5,-0.62,0,-39.57,92531,1621610922.05618
738.07,1.5,-0.62,0,-39.57,92551,1621610922.07662
738.07,1.5,-0.62,0,-39.58,92570,1621610922.09251
738.07,1.5,-0.62,0,-39.6,92591,1621610922.11308
738.07,1.5,-0.62,0,-39.62,92611,1621610922.13387
738.07,1.5,-0.62,0,-39.63,92631,1621610922.15523
738.07,1.5,-0.62,0,-39.65,92651,1621610922.17594
738.07,1.5,-0.62,0,-39.67,92670,1621610922.1961
738.07,1.5,-0.62,0,-39.68,92691,1621610922.21588
738.07,1.5,-0.62,0,-39.72,92710,1621610922.23694
738.07,1.5,-0.62,0,-39.75,92731,1621610922.25732
738.07,1.5,-0.62,0,-39.78,92750,1621610922.27312
738.07,1.5,-0.62,0,-39.82,92771,1621610922.30281
738.07,1.5,-0.62,0,-39.85,92790,1621610922.31515
738.07,1.5,-0.62,0,-39.9,92811,1621610922.33402
738.07,1.5,-0.62,0,-39.93,92830,1621610922.3545
738.07,1.5,-0.62,0,-39.98,92851,1621610922.37473
738.07,1.5,-0.62,0,-40.02,92871,1621610922.39593
738.07,1.5,-0.62,0,-40.07,92891,1621610922.41603
738.07,1.5,-0.62,0,-40.12,92911,1621610922.44232
738.07,1.5,-0.62,0,-40.15,92931,1621610922.45656
738.07,1.5,-0.62,0,-40.2,92951,1621610922.47427
738.07,1.5,-0.62,0,-40.25,92971,1621610922.49376
738.07,1.5,-0.62,0,-40.3,92991,1621610922.51478
738.07,1.5,-0.62,0,-40.33,93010,1621610922.54494
738.07,1.5,-0.62,0,-40.37,93031,1621610922.55663
738.07,1.5,-0.62,0,-40.4,93050,1621610922.57566
738.07,1.5,-0.62,0,-40.43,93071,1621610922.59725
738.07,1.5,-0.62,0,-40.47,93090,1621610922.61731
738.07,1.5,-0.62,0,-40.48,93111,1621610922.63731
738.07,1.5,-0.62,0,-40.5,93130,1621610922.65406
738.07,1.5,-0.62,0,-40.52,93151,1621610922.67456
738.07,1.5,-0.62,0,-40.53,93170,1621610922.69484
738.07,1.5,-0.62,0,-40.57,93191,1621610922.71579
738.07,1.5,-0.62,0,-40.58,93210,1621610922.73593
738.07,1.5,-0.62,0,-40.62,93231,1621610922.75661
738.07,1.5,-0.62,0,-40.63,93251,1621610922.77732
738.07,1.5,-0.62,0,-40.67,93271,1621610922.79784
738.07,1.5,-0.62,0,-40.7,93291,1621610922.82495
738.07,1.5,-0.62,0,-40.72,93310,1621610922.83776
738.07,1.5,-0.62,0,-40.73,93331,1621610922.85607
738.07,1.5,-0.62,0,-40.73,93350,1621610922.87509
738.07,1.5,-0.62,0,-40.75,93371,1621610922.89528
738.07,1.5,-0.62,0,-40.77,93390,1621610922.91643
738.07,1.5,-0.62,0,-40.78,93411,1621610922.93654
738.07,1.5,-0.62,0,-40.8,93430,1621610922.95683
738.07,1.5,-0.62,0,-40.82,93451,1621610922.97729
738.07,1.5,-0.62,0,-40.83,93470,1621610922.99429
738.07,1.5,-0.62,0,-40.85,93491,1621610923.01453
738.07,1.5,-0.62,0,-40.87,93510,1621610923.03476
738.07,1.5,-0.62,0,-40.88,93531,1621610923.05651
738.07,1.5,-0.62,0,-40.9,93551,1621610923.07726
738.07,1.5,-0.62,0,-40.92,93571,1621610923.09842
738.07,1.5,-0.62,0,-40.93,93591,1621610923.11819
738.07,1.5,-0.62,0,-40.95,93612,1621610923.13874
738.07,1.5,-0.62,0,-40.97,93631,1621610923.15847
738.07,1.5,-0.62,0,-40.98,93650,1621610923.17455
738.07,1.5,-0.62,0,-41.02,93671,1621610923.19624
738.07,1.5,-0.62,0,-41.03,93690,1621610923.21519
738.07,1.5,-0.62,0,-41.05,93711,1621610923.23704
738.07,1.5,-0.62,0,-41.07,93730,1621610923.26595
738.07,1.5,-0.62,0,-41.08,93751,1621610923.27772
738.07,1.5,-0.62,0,-41.12,93770,1621610923.2964
738.07,1.5,-0.62,0,-41.12,93791,1621610923.31742
738.07,1.5,-0.62,0,-41.13,93810,1621610923.33732
738.07,1.5,-0.62,0,-41.15,93831,1621610923.35804
738.07,1.5,-0.62,0,-41.17,93850,1621610923.37487
738.07,1.5,-0.62,0,-41.18,93871,1621610923.39528
738.07,1.5,-0.62,0,-41.2,93891,1621610923.41523
738.07,1.5,-0.62,0,-41.22,93911,1621610923.4356
738.07,1.5,-0.62,0,-41.22,93931,1621610923.45924
738.07,1.5,-0.62,0,-41.23,93950,1621610923.47929
738.07,1.5,-0.62,0,-41.23,93971,1621610923.49953
738.07,1.5,-0.62,0,-41.25,93990,1621610923.51826
738.07,1.5,-0.62,0,-41.27,94011,1621610923.53507
738.07,1.5,-0.62,0,-41.28,94031,1621610923.55518
738.07,1.5,-0.62,0,-41.28,94051,1621610923.57554
738.07,1.5,-0.62,0,-41.3,94070,1621610923.59603
738.07,1.5,-0.62,0,-41.32,94091,1621610923.61786
738.07,1.5,-0.62,0,-41.33,94110,1621610923.63623
738.07,1.5,-0.62,0,-41.35,94131,1621610923.66159
738.07,1.5,-0.62,0,-41.37,94150,1621610923.67739
738.07,1.5,-0.62,0,-41.38,94171,1621610923.69758
738.07,1.5,-0.62,0,-41.4,94190,1621610923.71905
738.07,1.5,-0.62,0,-41.42,94211,1621610923.73536
738.07,1.5,-0.62,0,-41.43,94231,1621610923.75571
738.07,1.5,-0.62,0,-41.43,94251,1621610923.77598
738.07,1.5,-0.62,0,-41.47,94271,1621610923.7964
738.07,1.5,-0.62,0,-41.48,94291,1621610923.81727
738.07,1.5,-0.62,0,-41.5,94311,1621610923.8374
738.07,1.5,-0.62,0,-41.52,94330,1621610923.85828
738.07,1.5,-0.62,0,-41.53,94351,1621610923.87852
738.07,1.5,-0.62,0,-41.57,94370,1621610923.89868
738.07,1.5,-0.62,0,-41.58,94391,1621610923.91595
738.07,1.5,-0.62,0,-41.62,94411,1621610923.94607
738.07,1.5,-0.62,0,-41.65,94431,1621610923.95743
738.07,1.5,-0.62,0,-41.7,94451,1621610923.97693
738.07,1.5,-0.62,0,-41.73,94471,1621610923.99715
738.07,1.5,-0.62,0,-41.78,94490,1621610924.01799
738.07,1.5,-0.62,0,-41.83,94511,1621610924.03886
738.07,1.5,-0.62,0,-41.88,94531,1621610924.05929
738.07,1.5,-0.62,0,-41.93,94551,1621610924.07958
738.07,1.5,-0.62,0,-41.98,94571,1621610924.09529
738.07,1.5,-0.62,0,-42.03,94590,1621610924.11564
738.07,1.5,-0.62,0,-42.1,94611,1621610924.13665
738.07,1.5,-0.62,0,-42.15,94630,1621610924.15696
738.07,1.5,-0.62,0,-42.18,94651,1621610924.17731
738.07,1.5,-0.62,0,-42.23,94670,1621610924.20308
738.07,1.5,-0.62,0,-42.27,94691,1621610924.2205
738.07,1.5,-0.62,0,-42.3,94711,1621610924.2386
738.07,1.5,-0.62,0,-42.32,94731,1621610924.25912
738.07,1.5,-0.62,0,-42.35,94750,1621610924.27652
738.07,1.5,-0.62,0,-42.37,94771,1621610924.29677
738.07,1.5,-0.62,0,-42.37,94790,1621610924.31799
738.07,1.5,-0.62,0,-42.38,94811,1621610924.33778
738.07,1.5,-0.62,0,-42.4,94830,1621610924.35817
738.07,1.5,-0.62,0,-42.42,94851,1621610924.37872
738.07,1.5,-0.62,0,-42.43,94871,1621610924.39921
738.07,1.5,-0.62,0,-42.43,94891,1621610924.42075
738.07,1.5,-0.62,0,-42.45,94911,1621610924.44015
738.07,1.5,-0.62,0,-42.45,94930,1621610924.45692
738.07,1.5,-0.62,0,-42.45,94951,1621610924.47728
738.07,1.5,-0.62,0,-42.47,94970,1621610924.49736
738.07,1.5,-0.62,0,-42.47,94991,1621610924.52169
738.07,1.5,-0.62,0,-42.48,95011,1621610924.54012
738.07,1.5,-0.62,0,-42.48,95031,1621610924.55817
738.07,1.5,-0.62,0,-42.5,95050,1621610924.57911
738.07,1.5,-0.62,0,-42.5,95071,1621610924.59923
738.07,1.5,-0.62,0,-42.52,95090,1621610924.61917
738.07,1.5,-0.62,0,-42.52,95111,1621610924.63563
738.07,1.5,-0.62,0,-42.52,95130,1621610924.65921
738.07,1.5,-0.62,0,-42.53,95151,1621610924.67964
738.07,1.5,-0.62,0,-42.53,95170,1621610924.69878
738.07,1.5,-0.62,0,-42.53,95191,1621610924.71762
738.07,1.5,-0.62,0,-42.55,95211,1621610924.73906
738.07,1.5,-0.62,0,-42.55,95232,1621610924.75933
738.07,1.5,-0.62,0,-42.55,95251,1621610924.78003
738.07,1.5,-0.62,0,-42.57,95270,1621610924.80075
738.07,1.5,-0.62,0,-42.57,95291,1621610924.81678
738.07,1.5,-0.62,0,-42.58,95310,1621610924.83713
738.07,1.5,-0.62,0,-42.6,95331,1621610924.85723
738.07,1.5,-0.62,0,-42.62,95351,1621610924.8785
738.07,1.5,-0.62,0,-42.63,95371,1621610924.90191
738.07,1.5,-0.62,0,-42.63,95390,1621610924.91927
738.07,1.5,-0.62,0,-42.63,95411,1621610924.93873
738.07,1.5,-0.62,0,-42.63,95430,1621610924.96133
738.07,1.5,-0.62,0,-42.63,95451,1621610924.98019
738.07,1.5,-0.62,0,-42.65,95470,1621610924.99701
738.07,1.5,-0.62,0,-42.65,95491,1621610925.01742
738.07,1.5,-0.62,0,-42.67,95511,1621610925.03749
738.07,1.5,-0.62,0,-42.67,95531,1621610925.06625
738.07,1.5,-0.62,0,-42.67,95551,1621610925.08023
738.07,1.5,-0.62,0,-42.68,95571,1621610925.09954
738.07,1.5,-0.62,0,-42.7,95591,1621610925.12299
738.07,1.5,-0.62,0,-42.7,95610,1621610925.13995
738.07,1.5,-0.62,0,-42.7,95631,1621610925.16421
738.07,1.5,-0.62,0,-42.72,95650,1621610925.17722
738.07,1.5,-0.62,0,-42.73,95671,1621610925.19724
738.07,1.5,-0.62,0,-42.75,95690,1621610925.21774
738.07,1.5,-0.62,0,-42.75,95711,1621610925.2381
738.07,1.5,-0.62,0,-42.77,95730,1621610925.25948
738.07,1.5,-0.62,0,-42.78,95751,1621610925.27995
738.07,1.5,-0.62,0,-42.78,95770,1621610925.30051
738.07,1.5,-0.62,0,-42.8,95791,1621610925.32081
738.07,1.5,-0.62,0,-42.82,95811,1621610925.34321
738.07,1.5,-0.62,0,-42.85,95831,1621610925.35881
738.07,1.5,-0.62,0,-42.87,95851,1621610925.37749
738.07,1.5,-0.62,0,-42.88,95872,1621610925.39897
738.07,1.5,-0.62,0,-42.9,95891,1621610925.42025
738.07,1.5,-0.62,0,-42.92,95910,1621610925.43954
738.07,1.5,-0.62,0,-42.95,95931,1621610925.45964
738.07,1.5,-0.62,0,-42.98,95950,1621610925.48027
738.07,1.5,-0.62,0,-43.02,95971,1621610925.50043
738.07,1.5,-0.62,0,-43.05,95990,1621610925.52039
738.07,1.5,-0.62,0,-43.1,96011,1621610925.54207
738.07,1.5,-0.62,0,-43.15,96030,1621610925.55775
738.07,1.5,-0.62,0,-43.2,96051,1621610925.57882
738.07,1.5,-0.62,0,-43.27,96070,1621610925.59897
738.07,1.5,-0.62,0,-43.32,96091,1621610925.62006
738.07,1.5,-0.62,0,-43.38,96111,1621610925.64026
738.07,1.5,-0.62,0,-43.45,96131,1621610925.66065
738.07,1.5,-0.62,0,-43.5,96151,1621610925.68087
738.07,1.5,-0.62,0,-43.53,96171,1621610925.70141
738.07,1.5,-0.62,0,-43.57,96191,1621610925.72195
738.07,1.5,-0.62,0,-43.6,96210,1621610925.7387
738.07,1.5,-0.62,0,-43.65,96231,1621610925.75891
738.07,1.5,-0.62,0,-43.68,96250,1621610925.77916
738.07,1.5,-0.62,0,-43.72,96271,1621610925.79947
738.07,1.5,-0.62,0,-43.73,96290,1621610925.821
738.07,1.5,-0.62,0,-43.77,96311,1621610925.84138
738.07,1.5,-0.62,0,-43.78,96330,1621610925.86173
738.07,1.5,-0.62,0,-43.82,96351,1621610925.88229
738.07,1.5,-0.62,0,-43.85,96370,1621610925.90374
738.07,1.5,-0.62,0,-43.87,96391,1621610925.92686
738.07,1.5,-0.62,0,-43.9,96411,1621610925.93836
738.07,1.5,-0.62,0,-43.92,96431,1621610925.9586
738.07,1.5,-0.62,0,-43.95,96451,1621610925.97914
738.07,1.5,-0.62,0,-43.97,96471,1621610926.00039
738.07,1.5,-0.62,0,-43.98,96491,1621610926.02047
738.07,1.5,-0.62,0,-44,96510,1621610926.04074
738.07,1.5,-0.62,0,-44.03,96531,1621610926.06126
738.07,1.5,-0.62,0,-44.05,96550,1621610926.08157
738.07,1.5,-0.62,0,-44.08,96571,1621610926.09918
738.07,1.5,-0.62,0,-44.1,96590,1621610926.11887
738.07,1.5,-0.62,0,-44.12,96611,1621610926.13991
738.07,1.5,-0.62,0,-44.15,96630,1621610926.1593
738.07,1.5,-0.62,0,-44.17,96651,1621610926.18017
738.07,1.5,-0.62,0,-44.2,96670,1621610926.20148
738.07,1.5,-0.62,0,-44.22,96691,1621610926.22997
738.07,1.5,-0.62,0,-44.25,96710,1621610926.24152
738.07,1.5,-0.62,0,-44.27,96731,1621610926.26173
738.07,1.5,-0.62,0,-44.3,96751,1621610926.28868
738.07,1.5,-0.62,0,-44.33,96771,1621610926.30012
738.07,1.5,-0.62,0,-44.37,96791,1621610926.31933
738.07,1.5,-0.62,0,-44.4,96811,1621610926.34952
738.07,1.5,-0.62,0,-44.43,96831,1621610926.36123
738.07,1.5,-0.62,0,-44.47,96850,1621610926.38073
738.07,1.5,-0.62,0,-44.48,96871,1621610926.40186
738.07,1.5,-0.62,0,-44.52,96890,1621610926.42204
738.07,1.5,-0.62,0,-44.55,96911,1621610926.44237
738.07,1.5,-0.62,0,-44.58,96930,1621610926.46713
738.07,1.5,-0.62,0,-44.6,96951,1621610926.48513
738.07,1.5,-0.62,0,-44.63,96971,1621610926.49942
738.07,1.5,-0.62,0,-44.65,96991,1621610926.52034
738.07,1.5,-0.62,0,-44.67,97010,1621610926.5406
738.07,1.5,-0.62,0,-44.7,97031,1621610926.56101
738.07,1.5,-0.62,0,-44.73,97050,1621610926.58212
738.07,1.5,-0.62,0,-44.75,97071,1621610926.60236
738.07,1.5,-0.62,0,-44.78,97090,1621610926.62406
738.07,1.5,-0.62,0,-44.8,97111,1621610926.63945
738.07,1.5,-0.62,0,-44.8,97131,1621610926.66002
738.07,1.5,-0.62,0,-44.82,97152,1621610926.6815
738.07,1.5,-0.62,0,-44.83,97171,1621610926.70148
738.07,1.5,-0.62,0,-44.85,97190,1621610926.72175
738.07,1.5,-0.62,0,-44.85,97211,1621610926.74233
738.07,1.5,-0.62,0,-44.87,97230,1621610926.76302
738.07,1.5,-0.62,0,-44.88,97251,1621610926.7882
738.07,1.5,-0.62,0,-44.9,97270,1621610926.80356
738.07,1.5,-0.62,0,-44.9,97291,1621610926.81962
738.07,1.5,-0.62,0,-44.92,97310,1621610926.83942
738.07,1.5,-0.62,0,-44.93,97331,1621610926.86005
738.07,1.5,-0.62,0,-44.93,97350,1621610926.88129
738.07,1.5,-0.62,0,-44.95,97371,1621610926.90256
738.07,1.5,-0.62,0,-44.97,97390,1621610926.92199
738.07,1.5,-0.62,0,-44.98,97411,1621610926.94219
738.07,1.5,-0.62,0,-45,97430,1621610926.96287
738.07,1.5,-0.62,0,-45.02,97451,1621610926.98347
738.07,1.5,-0.62,0,-45.03,97471,1621610927.00028
738.07,1.5,-0.62,0,-45.05,97490,1621610927.02055
738.07,1.5,-0.62,0,-45.07,97511,1621610927.04122
738.07,1.5,-0.62,0,-45.08,97530,1621610927.06116
738.07,1.5,-0.62,0,-45.08,97551,1621610927.08272
738.07,1.5,-0.62,0,-45.1,97570,1621610927.10302
738.07,1.5,-0.62,0,-45.1,97591,1621610927.12548
738.07,1.5,-0.62,0,-45.12,97610,1621610927.14412
738.07,1.5,-0.62,0,-45.13,97631,1621610927.16323
738.07,1.5,-0.62,0,-45.13,97650,1621610927.1805
738.07,1.5,-0.62,0,-45.15,97671,1621610927.2013
738.07,1.5,-0.62,0,-45.17,97691,1621610927.22267
738.07,1.5,-0.62,0,-45.18,97711,1621610927.24227
738.07,1.5,-0.62,0,-45.18,97730,1621610927.26224
738.07,1.5,-0.62,0,-45.2,97751,1621610927.28306
738.07,1.5,-0.62,0,-45.22,97771,1621610927.30728
738.07,1.5,-0.62,0,-45.23,97790,1621610927.32663
738.07,1.5,-0.62,0,-45.25,97811,1621610927.34329
738.07,1.5,-0.62,0,-45.25,97830,1621610927.35997
738.07,1.5,-0.62,0,-45.27,97851,1621610927.38022
738.07,1.5,-0.62,0,-45.28,97871,1621610927.40087
738.07,1.5,-0.62,0,-45.3,97891,1621610927.4254
738.07,1.5,-0.62,0,-45.3,97910,1621610927.44262
738.07,1.5,-0.62,0,-45.32,97931,1621610927.4624
738.07,1.5,-0.62,0,-45.33,97950,1621610927.48254
738.07,1.5,-0.62,0,-45.35,97971,1621610927.50326
738.07,1.5,-0.62,0,-45.37,97990,1621610927.52377
738.07,1.5,-0.62,0,-45.38,98011,1621610927.54004
738.07,1.5,-0.62,0,-45.4,98030,1621610927.56174
738.07,1.5,-0.62,0,-45.43,98051,1621610927.58077
738.07,1.5,-0.62,0,-45.45,98070,1621610927.6016
738.07,1.5,-0.62,0,-45.48,98091,1621610927.62143
738.07,1.5,-0.62,0,-45.5,98111,1621610927.64223
738.07,1.5,-0.62,0,-45.52,98130,1621610927.66242
738.07,1.5,-0.62,0,-45.57,98151,1621610927.68355
738.07,1.5,-0.62,0,-45.6,98170,1621610927.70456
738.07,1.5,-0.62,0,-45.62,98191,1621610927.72499
738.07,1.5,-0.62,0,-45.65,98210,1621610927.74152
738.07,1.5,-0.62,0,-45.7,98231,1621610927.76148
738.07,1.5,-0.62,0,-45.73,98250,1621610927.78118
738.07,1.5,-0.62,0,-45.77,98271,1621610927.80229
738.07,1.5,-0.62,0,-45.8,98290,1621610927.82192
738.07,1.5,-0.62,0,-45.83,98311,1621610927.8429
738.07,1.5,-0.62,0,-45.85,98330,1621610927.86316
738.07,1.5,-0.62,0,-45.88,98351,1621610927.88441
738.07,1.5,-0.62,0,-45.92,98370,1621610927.90492
738.07,1.5,-0.62,0,-45.93,98391,1621610927.92089
738.07,1.5,-0.62,0,-45.97,98411,1621610927.94192
738.07,1.5,-0.62,0,-46,98430,1621610927.96172
738.07,1.5,-0.62,0,-46.02,98451,1621610927.98262
738.07,1.5,-0.62,0,-46.03,98470,1621610928.00262
738.07,1.5,-0.62,0,-46.05,98491,1621610928.02316
738.07,1.5,-0.62,0,-46.08,98510,1621610928.04421
738.07,1.5,-0.62,0,-46.1,98531,1621610928.06417
738.07,1.5,-0.62,0,-46.12,98550,1621610928.08495
738.07,1.5,-0.62,0,-46.13,98571,1621610928.10152
738.07,1.5,-0.62,0,-46.15,98591,1621610928.12155
738.07,1.5,-0.62,0,-46.17,98611,1621610928.14185
738.07,1.5,-0.62,0,-46.18,98630,1621610928.16191
738.07,1.5,-0.62,0,-46.18,98651,1621610928.1823
738.07,1.5,-0.62,0,-46.2,98670,1621610928.20317
738.07,1.5,-0.62,0,-46.22,98691,1621610928.22542
738.07,1.5,-0.62,0,-46.22,98711,1621610928.245
738.07,1.5,-0.62,0,-46.22,98731,1621610928.26523
738.07,1.5,-0.62,0,-46.23,98751,1621610928.28201
738.07,1.5,-0.62,0,-46.23,98770,1621610928.30212
738.07,1.5,-0.62,0,-46.25,98791,1621610928.32212
738.07,1.5,-0.62,0,-46.25,98810,1621610928.34433
738.07,1.5,-0.62,0,-46.27,98831,1621610928.36389
738.07,1.5,-0.62,0,-46.27,98850,1621610928.38582
738.07,1.5,-0.62,0,-46.27,98871,1621610928.40515
738.07,1.5,-0.62,0,-46.28,98890,1621610928.42669
738.07,1.5,-0.62,0,-46.28,98911,1621610928.4471
738.07,1.5,-0.62,0,-46.28,98931,1621610928.46688
738.07,1.5,-0.62,0,-46.28,98951,1621610928.48311
738.07,1.5,-0.62,0,-46.28,98971,1621610928.50308
738.07,1.5,-0.62,0,-46.28,98991,1621610928.52312
738.07,1.5,-0.62,0,-46.3,99011,1621610928.54444
738.07,1.5,-0.62,0,-46.3,99031,1621610928.56532
738.07,1.5,-0.62,0,-46.32,99051,1621610928.58562
738.07,1.5,-0.62,0,-46.32,99070,1621610928.60591
738.07,1.5,-0.62,0,-46.32,99091,1621610928.63414
738.07,1.5,-0.62,0,-46.32,99110,1621610928.64212
738.07,1.5,-0.62,0,-46.32,99131,1621610928.66251
738.07,1.5,-0.62,0,-46.32,99150,1621610928.68274
738.07,1.5,-0.62,0,-46.32,99171,1621610928.7037
738.07,1.5,-0.62,0,-46.32,99190,1621610928.72411
738.07,1.5,-0.62,0,-46.32,99211,1621610928.7446
738.07,1.5,-0.62,0,-46.32,99230,1621610928.76533
738.07,1.5,-0.62,0,-46.32,99251,1621610928.78608
738.07,1.5,-0.62,0,-46.32,99270,1621610928.80696
738.07,1.5,-0.62,0,-46.32,99291,1621610928.82206
738.07,1.5,-0.62,0,-46.32,99310,1621610928.84321
738.07,1.5,-0.62,0,-46.32,99331,1621610928.86496
738.07,1.5,-0.62,0,-46.32,99350,1621610928.88564
738.07,1.5,-0.62,0,-46.32,99371,1621610928.90616
738.07,1.5,-0.62,0,-46.32,99391,1621610928.92674
738.07,1.5,-0.62,0,-46.32,99410,1621610928.94661
738.07,1.5,-0.62,0,-46.32,99431,1621610928.96701
738.07,1.5,-0.62,0,-46.32,99450,1621610928.98786
738.07,1.5,-0.62,0,-46.32,99471,1621610929.00307
738.07,1.5,-0.62,0,-46.32,99490,1621610929.023
738.07,1.5,-0.62,0,-46.32,99511,1621610929.04296
738.07,1.5,-0.62,0,-46.32,99530,1621610929.06412
738.07,1.5,-0.62,0,-46.32,99551,1621610929.08582
738.07,1.5,-0.62,0,-46.32,99570,1621610929.10629
738.07,1.5,-0.62,0,-46.32,99591,1621610929.12644
738.07,1.5,-0.62,0,-46.32,99610,1621610929.14642
738.07,1.5,-0.62,0,-46.32,99631,1621610929.16828
738.07,1.5,-0.62,0,-46.32,99650,1621610929.18226
738.07,1.5,-0.62,0,-46.32,99671,1621610929.20289
738.07,1.5,-0.62,0,-46.3,99691,1621610929.22295
738.07,1.5,-0.62,0,-46.3,99710,1621610929.24448
738.07,1.5,-0.62,0,-46.28,99731,1621610929.2667
738.07,1.5,-0.62,0,-46.27,99750,1621610929.28707
738.07,1.5,-0.62,0,-46.25,99771,1621610929.30619
738.07,1.5,-0.62,0,-46.23,99790,1621610929.32599
738.07,1.5,-0.62,0,-46.18,99811,1621610929.3461
738.07,1.5,-0.62,0,-46.13,99831,1621610929.3665
738.07,1.5,-0.62,0,-46.1,99851,1621610929.38362
738.07,1.5,-0.62,0,-46.05,99870,1621610929.40371
738.07,1.5,-0.62,0,-46.02,99891,1621610929.42485
738.07,1.5,-0.62,0,-45.95,99911,1621610929.44586
738.07,1.5,-0.62,0,-45.9,99931,1621610929.46587
738.07,1.5,-0.62,0,-45.85,99950,1621610929.48658
738.07,1.5,-0.62,0,-45.78,99971,1621610929.50745
738.07,1.5,-0.62,0,-45.72,99991,1621610929.52772
738.07,1.5,-0.62,0,-45.65,100011,1621610929.55321
738.07,1.5,-0.62,0,-45.58,100031,1621610929.56489
738.07,1.5,-0.62,0,-45.5,100050,1621610929.58716
738.07,1.5,-0.62,0,-45.42,100071,1621610929.60518
738.07,1.5,-0.62,0,-45.33,100090,1621610929.62494
738.07,1.5,-0.62,0,-45.22,100111,1621610929.64516
738.07,1.5,-0.62,0,-45.1,100130,1621610929.66547
738.07,1.5,-0.62,0,-44.98,100151,1621610929.68737
738.07,1.5,-0.62,0,-44.85,100170,1621610929.70808
738.07,1.5,-0.62,0,-44.73,100191,1621610929.72834
738.07,1.5,-0.62,0,-44.6,100211,1621610929.74507
738.07,1.5,-0.62,0,-44.48,100231,1621610929.76513
738.07,1.5,-0.62,0,-44.38,100251,1621610929.78575
738.07,1.5,-0.62,0,-44.28,100271,1621610929.80581
738.07,1.5,-0.62,0,-44.2,100291,1621610929.8267
738.07,1.5,-0.62,0,-44.12,100311,1621610929.8463
738.07,1.5,-0.62,0,-44.02,100331,1621610929.86652
738.07,1.5,-0.62,0,-43.93,100350,1621610929.88702
738.07,1.5,-0.62,0,-43.85,100371,1621610929.90896
738.07,1.5,-0.62,0,-43.78,100390,1621610929.92515
738.07,1.5,-0.62,0,-43.72,100411,1621610929.94491
738.07,1.5,-0.62,0,-43.65,100430,1621610929.96511
738.07,1.5,-0.62,0,-43.58,100451,1621610929.98558
738.07,1.5,-0.62,0,-43.52,100470,1621610930.00661
738.07,1.5,-0.62,0,-43.45,100491,1621610930.02705
738.07,1.5,-0.62,0,-43.4,100511,1621610930.05169
738.07,1.5,-0.62,0,-43.37,100531,1621610930.06755
738.07,1.5,-0.62,0,-43.33,100551,1621610930.08781
738.07,1.5,-0.62,0,-43.3,100571,1621610930.10424
738.07,1.5,-0.62,0,-43.27,100591,1621610930.13436
738.07,1.5,-0.62,0,-43.25,100611,1621610930.14592
738.07,1.5,-0.62,0,-43.23,100631,1621610930.17498
738.07,1.5,-0.62,0,-43.22,100651,1621610930.19039
738.07,1.5,-0.62,0,-43.2,100671,1621610930.20642
738.07,1.5,-0.62,0,-43.2,100690,1621610930.22618
738.07,1.5,-0.62,0,-43.2,100711,1621610930.25203
738.07,1.5,-0.62,0,-43.2,100730,1621610930.26872
738.07,1.5,-0.62,0,-43.2,100751,1621610930.28457
738.07,1.5,-0.62,0,-43.2,100770,1621610930.30457
738.07,1.5,-0.62,0,-43.2,100791,1621610930.3257
738.07,1.5,-0.62,0,-43.2,100810,1621610930.3451
738.07,1.5,-0.62,0,-43.2,100831,1621610930.37098
738.07,1.5,-0.62,0,-43.18,100850,1621610930.39228
738.07,1.5,-0.62,0,-43.18,100871,1621610930.40707
738.07,1.5,-0.62,0,-43.18,100890,1621610930.42766
738.07,1.5,-0.62,0,-43.18,100911,1621610930.44812
738.07,1.5,-0.62,0,-43.18,100930,1621610930.46442
738.07,1.5,-0.62,0,-43.18,100951,1621610930.48496
738.07,1.5,-0.62,0,-43.18,100971,1621610930.50633
738.07,1.5,-0.62,0,-43.18,100990,1621610930.5298
738.07,1.5,-0.62,0,-43.18,101011,1621610930.5485
738.07,1.5,-0.62,0,-43.18,101030,1621610930.56902
738.07,1.5,-0.62,0,-43.18,101051,1621610930.59019
738.07,1.5,-0.62,0,-43.18,101070,1621610930.60857
738.07,1.5,-0.62,0,-43.18,101091,1621610930.62841
738.07,1.5,-0.62,0,-43.18,101110,1621610930.6444
738.07,1.5,-0.62,0,-43.18,101131,1621610930.66529
738.07,1.5,-0.62,0,-43.18,101150,1621610930.68562
738.07,1.5,-0.62,0,-43.18,101171,1621610930.70608
738.07,1.5,-0.62,0,-43.18,101190,1621610930.72664
738.07,1.5,-0.62,0,-43.18,101211,1621610930.74697
738.07,1.5,-0.62,0,-43.18,101230,1621610930.7683
738.07,1.5,-0.62,0,-43.18,101251,1621610930.79109
738.07,1.5,-0.62,0,-43.18,101270,1621610930.81007
738.07,1.5,-0.62,0,-43.18,101291,1621610930.82951
738.07,1.5,-0.62,0,-43.18,101311,1621610930.84646
738.07,1.5,-0.62,0,-43.18,101330,1621610930.86586
738.07,1.5,-0.62,0,-43.17,101351,1621610930.88628
738.07,1.5,-0.62,0,-43.17,101370,1621610930.90759
738.07,1.5,-0.62,0,-43.17,101391,1621610930.92758
738.07,1.5,-0.62,0,-43.17,101410,1621610930.94858
738.07,1.5,-0.62,0,-43.17,101431,1621610930.96893
738.07,1.5,-0.62,0,-43.17,101450,1621610930.98958
738.07,1.5,-0.62,0,-43.17,101471,1621610931.00942
738.07,1.5,-0.62,0,-43.17,101490,1621610931.02659
738.07,1.5,-0.62,0,-43.17,101511,1621610931.04703
738.07,1.5,-0.62,0,-43.17,101531,1621610931.0674
738.07,1.5,-0.62,0,-43.17,101551,1621610931.08902
738.07,1.5,-0.62,0,-43.17,101571,1621610931.10845
738.07,1.5,-0.62,0,-43.17,101591,1621610931.13003
738.07,1.5,-0.62,0,-43.17,101611,1621610931.14869
738.07,1.5,-0.62,0,-43.17,101630,1621610931.16882
738.07,1.5,-0.62,0,-43.17,101651,1621610931.1914
738.07,1.5,-0.62,0,-43.17,101670,1621610931.206
738.07,1.5,-0.62,0,-43.17,101691,1621610931.22622
738.07,1.5,-0.62,0,-43.17,101710,1621610931.24772
738.07,1.5,-0.62,0,-43.17,101731,1621610931.26836
738.07,1.5,-0.62,0,-43.17,101750,1621610931.28892
738.07,1.5,-0.62,0,-43.17,101771,1621610931.30925
738.07,1.5,-0.62,0,-43.17,101790,1621610931.32985
738.07,1.5,-0.62,0,-43.17,101811,1621610931.35028
738.07,1.5,-0.62,0,-43.17,101830,1621610931.3705
738.07,1.5,-0.62,0,-43.17,101851,1621610931.38746
738.07,1.5,-0.62,0,-43.17,101871,1621610931.40748
738.07,1.5,-0.62,0,-43.17,101891,1621610931.42839
738.07,1.5,-0.62,0,-43.17,101911,1621610931.44825
738.07,1.5,-0.62,0,-43.17,101931,1621610931.46847
738.07,1.5,-0.62,0,-43.17,101951,1621610931.48965
738.07,1.5,-0.62,0,-43.17,101970,1621610931.51084
738.07,1.5,-0.62,0,-43.17,101991,1621610931.52971
738.07,1.5,-0.62,0,-43.17,102010,1621610931.55022
738.07,1.5,-0.62,0,-43.17,102031,1621610931.56699
738.07,1.5,-0.62,0,-43.17,102050,1621610931.58706
738.07,1.5,-0.62,0,-43.17,102071,1621610931.60726
738.07,1.5,-0.62,0,-43.17,102090,1621610931.62787
738.07,1.5,-0.62,0,-43.17,102111,1621610931.64868
738.07,1.5,-0.62,0,-43.17,102130,1621610931.66881
738.07,1.5,-0.62,0,-43.17,102151,1621610931.69052
738.07,1.5,-0.62,0,-43.17,102171,1621610931.71027
738.07,1.5,-0.62,0,-43.17,102191,1621610931.73032
738.07,1.5,-0.62,0,-43.17,102211,1621610931.74736
738.07,1.5,-0.62,0,-43.17,102231,1621610931.76793
738.07,1.5,-0.62,0,-43.17,102251,1621610931.78834
738.07,1.5,-0.62,0,-43.17,102270,1621610931.80936
738.07,1.5,-0.62,0,-43.17,102291,1621610931.8285
738.07,1.5,-0.62,0,-43.17,102310,1621610931.84971
738.07,1.5,-0.62,0,-43.17,102331,1621610931.87019
738.07,1.5,-0.62,0,-43.17,102350,1621610931.89027
738.07,1.5,-0.62,0,-43.17,102371,1621610931.91065
738.07,1.5,-0.62,0,-43.17,102390,1621610931.92763
738.07,1.5,-0.62,0,-43.17,102411,1621610931.94743
738.07,1.5,-0.62,0,-43.17,102430,1621610931.96778
738.07,1.5,-0.62,0,-43.17,102451,1621610931.98845
738.07,1.5,-0.62,0,-43.17,102470,1621610932.01004
738.07,1.5,-0.62,0,-43.17,102491,1621610932.0295
738.07,1.5,-0.62,0,-43.17,102511,1621610932.05022
738.07,1.5,-0.62,0,-43.15,102531,1621610932.07063
738.07,1.5,-0.62,0,-43.15,102551,1621610932.09103
738.07,1.5,-0.62,0,-43.15,102571,1621610932.11262
738.07,1.5,-0.62,0,-43.15,102591,1621610932.12847
738.07,1.5,-0.62,0,-43.15,102611,1621610932.14868
738.07,1.5,-0.62,0,-43.15,102631,1621610932.16916
738.07,1.5,-0.62,0,-43.15,102651,1621610932.18953
738.07,1.5,-0.62,0,-43.15,102671,1621610932.21069
738.07,1.5,-0.62,0,-43.15,102691,1621610932.2309
738.07,1.5,-0.62,0,-43.15,102711,1621610932.25127
738.07,1.5,-0.62,0,-43.15,102731,1621610932.27184
738.07,1.5,-0.62,0,-43.15,102751,1621610932.29241
738.07,1.5,-0.62,0,-43.15,102771,1621610932.30926
738.07,1.5,-0.62,0,-43.15,102791,1621610932.3313
738.07,1.5,-0.62,0,-43.15,102811,1621610932.34838
738.07,1.5,-0.62,0,-43.15,102831,1621610932.36959
738.07,1.5,-0.62,0,-43.15,102851,1621610932.39013
738.07,1.5,-0.62,0,-43.15,102871,1621610932.41089
738.07,1.5,-0.62,0,-43.15,102891,1621610932.43089
738.07,1.5,-0.62,0,-43.15,102912,1621610932.45119
738.07,1.5,-0.62,0,-43.15,102931,1621610932.4713
738.07,1.5,-0.62,0,-43.15,102951,1621610932.49153
738.07,1.5,-0.62,0,-43.15,102971,1621610932.50882
738.07,1.5,-0.62,0,-43.15,102991,1621610932.532
738.07,1.5,-0.62,0,-43.15,103011,1621610932.55883
738.07,1.5,-0.62,0,-43.15,103031,1621610932.57231
738.07,1.5,-0.62,0,-43.15,103051,1621610932.5908
738.07,1.5,-0.62,0,-43.15,103071,1621610932.61042
738.07,1.5,-0.62,0,-43.15,103091,1621610932.63093
738.07,1.5,-0.62,0,-43.15,103111,1621610932.65131
738.07,1.5,-0.62,0,-43.15,103131,1621610932.67697
738.07,1.5,-0.62,0,-43.15,103151,1621610932.69103
738.07,1.5,-0.62,0,-43.15,103171,1621610932.71011
738.07,1.5,-0.62,0,-43.15,103191,1621610932.73224
738.07,1.5,-0.62,0,-43.15,103211,1621610932.75536
738.07,1.5,-0.62,0,-43.15,103231,1621610932.77159
738.07,1.5,-0.62,0,-43.15,103251,1621610932.79202
738.07,1.5,-0.62,0,-43.15,103271,1621610932.81182
738.07,1.5,-0.62,0,-43.15,103291,1621610932.83191
738.07,1.5,-0.62,0,-43.15,103311,1621610932.85206
738.07,1.5,-0.62,0,-43.15,103331,1621610932.86941
738.07,1.5,-0.62,0,-43.15,103351,1621610932.88963
738.07,1.5,-0.62,0,-43.15,103371,1621610932.91086
738.07,1.5,-0.62,0,-43.15,103391,1621610932.93064
738.07,1.5,-0.62,0,-43.15,103411,1621610932.95074
738.07,1.5,-0.62,0,-43.15,103431,1621610932.97125
738.07,1.5,-0.62,0,-43.15,103451,1621610932.99156
738.07,1.5,-0.62,0,-43.15,103471,1621610933.0126
738.07,1.5,-0.62,0,-43.15,103491,1621610933.03309
738.07,1.5,-0.62,0,-43.15,103511,1621610933.04991
738.07,1.5,-0.62,0,-43.15,103531,1621610933.06988
738.07,1.5,-0.62,0,-43.15,103552,1621610933.09046
738.07,1.5,-0.62,0,-43.15,103571,1621610933.11096
738.07,1.5,-0.62,0,-43.15,103591,1621610933.13082
738.07,1.5,-0.62,0,-43.15,103611,1621610933.15122
738.07,1.5,-0.62,0,-43.15,103631,1621610933.17279
738.07,1.5,-0.62,0,-43.15,103651,1621610933.19213
738.07,1.5,-0.62,0,-43.15,103671,1621610933.21995
738.07,1.5,-0.62,0,-43.15,103691,1621610933.23055
738.07,1.5,-0.62,0,-43.15,103711,1621610933.25059
738.07,1.5,-0.62,0,-43.15,103731,1621610933.27102
738.07,1.5,-0.62,0,-43.15,103751,1621610933.29037
738.07,1.5,-0.62,0,-43.15,103771,1621610933.31156
738.07,1.5,-0.62,0,-43.15,103791,1621610933.33149
738.07,1.5,-0.62,0,-43.15,103811,1621610933.35227
738.07,1.5,-0.62,0,-43.15,103831,1621610933.37281
738.07,1.5,-0.62,0,-43.15,103851,1621610933.39442
738.07,1.5,-0.62,0,-43.15,103871,1621610933.41028
738.07,1.5,-0.62,0,-43.15,103891,1621610933.43302
738.07,1.5,-0.62,0,-43.15,103911,1621610933.45079
738.07,1.5,-0.62,0,-43.15,103931,1621610933.47153
738.07,1.5,-0.62,0,-43.15,103951,1621610933.49241
738.07,1.5,-0.62,0,-43.15,103971,1621610933.51282
738.07,1.5,-0.62,0,-43.15,103991,1621610933.53257
738.07,1.5,-0.62,0,-43.15,104011,1621610933.55307
738.07,1.5,-0.62,0,-43.15,104031,1621610933.57389
738.07,1.5,-0.62,0,-43.15,104051,1621610933.5902
738.07,1.5,-0.62,0,-43.15,104071,1621610933.6103
738.07,1.5,-0.62,0,-43.15,104091,1621610933.63
738.07,1.5,-0.62,0,-43.15,104111,1621610933.65029
738.07,1.5,-0.62,0,-43.15,104131,1621610933.67075
738.07,1.5,-0.62,0,-43.15,104151,1621610933.69174
738.07,1.5,-0.62,0,-43.15,104171,1621610933.71268
738.07,1.5,-0.62,0,-43.15,104192,1621610933.73256
738.07,1.5,-0.62,0,-43.15,104211,1621610933.75354
738.07,1.5,-0.62,0,-43.15,104231,1621610933.76975
738.07,1.5,-0.62,0,-43.15,104251,1621610933.79012
738.07,1.5,-0.62,0,-43.15,104271,1621610933.81075
738.07,1.5,-0.62,0,-43.15,104291,1621610933.83137
738.07,1.5,-0.62,0,-43.15,104311,1621610933.8544
738.07,1.5,-0.62,0,-43.15,104331,1621610933.87444
738.07,1.5,-0.62,0,-43.15,104351,1621610933.89887
738.07,1.5,-0.62,0,-43.15,104371,1621610933.91541
738.07,1.5,-0.62,0,-43.15,104391,1621610933.93822
738.07,1.5,-0.62,0,-43.15,104411,1621610933.95028
738.07,1.5,-0.62,0,-43.15,104431,1621610933.9708
738.07,1.5,-0.62,0,-43.15,104451,1621610933.99131
738.07,1.5,-0.62,0,-43.15,104471,1621610934.01104
738.07,1.5,-0.62,0,-43.15,104491,1621610934.03171
738.07,1.5,-0.62,0,-43.15,104511,1621610934.0524
738.07,1.5,-0.62,0,-43.15,104531,1621610934.0731
738.07,1.5,-0.62,0,-43.15,104551,1621610934.09382
738.07,1.5,-0.62,0,-43.15,104571,1621610934.11446
738.07,1.5,-0.62,0,-43.15,104591,1621610934.13015
738.07,1.5,-0.62,0,-43.15,104611,1621610934.1509
738.07,1.5,-0.62,0,-43.15,104631,1621610934.17144
738.07,1.5,-0.62,0,-43.15,104651,1621610934.19194
738.07,1.5,-0.62,0,-43.15,104671,1621610934.21275
738.07,1.5,-0.62,0,-43.15,104691,1621610934.23231
738.07,1.5,-0.62,0,-43.15,104711,1621610934.25346
738.07,1.5,-0.62,0,-43.15,104731,1621610934.27359
738.07,1.5,-0.62,0,-43.15,104751,1621610934.29481
738.07,1.5,-0.62,0,-43.15,104771,1621610934.31033
738.07,1.5,-0.62,0,-43.15,104791,1621610934.33113
738.07,1.5,-0.62,0,-43.15,104811,1621610934.35139
738.07,1.5,-0.62,0,-43.15,104832,1621610934.37279
738.07,1.5,-0.62,0,-43.15,104851,1621610934.39915
738.07,1.5,-0.62,0,-43.15,104871,1621610934.41335
738.07,1.5,-0.62,0,-43.15,104891,1621610934.4329
738.07,1.5,-0.62,0,-43.15,104911,1621610934.45947
738.07,1.5,-0.62,0,-43.15,104931,1621610934.47657
738.07,1.5,-0.62,0,-43.15,104951,1621610934.49455
738.07,1.5,-0.62,0,-43.15,104971,1621610934.51117
738.07,1.5,-0.62,0,-43.15,104991,1621610934.53116
738.07,1.5,-0.62,0,-43.15,105011,1621610934.56281
738.07,1.5,-0.62,0,-43.15,105031,1621610934.57755
738.07,1.5,-0.62,0,-43.15,105051,1621610934.59632
738.07,1.5,-0.62,0,-43.15,105071,1621610934.61448
738.07,1.5,-0.62,0,-43.15,105091,1621610934.6333
738.07,1.5,-0.62,0,-43.15,105111,1621610934.65374
738.07,1.5,-0.62,0,-43.15,105131,1621610934.67487
738.07,1.5,-0.62,0,-43.15,105151,1621610934.70134
738.07,1.5,-0.62,0,-43.15,105171,1621610934.71446
738.07,1.5,-0.62,0,-43.15,105191,1621610934.73252
738.07,1.5,-0.62,0,-43.15,105211,1621610934.75286
738.07,1.5,-0.62,0,-43.15,105231,1621610934.77294
738.07,1.5,-0.62,0,-43.15,105251,1621610934.79656
738.07,1.5,-0.62,0,-43.15,105271,1621610934.81488
738.07,1.5,-0.62,0,-43.15,105291,1621610934.83454
738.07,1.5,-0.62,0,-43.15,105311,1621610934.85527
738.07,1.5,-0.62,0,-43.15,105331,1621610934.87174
738.07,1.5,-0.62,0,-43.15,105351,1621610934.89223
738.07,1.5,-0.62,0,-43.15,105371,1621610934.91675
738.07,1.5,-0.62,0,-43.15,105391,1621610934.93692
738.07,1.5,-0.62,0,-43.15,105411,1621610934.95356
738.07,1.5,-0.62,0,-43.15,105431,1621610934.97354
738.07,1.5,-0.62,0,-43.15,105451,1621610934.99481
738.07,1.5,-0.62,0,-43.15,105472,1621610935.01514
738.07,1.5,-0.62,0,-43.15,105491,1621610935.0352
738.07,1.5,-0.62,0,-43.13,105510,1621610935.05161
738.07,1.5,-0.62,0,-43.13,105531,1621610935.07262
738.07,1.5,-0.62,0,-43.13,105550,1621610935.09486
738.07,1.5,-0.62,0,-43.13,105571,1621610935.12084
738.07,1.5,-0.62,0,-43.13,105590,1621610935.13374
738.07,1.5,-0.62,0,-43.13,105611,1621610935.15479
738.07,1.5,-0.62,0,-43.13,105630,1621610935.17506
738.07,1.5,-0.62,0,-43.13,105651,1621610935.19547
738.07,1.5,-0.62,0,-43.13,105670,1621610935.2113
738.07,1.5,-0.62,0,-43.13,105691,1621610935.23688
738.07,1.5,-0.62,0,-43.13,105711,1621610935.26029
738.07,1.5,-0.62,0,-43.13,105731,1621610935.27342
