479.57,-8.74,0,0,37.08,148797,1621611871.45271
479.57,-8.74,0,0,37.08,148817,1621611871.4538
479.57,-8.74,0,0,37.08,148837,1621611871.4546
479.57,-8.74,0,0,37.08,148857,1621611871.4553
479.57,-8.74,0,0,37.08,148877,1621611871.45595
479.57,-8.74,0,0,37.08,148897,1621611871.47871
479.57,-8.74,0,0,37.08,148917,1621611871.48004
479.57,-8.74,0,0,37.08,148937,1621611871.50357
479.57,-8.74,0,0,37.08,148957,1621611871.52969
479.57,-8.74,0,0,37.08,148977,1621611871.54311
479.57,-8.74,0,0,37.08,148997,1621611871.57465
479.57,-8.74,0,0,37.08,149017,1621611871.58093
479.57,-8.74,0,0,37.08,149037,1621611871.59853
479.57,-8.74,0,0,37.08,149057,1621611871.61893
479.57,-8.74,0,0,37.08,149078,1621611871.64586
479.57,-8.74,0,0,37.08,149097,1621611871.65751
479.57,-8.74,0,0,37.08,149117,1621611871.67634
479.57,-8.74,0,0,37.08,149137,1621611871.69635
479.57,-8.74,0,0,37.08,149157,1621611871.71792
479.57,-8.74,0,0,37.08,149177,1621611871.73813
479.57,-8.74,0,0,37.08,149197,1621611871.7575
479.57,-8.74,0,0,37.08,149217,1621611871.77765
479.57,-8.74,0,0,37.08,149237,1621611871.7979
479.57,-8.74,0,0,37.08,149257,1621611871.82046
479.57,-8.74,0,0,37.08,149277,1621611871.83632
479.57,-8.74,0,0,37.08,149297,1621611871.85734
479.57,-8.74,0,0,37.08,149317,1621611871.88702
479.57,-8.74,0,0,37.08,149337,1621611871.90168
479.57,-8.74,0,0,37.08,149357,1621611871.92591
479.57,-8.74,0,0,37.08,149378,1621611871.94687
479.57,-8.74,0,0,37.08,149397,1621611871.96006
479.57,-8.74,0,0,37.08,149417,1621611871.98033
479.57,-8.74,0,0,37.08,149437,1621611871.99992
479.57,-8.74,0,0,37.08,149457,1621611872.01673
479.57,-8.74,0,0,37.08,149477,1621611872.03688
479.57,-8.74,0,0,37.08,149497,1621611872.05759
479.57,-8.74,0,0,37.08,149517,1621611872.07901
479.57,-8.74,0,0,37.08,149537,1621611872.09924
479.57,-8.74,0,0,37.08,149557,1621611872.12767
479.57,-8.74,0,0,37.08,149577,1621611872.13959
479.57,-8.74,0,0,37.08,149597,1621611872.16009
479.57,-8.74,0,0,37.08,149617,1621611872.18056
479.57,-8.74,0,0,37.08,149637,1621611872.19786
479.57,-8.74,0,0,37.08,149657,1621611872.21813
479.57,-8.74,0,0,37.08,149677,1621611872.23846
479.57,-8.74,0,0,37.08,149697,1621611872.25869
479.57,-8.74,0,0,37.08,149718,1621611872.27869
479.57,-8.74,0,0,37.08,149737,1621611872.29994
479.57,-8.74,0,0,37.08,149757,1621611872.32018
479.57,-8.74,0,0,37.08,149777,1621611872.33979
479.57,-8.74,0,0,37.08,149797,1621611872.36025
479.57,-8.74,0,0,37.08,149817,1621611872.37716
479.57,-8.74,0,0,37.08,149837,1621611872.39767
479.57,-8.74,0,0,37.08,149857,1621611872.41856
479.57,-8.74,0,0,37.08,149877,1621611872.44817
479.57,-8.74,0,0,37.08,149897,1621611872.4595
479.57,-8.74,0,0,37.08,149917,1621611872.47985
479.57,-8.74,0,0,37.08,149937,1621611872.49889
479.57,-8.74,0,0,37.08,149957,1621611872.51934
479.57,-8.74,0,0,37.08,149977,1621611872.54593
479.57,-8.74,0,0,37.08,149997,1621611872.56108
479.57,-8.74,0,0,37.08,150018,1621611872.57691
479.57,-8.74,0,0,37.08,150037,1621611872.59805
479.57,-8.74,0,0,37.08,150057,1621611872.61859
479.57,-8.74,0,0,37.08,150077,1621611872.63803
479.57,-8.74,0,0,37.08,150097,1621611872.65874
479.57,-8.74,0,0,37.08,150117,1621611872.68034
479.57,-8.74,0,0,37.08,150137,1621611872.70075
479.57,-8.74,0,0,37.08,150157,1621611872.7218
479.57,-8.74,0,0,37.08,150177,1621611872.74106
479.57,-8.74,0,0,37.08,150197,1621611872.75773
479.57,-8.74,0,0,37.08,150217,1621611872.77806
479.57,-8.74,0,0,37.08,150237,1621611872.79807
479.57,-8.74,0,0,37.08,150257,1621611872.81858
479.57,-8.74,0,0,37.08,150277,1621611872.83983
479.57,-8.74,0,0,37.08,150297,1621611872.86007
479.57,-8.74,0,0,37.08,150317,1621611872.8804
479.57,-8.74,0,0,37.08,150337,1621611872.90198
479.57,-8.74,0,0,37.08,150358,1621611872.92147
479.57,-8.74,0,0,37.08,150377,1621611872.93717
479.57,-8.74,0,0,37.08,150397,1621611872.95763
479.57,-8.74,0,0,37.08,150417,1621611872.97797
479.57,-8.74,0,0,37.08,150437,1621611872.99926
479.57,-8.74,0,0,37.08,150457,1621611873.01919
479.57,-8.74,0,0,37.08,150477,1621611873.04002
479.57,-8.74,0,0,37.08,150497,1621611873.05998
479.57,-8.74,0,0,37.08,150517,1621611873.08138
479.57,-8.74,0,0,37.08,150537,1621611873.10196
479.57,-8.74,0,0,37.08,150557,1621611873.12771
479.57,-8.74,0,0,37.08,150577,1621611873.13867
479.57,-8.74,0,0,37.08,150597,1621611873.1589
479.57,-8.74,0,0,37.08,150617,1621611873.17966
479.57,-8.74,0,0,37.08,150637,1621611873.20032
479.57,-8.74,0,0,37.08,150658,1621611873.22605
479.57,-8.74,0,0,37.08,150677,1621611873.24197
479.57,-8.74,0,0,37.08,150697,1621611873.26156
479.57,-8.74,0,0,37.08,150717,1621611873.28208
479.57,-8.74,0,0,37.08,150737,1621611873.3088
479.57,-8.74,0,0,37.08,150757,1621611873.32209
479.57,-8.74,0,0,37.08,150777,1621611873.33925
479.57,-8.74,0,0,37.08,150797,1621611873.36289
479.57,-8.74,0,0,37.08,150817,1621611873.38236
479.57,-8.74,0,0,37.08,150837,1621611873.40215
479.57,-8.74,0,0,37.08,150857,1621611873.422
479.57,-8.74,0,0,37.08,150877,1621611873.44194
479.57,-8.74,0,0,37.08,150897,1621611873.46214
479.57,-8.74,0,0,37.08,150917,1621611873.47807
479.57,-8.74,0,0,37.08,150937,1621611873.49874
479.57,-8.74,0,0,37.08,150957,1621611873.52011
479.57,-8.74,0,0,37.08,150977,1621611873.53997
479.57,-8.74,0,0,37.08,150998,1621611873.56076
479.57,-8.74,0,0,37.08,151017,1621611873.58061
479.57,-8.74,0,0,37.08,151037,1621611873.60215
479.57,-8.74,0,0,37.08,151057,1621611873.62131
479.57,-8.74,0,0,37.08,151077,1621611873.6429
479.57,-8.74,0,0,37.08,151097,1621611873.65867
479.57,-8.74,0,0,37.08,151117,1621611873.67908
479.57,-8.74,0,0,37.08,151137,1621611873.69952
479.57,-8.74,0,0,37.08,151157,1621611873.72066
479.57,-8.74,0,0,37.08,151177,1621611873.74079
479.57,-8.74,0,0,37.08,151197,1621611873.76139
479.57,-8.74,0,0,37.08,151217,1621611873.78192
479.57,-8.74,0,0,37.08,151237,1621611873.80306
479.57,-8.74,0,0,37.08,151257,1621611873.82249
479.57,-8.74,0,0,37.08,151277,1621611873.83852
479.57,-8.74,0,0,37.08,151297,1621611873.85916
479.57,-8.74,0,0,37.08,151317,1621611873.87968
479.57,-8.74,0,0,37.08,151337,1621611873.90004
479.57,-8.74,0,0,37.08,151357,1621611873.92067
479.57,-8.74,0,0,37.08,151377,1621611873.94202
479.57,-8.74,0,0,37.08,151397,1621611873.96217
479.57,-8.74,0,0,37.08,151417,1621611873.98259
479.57,-8.74,0,0,37.08,151437,1621611874.00361
479.57,-8.74,0,0,37.08,151457,1621611874.01929
479.57,-8.74,0,0,37.08,151477,1621611874.04037
479.57,-8.74,0,0,37.08,151497,1621611874.05967
479.57,-8.74,0,0,37.08,151517,1621611874.08153
479.57,-8.74,0,0,37.08,151537,1621611874.10176
479.57,-8.74,0,0,37.08,151557,1621611874.123
479.57,-8.74,0,0,37.08,151577,1621611874.143
479.57,-8.74,0,0,37.08,151597,1621611874.16232
479.57,-8.74,0,0,37.08,151617,1621611874.18265
479.57,-8.74,0,0,37.08,151638,1621611874.20376
479.57,-8.74,0,0,37.08,151657,1621611874.22085
479.57,-8.74,0,0,37.08,151677,1621611874.23996
479.57,-8.74,0,0,37.08,151697,1621611874.26031
479.57,-8.74,0,0,37.08,151717,1621611874.28073
479.57,-8.74,0,0,37.08,151737,1621611874.30221
479.57,-8.74,0,0,37.08,151757,1621611874.32343
479.57,-8.74,0,0,37.08,151777,1621611874.34245
479.57,-8.74,0,0,37.08,151797,1621611874.36282
479.57,-8.74,0,0,37.08,151817,1621611874.37988
479.57,-8.74,0,0,37.08,151837,1621611874.40288
479.57,-8.74,0,0,37.08,151857,1621611874.4206
479.57,-8.74,0,0,37.08,151877,1621611874.44066
479.57,-8.74,0,0,37.07,151897,1621611874.46048
479.57,-8.74,0,0,37.08,151917,1621611874.48132
479.57,-8.74,0,0,37.07,151937,1621611874.50195
479.57,-8.74,0,0,37.07,151957,1621611874.52211
479.57,-8.74,0,0,37.07,151976,1621611874.54234
479.57,-8.74,0,0,37.07,151997,1621611874.55942
479.57,-8.74,0,0,37.08,152017,1621611874.58004
479.57,-8.74,0,0,37.07,152037,1621611874.60027
479.57,-8.74,0,0,37.08,152057,1621611874.62101
479.57,-8.74,0,0,37.07,152077,1621611874.64099
479.57,-8.74,0,0,37.08,152097,1621611874.66201
479.57,-8.74,0,0,37.07,152117,1621611874.68227
479.57,-8.74,0,0,37.07,152136,1621611874.70383
479.57,-8.74,0,0,37.07,152157,1621611874.72295
479.57,-8.74,0,0,37.07,152177,1621611874.74001
479.57,-8.74,0,0,37.07,152197,1621611874.76031
479.57,-8.74,0,0,37.07,152217,1621611874.78131
479.57,-8.74,0,0,37.07,152237,1621611874.80454
479.57,-8.74,0,0,37.07,152257,1621611874.8228
479.57,-8.74,0,0,37.07,152276,1621611874.84614
479.57,-8.74,0,0,37.07,152297,1621611874.86203
479.57,-8.74,0,0,37.07,152316,1621611874.88587
479.57,-8.74,0,0,37.07,152337,1621611874.90285
479.57,-8.74,0,0,37.07,152356,1621611874.92281
479.57,-8.74,0,0,37.07,152377,1621611874.94092
479.57,-8.74,0,0,37.07,152396,1621611874.96075
479.57,-8.74,0,0,37.07,152417,1621611874.98135
479.57,-8.74,0,0,37.07,152436,1621611875.00132
479.57,-8.74,0,0,37.08,152457,1621611875.02245
479.57,-8.74,0,0,37.08,152477,1621611875.04214
479.57,-8.74,0,0,37.08,152497,1621611875.0637
479.57,-8.74,0,0,37.08,152517,1621611875.08467
479.57,-8.74,0,0,37.1,152537,1621611875.09997
479.57,-8.74,0,0,37.25,152557,1621611875.12135
479.57,-8.74,0,0,37.4,152577,1621611875.14131
479.57,-8.74,0,0,37.45,152597,1621611875.16178
479.57,-8.74,0,0,37.45,152616,1621611875.18182
479.57,-8.74,0,0,37.45,152637,1621611875.20241
479.57,-8.74,0,0,37.42,152656,1621611875.22279
479.57,-8.74,0,0,37.42,152677,1621611875.24442
479.57,-8.74,0,0,37.42,152697,1621611875.26474
479.57,-8.74,0,0,37.43,152717,1621611875.28024
479.57,-8.74,0,0,37.43,152736,1621611875.30072
479.57,-8.74,0,0,37.43,152757,1621611875.32178
479.57,-8.74,0,0,37.43,152776,1621611875.34237
479.57,-8.74,0,0,37.45,152797,1621611875.36298
479.57,-8.74,0,0,37.48,152817,1621611875.38346
479.57,-8.74,0,0,37.63,152837,1621611875.40403
479.57,-8.74,0,0,37.9,152857,1621611875.42439
479.57,-8.74,0,0,38.28,152877,1621611875.44442
479.57,-8.74,0,0,38.78,152897,1621611875.46151
479.57,-8.74,0,0,39.33,152916,1621611875.48152
479.57,-8.74,0,0,39.87,152937,1621611875.50163
479.57,-8.74,0,0,40.18,152956,1621611875.52534
479.57,-8.74,0,0,40.35,152977,1621611875.54491
479.57,-8.74,0,0,40.43,152996,1621611875.56407
479.57,-8.74,0,0,40.47,153017,1621611875.58466
479.57,-8.74,0,0,40.47,153036,1621611875.60504
479.57,-8.74,0,0,40.48,153057,1621611875.62881
479.57,-8.74,0,0,40.53,153076,1621611875.64062
479.57,-8.74,0,0,40.62,153097,1621611875.66119
479.57,-8.74,0,0,40.78,153117,1621611875.6826
479.57,-8.74,0,0,40.98,153137,1621611875.70325
479.57,-8.74,0,0,41.22,153157,1621611875.72313
479.57,-8.74,0,0,41.4,153177,1621611875.74386
479.57,-8.74,0,0,41.57,153197,1621611875.76456
479.57,-8.74,0,0,41.68,153217,1621611875.78533
479.57,-8.74,0,0,41.75,153237,1621611875.80618
479.57,-8.74,0,0,41.78,153256,1621611875.82148
479.57,-8.74,0,0,41.78,153277,1621611875.84195
479.57,-8.74,0,0,41.78,153296,1621611875.86243
479.57,-8.74,0,0,41.78,153317,1621611875.88407
479.57,-8.74,0,0,41.8,153336,1621611875.90598
479.57,-8.74,0,0,41.8,153357,1621611875.92526
479.57,-8.74,0,0,41.8,153376,1621611875.94546
479.57,-8.74,0,0,41.8,153397,1621611875.96502
479.57,-8.74,0,0,41.8,153416,1621611875.98499
479.57,-8.74,0,0,41.8,153437,1621611876.00646
479.57,-8.74,0,0,41.8,153457,1621611876.02198
479.57,-8.74,0,0,41.8,153477,1621611876.0426
479.57,-8.74,0,0,41.8,153497,1621611876.06295
479.57,-8.74,0,0,41.8,153517,1621611876.08391
479.57,-8.74,0,0,41.8,153537,1621611876.10582
479.57,-8.74,0,0,41.8,153556,1621611876.1255
479.57,-8.74,0,0,41.78,153577,1621611876.14818
479.57,-8.74,0,0,41.78,153596,1621611876.16515
479.57,-8.74,0,0,41.78,153617,1621611876.18146
479.57,-8.74,0,0,41.78,153636,1621611876.2023
479.57,-8.74,0,0,41.78,153657,1621611876.22409
479.57,-8.74,0,0,41.78,153676,1621611876.24755
479.57,-8.74,0,0,41.78,153697,1621611876.26365
479.57,-8.74,0,0,41.78,153716,1621611876.28443
479.57,-8.74,0,0,41.78,153737,1621611876.30463
479.57,-8.74,0,0,41.78,153756,1621611876.32516
479.57,-8.74,0,0,41.78,153777,1621611876.34559
479.57,-8.74,0,0,41.78,153796,1621611876.3662
479.57,-8.74,0,0,41.78,153817,1621611876.3831
479.57,-8.74,0,0,41.77,153837,1621611876.40335
479.57,-8.74,0,0,41.77,153857,1621611876.42399
479.57,-8.74,0,0,41.77,153877,1621611876.44408
479.57,-8.74,0,0,41.75,153897,1621611876.4644
479.57,-8.74,0,0,41.75,153917,1621611876.48446
479.57,-8.74,0,0,41.75,153937,1621611876.50569
479.57,-8.74,0,0,41.75,153957,1621611876.5261
479.57,-8.74,0,0,41.75,153977,1621611876.54652
479.57,-8.74,0,0,41.75,153997,1621611876.56688
479.57,-8.74,0,0,41.75,154017,1621611876.58368
479.57,-8.74,0,0,41.75,154037,1621611876.60433
479.57,-8.74,0,0,41.75,154057,1621611876.62471
479.57,-8.74,0,0,41.75,154077,1621611876.64532
479.57,-8.74,0,0,41.75,154097,1621611876.66555
479.57,-8.74,0,0,41.75,154117,1621611876.68572
479.57,-8.74,0,0,41.75,154137,1621611876.70586
479.57,-8.74,0,0,41.75,154157,1621611876.72601
479.57,-8.74,0,0,41.75,154177,1621611876.74719
479.57,-8.74,0,0,41.75,154198,1621611876.76313
479.57,-8.74,0,0,41.75,154217,1621611876.7835
479.57,-8.74,0,0,41.75,154237,1621611876.80443
479.57,-8.74,0,0,41.75,154257,1621611876.82661
479.57,-8.74,0,0,41.75,154277,1621611876.84839
479.57,-8.74,0,0,41.75,154297,1621611876.8652
479.57,-8.74,0,0,41.75,154317,1621611876.88535
479.57,-8.74,0,0,41.75,154337,1621611876.90561
479.57,-8.74,0,0,41.75,154357,1621611876.92626
479.57,-8.74,0,0,41.75,154377,1621611876.94293
479.57,-8.74,0,0,41.75,154397,1621611876.96357
479.57,-8.74,0,0,41.75,154417,1621611876.98461
479.57,-8.74,0,0,41.75,154437,1621611877.00546
479.57,-8.74,0,0,41.75,154457,1621611877.02595
479.57,-8.74,0,0,41.75,154477,1621611877.04621
479.57,-8.74,0,0,41.75,154497,1621611877.06609
479.57,-8.74,0,0,41.73,154517,1621611877.08771
479.57,-8.74,0,0,41.72,154536,1621611877.1041
479.57,-8.74,0,0,41.7,154557,1621611877.12479
479.57,-8.74,0,0,41.68,154577,1621611877.14517
479.57,-8.74,0,0,41.63,154597,1621611877.16553
479.57,-8.74,0,0,41.58,154616,1621611877.18567
479.57,-8.74,0,0,41.5,154637,1621611877.20603
479.57,-8.74,0,0,41.4,154657,1621611877.22603
479.57,-8.74,0,0,41.28,154677,1621611877.24741
479.57,-8.74,0,0,41.18,154697,1621611877.26675
479.57,-8.74,0,0,41.12,154717,1621611877.28864
479.57,-8.74,0,0,41.08,154737,1621611877.30453
479.57,-8.74,0,0,41.07,154757,1621611877.32495
479.57,-8.74,0,0,41.07,154777,1621611877.34524
479.57,-8.74,0,0,41.07,154797,1621611877.36626
479.57,-8.74,0,0,41.07,154817,1621611877.38634
479.57,-8.74,0,0,41.07,154836,1621611877.40673
479.57,-8.74,0,0,41.07,154857,1621611877.42679
479.57,-8.74,0,0,41.07,154876,1621611877.44767
479.57,-8.74,0,0,41.07,154897,1621611877.4648
479.57,-8.74,0,0,41.07,154916,1621611877.49641
479.57,-8.74,0,0,41.02,154937,1621611877.50613
479.57,-8.74,0,0,40.85,154956,1621611877.527
479.57,-8.74,0,0,40.58,154977,1621611877.54735
479.57,-8.74,0,0,40.27,154997,1621611877.56611
479.57,-8.74,0,0,39.92,155017,1621611877.58639
479.57,-8.74,0,0,39.55,155037,1621611877.60671
479.57,-8.74,0,0,39.17,155057,1621611877.62748
479.57,-8.74,0,0,38.75,155077,1621611877.64734
479.57,-8.74,0,0,38.33,155097,1621611877.6641
479.57,-8.74,0,0,37.93,155117,1621611877.68499
479.57,-8.74,0,0,37.5,155137,1621611877.70561
479.57,-8.74,0,0,37.07,155157,1621611877.72589
479.57,-8.74,0,0,36.6,155176,1621611877.7467
479.57,-8.74,0,0,36.13,155197,1621611877.76705
479.57,-8.74,0,0,35.65,155216,1621611877.78776
479.57,-8.74,0,0,35.13,155237,1621611877.80824
479.57,-8.74,0,0,34.57,155256,1621611877.82352
479.57,-8.74,0,0,33.95,155277,1621611877.84405
479.57,-8.74,0,0,33.35,155297,1621611877.86577
479.57,-8.74,0,0,32.78,155317,1621611877.88564
479.57,-8.74,0,0,32.27,155337,1621611877.90996
479.57,-8.74,0,0,31.8,155357,1621611877.9271
479.57,-8.74,0,0,31.37,155377,1621611877.94725
479.57,-8.74,0,0,30.97,155397,1621611877.96702
479.57,-8.74,0,0,30.55,155417,1621611877.987
479.57,-8.74,0,0,30.13,155437,1621611878.00871
479.57,-8.74,0,0,29.68,155457,1621611878.0242
479.57,-8.74,0,0,29.23,155476,1621611878.04536
479.57,-8.74,0,0,28.77,155497,1621611878.06553
479.57,-8.74,0,0,28.32,155516,1621611878.08603
479.57,-8.74,0,0,27.85,155537,1621611878.10925
479.57,-8.74,0,0,27.42,155556,1621611878.12986
479.57,-8.74,0,0,27,155577,1621611878.14913
479.57,-8.74,0,0,26.6,155597,1621611878.16788
479.57,-8.74,0,0,26.2,155617,1621611878.18858
479.57,-8.74,0,0,25.8,155636,1621611878.20472
479.57,-8.74,0,0,25.4,155657,1621611878.22579
479.57,-8.74,0,0,25,155677,1621611878.24601
479.57,-8.74,0,0,24.6,155697,1621611878.26674
479.57,-8.74,0,0,24.22,155717,1621611878.29441
479.57,-8.74,0,0,23.85,155737,1621611878.30882
479.57,-8.74,0,0,23.57,155757,1621611878.32788
479.57,-8.74,0,0,23.28,155777,1621611878.34807
479.57,-8.74,0,0,23.03,155797,1621611878.36855
479.57,-8.74,0,0,22.73,155816,1621611878.38456
479.57,-8.74,0,0,22.4,155837,1621611878.40503
479.57,-8.74,0,0,22.02,155856,1621611878.4263
479.57,-8.74,0,0,21.6,155877,1621611878.44747
479.57,-8.74,0,0,21.2,155896,1621611878.46771
479.57,-8.74,0,0,20.8,155917,1621611878.48835
479.57,-8.74,0,0,20.42,155936,1621611878.50758
479.57,-8.74,0,0,20.07,155957,1621611878.52732
479.57,-8.74,0,0,19.78,155977,1621611878.54915
479.57,-8.74,0,0,19.53,155997,1621611878.56529
479.57,-8.74,0,0,19.28,156017,1621611878.58681
479.57,-8.74,0,0,19.03,156037,1621611878.60819
479.57,-8.74,0,0,18.78,156057,1621611878.628
479.57,-8.74,0,0,18.53,156077,1621611878.64854
479.57,-8.74,0,0,18.27,156097,1621611878.66895
479.57,-8.74,0,0,17.98,156116,1621611878.6895
479.57,-8.74,0,0,17.67,156137,1621611878.70979
479.57,-8.74,0,0,17.37,156156,1621611878.72906
479.57,-8.74,0,0,17.07,156177,1621611878.74583
479.57,-8.74,0,0,16.73,156196,1621611878.76647
479.57,-8.74,0,0,16.38,156217,1621611878.78719
479.57,-8.74,0,0,16.02,156237,1621611878.80775
479.57,-8.74,0,0,15.65,156257,1621611878.82761
479.57,-8.74,0,0,15.28,156276,1621611878.84784
479.57,-8.74,0,0,14.92,156297,1621611878.87342
479.57,-8.74,0,0,14.55,156317,1621611878.89432
479.57,-8.74,0,0,14.17,156337,1621611878.91098
479.57,-8.74,0,0,13.78,156357,1621611878.92514
479.57,-8.74,0,0,13.4,156377,1621611878.94662
479.57,-8.74,0,0,13.03,156397,1621611878.96684
479.57,-8.74,0,0,12.63,156417,1621611878.98753
479.57,-8.74,0,0,12.23,156437,1621611879.00873
479.57,-8.74,0,0,11.8,156456,1621611879.02833
479.57,-8.74,0,0,11.33,156477,1621611879.04938
479.57,-8.74,0,0,10.92,156496,1621611879.06957
479.57,-8.74,0,0,10.52,156517,1621611879.09031
479.57,-8.74,0,0,10.1,156536,1621611879.10717
479.57,-8.74,0,0,9.72,156557,1621611879.12725
479.57,-8.74,0,0,9.35,156576,1621611879.14719
479.57,-8.74,0,0,9.05,156597,1621611879.16864
479.57,-8.74,0,0,8.75,156616,1621611879.18968
479.57,-8.74,0,0,8.45,156637,1621611879.2077
479.57,-8.74,0,0,8.17,156656,1621611879.23249
479.57,-8.74,0,0,7.88,156677,1621611879.24987
479.57,-8.74,0,0,7.57,156697,1621611879.27013
479.57,-8.74,0,0,7.22,156717,1621611879.28586
479.57,-8.74,0,0,6.87,156737,1621611879.30624
479.57,-8.74,0,0,6.5,156756,1621611879.32701
479.57,-8.74,0,0,6.13,156777,1621611879.34894
479.57,-8.74,0,0,5.78,156796,1621611879.3686
479.57,-8.74,0,0,5.47,156817,1621611879.38939
479.57,-8.74,0,0,5.15,156836,1621611879.40937
479.57,-8.74,0,0,4.85,156857,1621611879.43054
479.57,-8.74,0,0,4.55,156876,1621611879.45052
479.57,-8.74,0,0,4.27,156897,1621611879.46659
479.57,-8.74,0,0,3.97,156916,1621611879.48764
479.57,-8.74,0,0,3.65,156937,1621611879.50735
479.57,-8.74,0,0,3.33,156956,1621611879.52824
479.57,-8.74,0,0,3.03,156977,1621611879.5484
479.57,-8.74,0,0,2.75,156997,1621611879.5692
479.57,-8.74,0,0,2.48,157017,1621611879.58958
479.57,-8.74,0,0,2.23,157037,1621611879.60989
479.57,-8.74,0,0,2.02,157057,1621611879.63949
479.57,-8.74,0,0,1.8,157077,1621611879.64848
479.57,-8.74,0,0,1.58,157096,1621611879.66955
479.57,-8.74,0,0,1.4,157117,1621611879.68878
479.57,-8.74,0,0,1.22,157136,1621611879.70822
479.57,-8.74,0,0,1.03,157157,1621611879.72854
479.57,-8.74,0,0,0.85,157176,1621611879.74961
479.57,-8.74,0,0,0.65,157197,1621611879.77001
479.57,-8.74,0,0,0.47,157216,1621611879.79034
479.57,-8.74,0,0,0.28,157237,1621611879.81064
479.57,-8.74,0,0,0.12,157256,1621611879.83292
479.57,-8.74,0,0,-0.07,157277,1621611879.84692
479.57,-8.74,0,0,-0.25,157297,1621611879.86762
479.57,-8.74,0,0,-0.43,157317,1621611879.88861
479.57,-8.74,0,0,-0.63,157337,1621611879.9097
479.57,-8.74,0,0,-0.83,157357,1621611879.92985
479.57,-8.74,0,0,-1.05,157376,1621611879.9502
479.57,-8.74,0,0,-1.25,157396,1621611879.97073
479.57,-8.74,0,0,-1.4,157417,1621611879.99107
479.57,-8.74,0,0,-1.55,157436,1621611880.01417
479.57,-8.74,0,0,-1.67,157457,1621611880.02773
479.57,-8.74,0,0,-1.78,157476,1621611880.04766
479.57,-8.74,0,0,-1.88,157497,1621611880.06788
479.57,-8.74,0,0,-1.98,157516,1621611880.10044
479.57,-8.74,0,0,-2.1,157537,1621611880.11351
479.57,-8.74,0,0,-2.2,157556,1621611880.12987
479.57,-8.74,0,0,-2.32,157577,1621611880.15278
479.57,-8.74,0,0,-2.45,157596,1621611880.17164
479.57,-8.74,0,0,-2.58,157617,1621611880.19194
479.57,-8.74,0,0,-2.73,157637,1621611880.20753
479.57,-8.74,0,0,-2.85,157657,1621611880.22789
479.57,-8.74,0,0,-2.95,157677,1621611880.25041
479.57,-8.74,0,0,-3.05,157697,1621611880.27075
479.57,-8.74,0,0,-3.17,157717,1621611880.29018
479.57,-8.74,0,0,-3.3,157736,1621611880.30986
479.57,-8.74,0,0,-3.4,157757,1621611880.33039
479.57,-8.74,0,0,-3.5,157776,1621611880.35103
479.57,-8.74,0,0,-3.58,157797,1621611880.37194
479.57,-8.74,0,0,-3.63,157816,1621611880.38827
479.57,-8.74,0,0,-3.68,157837,1621611880.40788
479.57,-8.74,0,0,-3.75,157856,1621611880.43098
479.57,-8.74,0,0,-3.8,157877,1621611880.45872
479.57,-8.74,0,0,-3.87,157896,1621611880.47093
479.57,-8.74,0,0,-3.93,157917,1621611880.49111
479.57,-8.74,0,0,-4.02,157936,1621611880.51021
479.57,-8.74,0,0,-4.1,157957,1621611880.53133
479.57,-8.74,0,0,-4.18,157977,1621611880.55129
479.57,-8.74,0,0,-4.28,157997,1621611880.57303
479.57,-8.74,0,0,-4.4,158017,1621611880.596
479.57,-8.74,0,0,-4.52,158036,1621611880.6091
479.57,-8.74,0,0,-4.62,158057,1621611880.62992
479.57,-8.74,0,0,-4.7,158076,1621611880.64993
479.57,-8.74,0,0,-4.78,158097,1621611880.67008
479.57,-8.74,0,0,-4.85,158116,1621611880.6915
479.57,-8.74,0,0,-4.93,158137,1621611880.71157
479.57,-8.74,0,0,-4.98,158156,1621611880.73209
479.57,-8.74,0,0,-5.03,158177,1621611880.74827
479.57,-8.74,0,0,-5.08,158196,1621611880.76935
479.57,-8.74,0,0,-5.15,158217,1621611880.79069
479.57,-8.74,0,0,-5.23,158236,1621611880.81275
479.57,-8.74,0,0,-5.33,158257,1621611880.83205
479.57,-8.74,0,0,-5.45,158276,1621611880.85088
479.57,-8.74,0,0,-5.55,158297,1621611880.87077
479.57,-8.74,0,0,-5.63,158316,1621611880.89083
479.57,-8.74,0,0,-5.72,158337,1621611880.9122
479.57,-8.74,0,0,-5.82,158357,1621611880.92894
479.57,-8.74,0,0,-5.9,158376,1621611880.94928
479.57,-8.74,0,0,-6,158397,1621611880.97038
479.57,-8.74,0,0,-6.1,158416,1621611880.99181
479.57,-8.74,0,0,-6.2,158437,1621611881.01099
479.57,-8.74,0,0,-6.28,158456,1621611881.03164
479.57,-8.74,0,0,-6.35,158477,1621611881.05232
479.57,-8.74,0,0,-6.42,158496,1621611881.07283
479.57,-8.74,0,0,-6.48,158517,1621611881.09364
479.57,-8.74,0,0,-6.53,158537,1621611881.10923
479.57,-8.74,0,0,-6.58,158557,1621611881.13021
479.57,-8.74,0,0,-6.65,158577,1621611881.15052
479.57,-8.74,0,0,-6.7,158597,1621611881.17019
479.57,-8.74,0,0,-6.77,158616,1621611881.19041
479.57,-8.74,0,0,-6.83,158637,1621611881.21233
479.57,-8.74,0,0,-6.88,158656,1621611881.23255
479.57,-8.74,0,0,-6.93,158676,1621611881.25363
479.57,-8.74,0,0,-7,158697,1621611881.27386
479.57,-8.74,0,0,-7.05,158716,1621611881.29404
479.57,-8.74,0,0,-7.12,158737,1621611881.30978
479.57,-8.74,0,0,-7.2,158756,1621611881.33022
479.57,-8.74,0,0,-7.28,158777,1621611881.36047
479.57,-8.74,0,0,-7.37,158796,1621611881.37175
479.57,-8.74,0,0,-7.45,158817,1621611881.39094
479.57,-8.74,0,0,-7.53,158836,1621611881.41143
479.57,-8.74,0,0,-7.62,158857,1621611881.43258
479.57,-8.74,0,0,-7.72,158876,1621611881.453
479.57,-8.74,0,0,-7.82,158897,1621611881.46881
479.57,-8.74,0,0,-7.93,158917,1621611881.49016
479.57,-8.74,0,0,-8.03,158937,1621611881.51065
479.57,-8.74,0,0,-8.13,158957,1621611881.53088
479.57,-8.74,0,0,-8.23,158977,1621611881.55145
479.57,-8.74,0,0,-8.33,158997,1621611881.57219
479.57,-8.74,0,0,-8.43,159016,1621611881.5926
479.57,-8.74,0,0,-8.52,159037,1621611881.61534
479.57,-8.74,0,0,-8.62,159056,1621611881.63515
479.57,-8.74,0,0,-8.72,159077,1621611881.6496
479.57,-8.74,0,0,-8.78,159096,1621611881.66969
479.57,-8.74,0,0,-8.87,159117,1621611881.69016
479.57,-8.74,0,0,-8.93,159136,1621611881.71193
479.57,-8.74,0,0,-9.02,159157,1621611881.73137
479.57,-8.74,0,0,-9.08,159176,1621611881.7526
479.57,-8.74,0,0,-9.15,159197,1621611881.77296
479.57,-8.74,0,0,-9.23,159216,1621611881.79342
479.57,-8.74,0,0,-9.3,159237,1621611881.81433
479.57,-8.74,0,0,-9.35,159256,1621611881.83063
479.57,-8.74,0,0,-9.42,159277,1621611881.85107
479.57,-8.74,0,0,-9.47,159297,1621611881.87058
479.57,-8.74,0,0,-9.52,159316,1621611881.89099
479.57,-8.74,0,0,-9.58,159337,1621611881.91242
479.57,-8.74,0,0,-9.67,159356,1621611881.9317
479.57,-8.74,0,0,-9.75,159377,1621611881.95226
479.57,-8.74,0,0,-9.87,159396,1621611881.97374
479.57,-8.74,0,0,-10,159417,1621611881.99398
479.57,-8.74,0,0,-10.13,159436,1621611882.01408
479.57,-8.74,0,0,-10.27,159457,1621611882.03096
479.57,-8.74,0,0,-10.4,159477,1621611882.05117
479.57,-8.74,0,0,-10.52,159497,1621611882.07179
479.57,-8.74,0,0,-10.65,159517,1621611882.09212
479.57,-8.74,0,0,-10.77,159537,1621611882.11432
479.57,-8.74,0,0,-10.87,159557,1621611882.13427
479.57,-8.74,0,0,-10.98,159577,1621611882.1545
479.57,-8.74,0,0,-11.08,159597,1621611882.17413
479.57,-8.74,0,0,-11.2,159617,1621611882.19417
479.57,-8.74,0,0,-11.32,159637,1621611882.21028
479.57,-8.74,0,0,-11.43,159656,1621611882.23127
479.57,-8.74,0,0,-11.53,159677,1621611882.25986
479.57,-8.74,0,0,-11.65,159696,1621611882.27824
479.57,-8.74,0,0,-11.75,159717,1621611882.29189
479.57,-8.74,0,0,-11.85,159736,1621611882.31319
479.57,-8.74,0,0,-11.97,159757,1621611882.33307
479.57,-8.74,0,0,-12.07,159776,1621611882.35356
479.57,-8.74,0,0,-12.18,159797,1621611882.37644
479.57,-8.74,0,0,-12.32,159816,1621611882.39389
479.57,-8.74,0,0,-12.43,159837,1621611882.41159
479.57,-8.74,0,0,-12.53,159857,1621611882.4316
479.57,-8.74,0,0,-12.62,159877,1621611882.45193
479.57,-8.74,0,0,-12.7,159897,1621611882.47319
479.57,-8.74,0,0,-12.78,159917,1621611882.49346
479.57,-8.74,0,0,-12.87,159937,1621611882.51358
479.57,-8.74,0,0,-12.93,159956,1621611882.53526
479.57,-8.74,0,0,-13.03,159977,1621611882.5553
479.57,-8.74,0,0,-13.12,159996,1621611882.57162
479.57,-8.74,0,0,-13.22,160017,1621611882.59201
479.57,-8.74,0,0,-13.33,160036,1621611882.61331
479.57,-8.74,0,0,-13.45,160057,1621611882.63397
479.57,-8.74,0,0,-13.58,160076,1621611882.65428
479.57,-8.74,0,0,-13.73,160097,1621611882.67511
479.57,-8.74,0,0,-13.88,160116,1621611882.69576
479.57,-8.74,0,0,-14.02,160137,1621611882.71615
479.57,-8.74,0,0,-14.17,160157,1621611882.73612
479.57,-8.74,0,0,-14.3,160177,1621611882.75239
479.57,-8.74,0,0,-14.45,160197,1621611882.77271
479.57,-8.74,0,0,-14.6,160217,1621611882.79348
479.57,-8.74,0,0,-14.73,160237,1621611882.81353
479.57,-8.74,0,0,-14.88,160257,1621611882.84243
479.57,-8.74,0,0,-15.02,160277,1621611882.85435
479.57,-8.74,0,0,-15.13,160296,1621611882.87881
479.57,-8.74,0,0,-15.25,160317,1621611882.89475
479.57,-8.74,0,0,-15.35,160336,1621611882.91438
479.57,-8.74,0,0,-15.45,160357,1621611882.93077
479.57,-8.74,0,0,-15.55,160376,1621611882.95226
479.57,-8.74,0,0,-15.65,160397,1621611882.97176
479.57,-8.74,0,0,-15.75,160416,1621611882.99245
479.57,-8.74,0,0,-15.85,160437,1621611883.01431
479.57,-8.74,0,0,-15.97,160456,1621611883.03454
479.57,-8.74,0,0,-16.1,160477,1621611883.05506
479.57,-8.74,0,0,-16.23,160497,1621611883.07569
479.57,-8.74,0,0,-16.35,160517,1621611883.09618
479.57,-8.74,0,0,-16.48,160537,1621611883.11233
479.57,-8.74,0,0,-16.62,160557,1621611883.13278
479.57,-8.74,0,0,-16.77,160577,1621611883.15336
479.57,-8.74,0,0,-16.88,160596,1621611883.17428
479.57,-8.74,0,0,-17,160617,1621611883.19459
479.57,-8.74,0,0,-17.1,160636,1621611883.21472
479.57,-8.74,0,0,-17.2,160657,1621611883.23642
479.57,-8.74,0,0,-17.3,160676,1621611883.25568
479.57,-8.74,0,0,-17.42,160697,1621611883.2757
479.57,-8.74,0,0,-17.55,160716,1621611883.29672
479.57,-8.74,0,0,-17.68,160737,1621611883.31289
479.57,-8.74,0,0,-17.83,160757,1621611883.33317
479.57,-8.74,0,0,-18,160777,1621611883.35406
479.57,-8.74,0,0,-18.15,160796,1621611883.37517
479.57,-8.74,0,0,-18.3,160817,1621611883.39623
479.57,-8.74,0,0,-18.45,160837,1621611883.4156
479.57,-8.74,0,0,-18.6,160857,1621611883.43591
479.57,-8.74,0,0,-18.73,160877,1621611883.45572
479.57,-8.74,0,0,-18.85,160897,1621611883.477
479.57,-8.74,0,0,-18.98,160917,1621611883.4925
479.57,-8.74,0,0,-19.1,160936,1621611883.51424
479.57,-8.74,0,0,-19.2,160957,1621611883.53407
479.57,-8.74,0,0,-19.3,160976,1621611883.55437
479.57,-8.74,0,0,-19.4,160997,1621611883.57511
479.57,-8.74,0,0,-19.52,161016,1621611883.5967
479.57,-8.74,0,0,-19.62,161037,1621611883.61634
479.57,-8.74,0,0,-19.75,161056,1621611883.63687
479.57,-8.74,0,0,-19.87,161077,1621611883.65781
479.57,-8.74,0,0,-20,161096,1621611883.67329
479.57,-8.74,0,0,-20.12,161117,1621611883.69502
479.57,-8.74,0,0,-20.25,161137,1621611883.7147
479.57,-8.74,0,0,-20.37,161157,1621611883.73456
479.57,-8.74,0,0,-20.5,161177,1621611883.7553
479.57,-8.74,0,0,-20.65,161197,1621611883.776
479.57,-8.74,0,0,-20.8,161217,1621611883.79724
479.57,-8.74,0,0,-20.93,161236,1621611883.8168
479.57,-8.74,0,0,-21.05,161257,1621611883.84167
479.57,-8.74,0,0,-21.17,161276,1621611883.86004
479.57,-8.74,0,0,-21.28,161297,1621611883.87386
479.57,-8.74,0,0,-21.38,161316,1621611883.89347
479.57,-8.74,0,0,-21.48,161337,1621611883.91444
479.57,-8.74,0,0,-21.57,161356,1621611883.93438
479.57,-8.74,0,0,-21.65,161377,1621611883.95636
479.57,-8.74,0,0,-21.72,161397,1621611883.97569
479.57,-8.74,0,0,-21.8,161417,1621611883.99598
479.57,-8.74,0,0,-21.88,161437,1621611884.01768
479.57,-8.74,0,0,-21.98,161457,1621611884.04499
479.57,-8.74,0,0,-22.08,161477,1621611884.05428
479.57,-8.74,0,0,-22.18,161497,1621611884.07446
479.57,-8.74,0,0,-22.32,161517,1621611884.09446
479.57,-8.74,0,0,-22.45,161537,1621611884.11978
479.57,-8.74,0,0,-22.6,161557,1621611884.13885
479.57,-8.74,0,0,-22.78,161576,1621611884.15655
479.57,-8.74,0,0,-22.97,161597,1621611884.17624
479.57,-8.74,0,0,-23.18,161616,1621611884.19798
479.57,-8.74,0,0,-23.4,161637,1621611884.21362
479.57,-8.74,0,0,-23.6,161656,1621611884.2338
479.57,-8.74,0,0,-23.78,161677,1621611884.25474
479.57,-8.74,0,0,-23.95,161696,1621611884.27735
479.57,-8.74,0,0,-24.07,161717,1621611884.29874
479.57,-8.74,0,0,-24.17,161736,1621611884.31717
479.57,-8.74,0,0,-24.25,161757,1621611884.33657
479.57,-8.74,0,0,-24.32,161776,1621611884.35637
479.57,-8.74,0,0,-24.37,161797,1621611884.37787
479.57,-8.74,0,0,-24.43,161817,1621611884.39387
479.57,-8.74,0,0,-24.48,161837,1621611884.41382
479.57,-8.74,0,0,-24.55,161857,1621611884.43587
479.57,-8.74,0,0,-24.62,161876,1621611884.45575
479.57,-8.74,0,0,-24.7,161897,1621611884.47813
479.57,-8.74,0,0,-24.78,161916,1621611884.50293
479.57,-8.74,0,0,-24.88,161937,1621611884.51598
479.57,-8.74,0,0,-24.98,161956,1621611884.53686
479.57,-8.74,0,0,-25.1,161977,1621611884.55664
479.57,-8.74,0,0,-25.25,161996,1621611884.57421
479.57,-8.74,0,0,-25.38,162017,1621611884.59429
479.57,-8.74,0,0,-25.5,162036,1621611884.61466
479.57,-8.74,0,0,-25.6,162057,1621611884.63533
479.57,-8.74,0,0,-25.67,162077,1621611884.65588
479.57,-8.74,0,0,-25.72,162097,1621611884.67761
479.57,-8.74,0,0,-25.77,162117,1621611884.69759
479.57,-8.74,0,0,-25.82,162137,1621611884.71952
479.57,-8.74,0,0,-25.87,162157,1621611884.73904
479.57,-8.74,0,0,-25.93,162177,1621611884.7586
479.57,-8.74,0,0,-26,162197,1621611884.77563
479.57,-8.74,0,0,-26.08,162216,1621611884.79659
479.57,-8.74,0,0,-26.18,162237,1621611884.81867
479.57,-8.74,0,0,-26.27,162256,1621611884.83774
479.57,-8.74,0,0,-26.35,162277,1621611884.85747
479.57,-8.74,0,0,-26.45,162296,1621611884.87821
479.57,-8.74,0,0,-26.53,162317,1621611884.89784
479.57,-8.74,0,0,-26.62,162336,1621611884.91895
479.57,-8.74,0,0,-26.72,162357,1621611884.93493
479.57,-8.74,0,0,-26.82,162377,1621611884.95532
479.57,-8.74,0,0,-26.9,162397,1621611884.98452
479.57,-8.74,0,0,-26.98,162417,1621611884.99917
479.57,-8.74,0,0,-27.05,162437,1621611885.0165
479.57,-8.74,0,0,-27.12,162457,1621611885.0376
479.57,-8.74,0,0,-27.18,162477,1621611885.05698
479.57,-8.74,0,0,-27.25,162497,1621611885.07836
479.57,-8.74,0,0,-27.3,162516,1621611885.09846
479.57,-8.74,0,0,-27.35,162537,1621611885.11548
479.57,-8.74,0,0,-27.42,162556,1621611885.13642
479.57,-8.74,0,0,-27.48,162577,1621611885.1562
479.57,-8.74,0,0,-27.55,162596,1621611885.17707
479.57,-8.74,0,0,-27.63,162617,1621611885.19737
479.57,-8.74,0,0,-27.73,162637,1621611885.21681
479.57,-8.74,0,0,-27.85,162657,1621611885.23782
479.57,-8.74,0,0,-27.98,162676,1621611885.25846
479.57,-8.74,0,0,-28.13,162697,1621611885.27905
479.57,-8.74,0,0,-28.28,162717,1621611885.30248
479.57,-8.74,0,0,-28.45,162737,1621611885.31588
479.57,-8.74,0,0,-28.6,162757,1621611885.33573
479.57,-8.74,0,0,-28.75,162777,1621611885.35621
479.57,-8.74,0,0,-28.9,162797,1621611885.37678
479.57,-8.74,0,0,-29.02,162817,1621611885.39705
479.57,-8.74,0,0,-29.13,162837,1621611885.41806
479.57,-8.74,0,0,-29.25,162856,1621611885.4376
479.57,-8.74,0,0,-29.35,162877,1621611885.45791
479.57,-8.74,0,0,-29.45,162896,1621611885.47855
479.57,-8.74,0,0,-29.55,162917,1621611885.49577
479.57,-8.74,0,0,-29.65,162936,1621611885.51635
479.57,-8.74,0,0,-29.77,162957,1621611885.5375
479.57,-8.74,0,0,-29.88,162976,1621611885.5576
479.57,-8.74,0,0,-30,162997,1621611885.57842
479.57,-8.74,0,0,-30.12,163016,1621611885.59854
479.57,-8.74,0,0,-30.23,163037,1621611885.61936
479.57,-8.74,0,0,-30.33,163057,1621611885.64421
479.57,-8.74,0,0,-30.43,163077,1621611885.66215
479.57,-8.74,0,0,-30.52,163097,1621611885.67655
479.57,-8.74,0,0,-30.58,163117,1621611885.69725
479.57,-8.74,0,0,-30.65,163137,1621611885.71833
479.57,-8.74,0,0,-30.72,163156,1621611885.7384
479.57,-8.74,0,0,-30.8,163177,1621611885.7582
479.57,-8.74,0,0,-30.88,163196,1621611885.77852
479.57,-8.74,0,0,-30.98,163217,1621611885.79951
479.57,-8.74,0,0,-31.07,163236,1621611885.82085
479.57,-8.74,0,0,-31.15,163257,1621611885.83989
479.57,-8.74,0,0,-31.25,163277,1621611885.8566
479.57,-8.74,0,0,-31.32,163297,1621611885.87696
479.57,-8.74,0,0,-31.38,163317,1621611885.89736
479.57,-8.74,0,0,-31.43,163337,1621611885.91852
479.57,-8.74,0,0,-31.48,163356,1621611885.93858
479.57,-8.74,0,0,-31.5,163377,1621611885.95897
479.57,-8.74,0,0,-31.53,163397,1621611885.9796
479.57,-8.74,0,0,-31.57,163417,1621611885.99983
479.57,-8.74,0,0,-31.6,163437,1621611886.02081
479.57,-8.74,0,0,-31.63,163457,1621611886.03735
479.57,-8.74,0,0,-31.67,163477,1621611886.05743
479.57,-8.74,0,0,-31.7,163496,1621611886.07779
479.57,-8.74,0,0,-31.73,163517,1621611886.09856
479.57,-8.74,0,0,-31.78,163536,1621611886.11967
479.57,-8.74,0,0,-31.83,163557,1621611886.13951
479.57,-8.74,0,0,-31.9,163576,1621611886.15924
479.57,-8.74,0,0,-31.97,163597,1621611886.17975
479.57,-8.74,0,0,-32.05,163616,1621611886.20239
479.57,-8.74,0,0,-32.15,163637,1621611886.21811
479.57,-8.74,0,0,-32.25,163657,1621611886.23816
479.57,-8.74,0,0,-32.38,163677,1621611886.25831
479.57,-8.74,0,0,-32.53,163697,1621611886.27866
479.57,-8.74,0,0,-32.68,163717,1621611886.2996
479.57,-8.74,0,0,-32.85,163737,1621611886.32016
479.57,-8.74,0,0,-33,163757,1621611886.34001
479.57,-8.74,0,0,-33.13,163777,1621611886.36049
479.57,-8.74,0,0,-33.23,163796,1621611886.3806
479.57,-8.74,0,0,-33.32,163817,1621611886.39815
479.57,-8.74,0,0,-33.37,163836,1621611886.41855
479.57,-8.74,0,0,-33.42,163857,1621611886.43872
479.57,-8.74,0,0,-33.45,163877,1621611886.45869
479.57,-8.74,0,0,-33.5,163897,1621611886.47914
479.57,-8.74,0,0,-33.55,163916,1621611886.50786
479.57,-8.74,0,0,-33.6,163937,1621611886.52741
479.57,-8.74,0,0,-33.67,163957,1621611886.53984
479.57,-8.74,0,0,-33.75,163977,1621611886.55989
479.57,-8.74,0,0,-33.88,163997,1621611886.5812
479.57,-8.74,0,0,-34.03,164017,1621611886.60137
479.57,-8.74,0,0,-34.2,164037,1621611886.62095
479.57,-8.74,0,0,-34.37,164057,1621611886.63787
479.57,-8.74,0,0,-34.48,164077,1621611886.65807
479.57,-8.74,0,0,-34.58,164097,1621611886.67854
479.57,-8.74,0,0,-34.67,164117,1621611886.7068
479.57,-8.74,0,0,-34.73,164136,1621611886.72219
479.57,-8.74,0,0,-34.78,164157,1621611886.7407
479.57,-8.74,0,0,-34.83,164176,1621611886.75759
479.57,-8.74,0,0,-34.88,164197,1621611886.77792
479.57,-8.74,0,0,-34.93,164217,1621611886.79812
479.57,-8.74,0,0,-35,164237,1621611886.81885
479.57,-8.74,0,0,-35.07,164257,1621611886.83932
479.57,-8.74,0,0,-35.13,164277,1621611886.8617
479.57,-8.74,0,0,-35.18,164297,1621611886.88224
479.57,-8.74,0,0,-35.25,164317,1621611886.89997
479.57,-8.74,0,0,-35.3,164336,1621611886.92115
479.57,-8.74,0,0,-35.33,164357,1621611886.94135
479.57,-8.74,0,0,-35.37,164377,1621611886.95789
479.57,-8.74,0,0,-35.4,164397,1621611886.97808
479.57,-8.74,0,0,-35.42,164417,1621611886.9991
479.57,-8.74,0,0,-35.45,164436,1621611887.01947
479.57,-8.74,0,0,-35.47,164457,1621611887.03933
479.57,-8.74,0,0,-35.5,164476,1621611887.06073
479.57,-8.74,0,0,-35.52,164497,1621611887.08126
479.57,-8.74,0,0,-35.53,164516,1621611887.10161
479.57,-8.74,0,0,-35.57,164537,1621611887.11764
479.57,-8.74,0,0,-35.58,164557,1621611887.13802
479.57,-8.74,0,0,-35.62,164577,1621611887.15852
479.57,-8.74,0,0,-35.63,164596,1621611887.17896
479.57,-8.74,0,0,-35.67,164617,1621611887.2003
479.57,-8.74,0,0,-35.7,164636,1621611887.22073
479.57,-8.74,0,0,-35.73,164657,1621611887.24115
479.57,-8.74,0,0,-35.77,164677,1621611887.26148
479.57,-8.74,0,0,-35.8,164697,1621611887.28199
479.57,-8.74,0,0,-35.85,164717,1621611887.30216
479.57,-8.74,0,0,-35.92,164737,1621611887.31809
479.57,-8.74,0,0,-35.98,164757,1621611887.33875
479.57,-8.74,0,0,-36.07,164776,1621611887.35974
479.57,-8.74,0,0,-36.15,164797,1621611887.37985
479.57,-8.74,0,0,-36.25,164816,1621611887.39981
479.57,-8.74,0,0,-36.37,164837,1621611887.42187
479.57,-8.74,0,0,-36.48,164856,1621611887.4414
479.57,-8.74,0,0,-36.6,164877,1621611887.46176
479.57,-8.74,0,0,-36.72,164896,1621611887.48214
479.57,-8.74,0,0,-36.8,164917,1621611887.49848
479.57,-8.74,0,0,-36.88,164937,1621611887.51915
479.57,-8.74,0,0,-36.95,164957,1621611887.53987
479.57,-8.74,0,0,-37.03,164976,1621611887.56045
479.57,-8.74,0,0,-37.13,164997,1621611887.58085
479.57,-8.74,0,0,-37.23,165017,1621611887.60157
479.57,-8.74,0,0,-37.33,165037,1621611887.62256
479.57,-8.74,0,0,-37.42,165057,1621611887.64141
479.57,-8.74,0,0,-37.5,165076,1621611887.66259
479.57,-8.74,0,0,-37.58,165097,1621611887.67822
479.57,-8.74,0,0,-37.63,165116,1621611887.69973
479.57,-8.74,0,0,-37.7,165137,1621611887.72231
479.57,-8.74,0,0,-37.75,165156,1621611887.74085
479.57,-8.74,0,0,-37.82,165177,1621611887.76071
479.57,-8.74,0,0,-37.88,165196,1621611887.7814
479.57,-8.74,0,0,-37.93,165217,1621611887.80176
479.57,-8.74,0,0,-38,165237,1621611887.82225
479.57,-8.74,0,0,-38.05,165257,1621611887.84286
479.57,-8.74,0,0,-38.1,165277,1621611887.8594
479.57,-8.74,0,0,-38.15,165297,1621611887.87965
479.57,-8.74,0,0,-38.2,165317,1621611887.89984
479.57,-8.74,0,0,-38.25,165337,1621611887.92278
479.57,-8.74,0,0,-38.28,165357,1621611887.94241
479.57,-8.74,0,0,-38.33,165377,1621611887.96246
479.57,-8.74,0,0,-38.37,165397,1621611887.98303
479.57,-8.74,0,0,-38.4,165416,1621611888.00277
479.57,-8.74,0,0,-38.43,165437,1621611888.02292
479.57,-8.74,0,0,-38.47,165456,1621611888.03951
479.57,-8.74,0,0,-38.5,165477,1621611888.05998
479.57,-8.74,0,0,-38.52,165497,1621611888.08088
479.57,-8.74,0,0,-38.55,165517,1621611888.105
479.57,-8.74,0,0,-38.58,165537,1621611888.12682
479.57,-8.74,0,0,-38.63,165557,1621611888.14185
479.57,-8.74,0,0,-38.67,165577,1621611888.16136
479.57,-8.74,0,0,-38.72,165597,1621611888.18191
479.57,-8.74,0,0,-38.77,165617,1621611888.20265
479.57,-8.74,0,0,-38.82,165637,1621611888.21922
479.57,-8.74,0,0,-38.87,165657,1621611888.23984
479.57,-8.74,0,0,-38.9,165677,1621611888.26035
479.57,-8.74,0,0,-38.97,165697,1621611888.28115
479.57,-8.74,0,0,-39.03,165716,1621611888.30184
479.57,-8.74,0,0,-39.12,165737,1621611888.32184
479.57,-8.74,0,0,-39.18,165756,1621611888.34223
479.57,-8.74,0,0,-39.28,165777,1621611888.36252
479.57,-8.74,0,0,-39.38,165796,1621611888.38298
479.57,-8.74,0,0,-39.48,165817,1621611888.40012
479.57,-8.74,0,0,-39.57,165836,1621611888.42094
479.57,-8.74,0,0,-39.67,165857,1621611888.44102
479.57,-8.74,0,0,-39.77,165876,1621611888.46146
479.57,-8.74,0,0,-39.85,165897,1621611888.48206
479.57,-8.74,0,0,-39.95,165917,1621611888.50282
479.57,-8.74,0,0,-40.03,165937,1621611888.52327
479.57,-8.74,0,0,-40.12,165957,1621611888.54385
479.57,-8.74,0,0,-40.2,165977,1621611888.56392
479.57,-8.74,0,0,-40.28,165997,1621611888.5808
479.57,-8.74,0,0,-40.37,166017,1621611888.60124
479.57,-8.74,0,0,-40.45,166037,1621611888.62149
479.57,-8.74,0,0,-40.52,166056,1621611888.64643
479.57,-8.74,0,0,-40.58,166077,1621611888.66985
479.57,-8.74,0,0,-40.63,166096,1621611888.68462
479.57,-8.74,0,0,-40.67,166117,1621611888.70262
479.57,-8.74,0,0,-40.72,166137,1621611888.72235
479.57,-8.74,0,0,-40.75,166157,1621611888.74304
479.57,-8.74,0,0,-40.78,166177,1621611888.76372
479.57,-8.74,0,0,-40.82,166197,1621611888.77957
479.57,-8.74,0,0,-40.85,166217,1621611888.80006
479.57,-8.74,0,0,-40.88,166237,1621611888.82111
479.57,-8.74,0,0,-40.92,166257,1621611888.85061
479.57,-8.74,0,0,-40.93,166277,1621611888.86429
479.57,-8.74,0,0,-40.97,166297,1621611888.88248
479.57,-8.74,0,0,-41.02,166317,1621611888.90292
479.57,-8.74,0,0,-41.07,166337,1621611888.92464
479.57,-8.74,0,0,-41.12,166356,1621611888.94481
479.57,-8.74,0,0,-41.2,166377,1621611888.96055
479.57,-8.74,0,0,-41.27,166396,1621611888.98165
479.57,-8.74,0,0,-41.33,166417,1621611889.00205
479.57,-8.74,0,0,-41.42,166436,1621611889.02189
479.57,-8.74,0,0,-41.5,166457,1621611889.04235
479.57,-8.74,0,0,-41.6,166476,1621611889.06269
479.57,-8.74,0,0,-41.68,166497,1621611889.08387
479.57,-8.74,0,0,-41.77,166516,1621611889.10459
479.57,-8.74,0,0,-41.85,166537,1621611889.12411
479.57,-8.74,0,0,-41.93,166557,1621611889.1409
479.57,-8.74,0,0,-42.02,166577,1621611889.16124
479.57,-8.74,0,0,-42.08,166597,1621611889.18257
479.57,-8.74,0,0,-42.15,166617,1621611889.20405
479.57,-8.74,0,0,-42.22,166637,1621611889.22292
479.57,-8.74,0,0,-42.27,166657,1621611889.24444
479.57,-8.74,0,0,-42.3,166677,1621611889.26401
479.57,-8.74,0,0,-42.32,166697,1621611889.28573
479.57,-8.74,0,0,-42.33,166717,1621611889.30587
479.57,-8.74,0,0,-42.33,166736,1621611889.32134
479.57,-8.74,0,0,-42.35,166757,1621611889.34174
479.57,-8.74,0,0,-42.35,166776,1621611889.36234
479.57,-8.74,0,0,-42.37,166797,1621611889.38305
479.57,-8.74,0,0,-42.38,166817,1621611889.4039
479.57,-8.74,0,0,-42.38,166837,1621611889.4238
479.57,-8.74,0,0,-42.4,166856,1621611889.44351
479.57,-8.74,0,0,-42.42,166877,1621611889.46436
479.57,-8.74,0,0,-42.43,166896,1621611889.48487
479.57,-8.74,0,0,-42.43,166917,1621611889.5023
479.57,-8.74,0,0,-42.45,166937,1621611889.52181
479.57,-8.74,0,0,-42.45,166957,1621611889.54311
479.57,-8.74,0,0,-42.47,166977,1621611889.56339
479.57,-8.74,0,0,-42.48,166996,1621611889.58361
479.57,-8.74,0,0,-42.5,167017,1621611889.60443
479.57,-8.74,0,0,-42.52,167036,1621611889.62487
479.57,-8.74,0,0,-42.52,167057,1621611889.64518
479.57,-8.74,0,0,-42.53,167076,1621611889.66568
479.57,-8.74,0,0,-42.55,167097,1621611889.68176
479.57,-8.74,0,0,-42.58,167117,1621611889.70347
479.57,-8.74,0,0,-42.62,167137,1621611889.72229
479.57,-8.74,0,0,-42.63,167156,1621611889.75162
479.57,-8.74,0,0,-42.67,167177,1621611889.76931
479.57,-8.74,0,0,-42.68,167197,1621611889.78338
479.57,-8.74,0,0,-42.73,167217,1621611889.80441
479.57,-8.74,0,0,-42.78,167237,1621611889.82407
479.57,-8.74,0,0,-42.87,167257,1621611889.84459
479.57,-8.74,0,0,-42.95,167277,1621611889.86176
479.57,-8.74,0,0,-43.05,167297,1621611889.88223
479.57,-8.74,0,0,-43.17,167317,1621611889.90303
479.57,-8.74,0,0,-43.28,167336,1621611889.92342
479.57,-8.74,0,0,-43.4,167357,1621611889.94488
479.57,-8.74,0,0,-43.52,167376,1621611889.96484
479.57,-8.74,0,0,-43.62,167397,1621611889.98538
479.57,-8.74,0,0,-43.7,167416,1621611890.00598
479.57,-8.74,0,0,-43.78,167437,1621611890.03162
479.57,-8.74,0,0,-43.85,167457,1621611890.04195
479.57,-8.74,0,0,-43.92,167477,1621611890.06184
479.57,-8.74,0,0,-43.97,167496,1621611890.08221
479.57,-8.74,0,0,-44.02,167517,1621611890.10358
479.57,-8.74,0,0,-44.05,167537,1621611890.12413
479.57,-8.74,0,0,-44.08,167557,1621611890.14512
479.57,-8.74,0,0,-44.1,167577,1621611890.1656
479.57,-8.74,0,0,-44.12,167597,1621611890.18609
479.57,-8.74,0,0,-44.15,167617,1621611890.20617
479.57,-8.74,0,0,-44.18,167636,1621611890.22657
479.57,-8.74,0,0,-44.22,167657,1621611890.24372
479.57,-8.74,0,0,-44.23,167676,1621611890.26396
479.57,-8.74,0,0,-44.25,167697,1621611890.28416
479.57,-8.74,0,0,-44.25,167717,1621611890.30472
479.57,-8.74,0,0,-44.27,167737,1621611890.32544
479.57,-8.74,0,0,-44.27,167756,1621611890.3456
479.57,-8.74,0,0,-44.28,167777,1621611890.36578
479.57,-8.74,0,0,-44.3,167796,1621611890.38634
479.57,-8.74,0,0,-44.32,167817,1621611890.40659
479.57,-8.74,0,0,-44.33,167837,1621611890.42368
479.57,-8.74,0,0,-44.33,167857,1621611890.44913
479.57,-8.74,0,0,-44.35,167877,1621611890.47192
479.57,-8.74,0,0,-44.37,167897,1621611890.48654
479.57,-8.74,0,0,-44.38,167917,1621611890.50503
479.57,-8.74,0,0,-44.38,167938,1621611890.52505
479.57,-8.74,0,0,-44.4,167957,1621611890.54547
479.57,-8.74,0,0,-44.42,167976,1621611890.566
479.57,-8.74,0,0,-44.43,167997,1621611890.58196
479.57,-8.74,0,0,-44.45,168017,1621611890.60282
479.57,-8.74,0,0,-44.45,168037,1621611890.62499
479.57,-8.74,0,0,-44.45,168057,1621611890.64468
479.57,-8.74,0,0,-44.47,168077,1621611890.66499
479.57,-8.74,0,0,-44.48,168096,1621611890.68544
479.57,-8.74,0,0,-44.5,168117,1621611890.70591
479.57,-8.74,0,0,-44.52,168137,1621611890.72675
479.57,-8.74,0,0,-44.53,168157,1621611890.74651
479.57,-8.74,0,0,-44.55,168176,1621611890.76312
479.57,-8.74,0,0,-44.55,168197,1621611890.78318
479.57,-8.74,0,0,-44.57,168217,1621611890.80495
479.57,-8.74,0,0,-44.6,168237,1621611890.82513
479.57,-8.74,0,0,-44.63,168256,1621611890.84554
479.57,-8.74,0,0,-44.67,168276,1621611890.86608
479.57,-8.74,0,0,-44.7,168297,1621611890.88674
479.57,-8.74,0,0,-44.72,168317,1621611890.90611
479.57,-8.74,0,0,-44.75,168337,1621611890.92745
479.57,-8.74,0,0,-44.8,168357,1621611890.94754
479.57,-8.74,0,0,-44.85,168377,1621611890.96354
479.57,-8.74,0,0,-44.9,168396,1621611890.98457
479.57,-8.74,0,0,-44.97,168417,1621611891.00522
479.57,-8.74,0,0,-45.02,168436,1621611891.02518
479.57,-8.74,0,0,-45.07,168457,1621611891.04532
479.57,-8.74,0,0,-45.13,168477,1621611891.06661
479.57,-8.74,0,0,-45.2,168497,1621611891.09139
479.57,-8.74,0,0,-45.27,168517,1621611891.10721
479.57,-8.74,0,0,-45.32,168537,1621611891.1272
479.57,-8.74,0,0,-45.38,168557,1621611891.14348
479.57,-8.74,0,0,-45.43,168577,1621611891.16461
479.57,-8.74,0,0,-45.48,168597,1621611891.18488
479.57,-8.74,0,0,-45.5,168616,1621611891.20495
479.57,-8.74,0,0,-45.55,168637,1621611891.22529
479.57,-8.74,0,0,-45.58,168657,1621611891.24658
479.57,-8.74,0,0,-45.62,168677,1621611891.27157
479.57,-8.74,0,0,-45.63,168696,1621611891.2883
479.57,-8.74,0,0,-45.65,168717,1621611891.30778
479.57,-8.74,0,0,-45.65,168737,1621611891.32811
479.57,-8.74,0,0,-45.67,168757,1621611891.35345
479.57,-8.74,0,0,-45.68,168776,1621611891.36858
479.57,-8.74,0,0,-45.7,168797,1621611891.38601
479.57,-8.74,0,0,-45.72,168817,1621611891.40605
479.57,-8.74,0,0,-45.73,168837,1621611891.42639
479.57,-8.74,0,0,-45.75,168857,1621611891.44733
479.57,-8.74,0,0,-45.77,168877,1621611891.46765
479.57,-8.74,0,0,-45.77,168897,1621611891.48851
479.57,-8.74,0,0,-45.77,168916,1621611891.5045
479.57,-8.74,0,0,-45.78,168937,1621611891.52541
479.57,-8.74,0,0,-45.8,168956,1621611891.54613
479.57,-8.74,0,0,-45.82,168977,1621611891.56589
479.57,-8.74,0,0,-45.83,168996,1621611891.58602
479.57,-8.74,0,0,-45.85,169017,1621611891.60698
479.57,-8.74,0,0,-45.85,169037,1621611891.6275
479.57,-8.74,0,0,-45.85,169057,1621611891.64725
479.57,-8.74,0,0,-45.87,169076,1621611891.6687
479.57,-8.74,0,0,-45.87,169097,1621611891.68486
479.57,-8.74,0,0,-45.88,169116,1621611891.70614
479.57,-8.74,0,0,-45.9,169137,1621611891.72669
479.57,-8.74,0,0,-45.92,169157,1621611891.74734
479.57,-8.74,0,0,-45.93,169177,1621611891.76754
479.57,-8.74,0,0,-45.95,169197,1621611891.78818
479.57,-8.74,0,0,-45.97,169217,1621611891.80765
479.57,-8.74,0,0,-45.98,169237,1621611891.82799
479.57,-8.74,0,0,-46.02,169256,1621611891.85013
479.57,-8.74,0,0,-46.03,169277,1621611891.86611
479.57,-8.74,0,0,-46.05,169297,1621611891.88523
479.57,-8.74,0,0,-46.05,169317,1621611891.90549
479.57,-8.74,0,0,-46.07,169336,1621611891.92629
479.57,-8.74,0,0,-46.08,169357,1621611891.94595
479.57,-8.74,0,0,-46.1,169376,1621611891.9671
479.57,-8.74,0,0,-46.12,169397,1621611891.98725
479.57,-8.74,0,0,-46.13,169416,1621611892.00796
479.57,-8.74,0,0,-46.17,169437,1621611892.02771
479.57,-8.74,0,0,-46.2,169457,1621611892.04929
479.57,-8.74,0,0,-46.23,169477,1621611892.0652
479.57,-8.74,0,0,-46.28,169497,1621611892.08562
479.57,-8.74,0,0,-46.3,169517,1621611892.10659
479.57,-8.74,0,0,-46.33,169537,1621611892.12642
479.57,-8.74,0,0,-46.37,169556,1621611892.14799
479.57,-8.74,0,0,-46.38,169577,1621611892.16724
479.57,-8.74,0,0,-46.42,169596,1621611892.18849
479.57,-8.74,0,0,-46.47,169617,1621611892.20855
479.57,-8.74,0,0,-46.52,169637,1621611892.22921
479.57,-8.74,0,0,-46.57,169657,1621611892.25477
479.57,-8.74,0,0,-46.62,169676,1621611892.26678
479.57,-8.74,0,0,-46.67,169697,1621611892.28618
479.57,-8.74,0,0,-46.72,169717,1621611892.30718
479.57,-8.74,0,0,-46.77,169737,1621611892.3271
479.57,-8.74,0,0,-46.83,169756,1621611892.34728
479.57,-8.74,0,0,-46.88,169777,1621611892.36855
479.57,-8.74,0,0,-46.93,169797,1621611892.38862
479.57,-8.74,0,0,-46.97,169817,1621611892.4058
479.57,-8.74,0,0,-46.98,169837,1621611892.42518
479.57,-8.74,0,0,-47.02,169857,1621611892.44603
479.57,-8.74,0,0,-47.07,169877,1621611892.46614
479.57,-8.74,0,0,-47.1,169896,1621611892.48654
479.57,-8.74,0,0,-47.13,169917,1621611892.50748
479.57,-8.74,0,0,-47.15,169936,1621611892.52765
479.57,-8.74,0,0,-47.18,169957,1621611892.5491
479.57,-8.74,0,0,-47.2,169976,1621611892.56964
479.57,-8.74,0,0,-47.23,169997,1621611892.58555
479.57,-8.74,0,0,-47.25,170017,1621611892.60576
479.57,-8.74,0,0,-47.27,170037,1621611892.62612
479.57,-8.74,0,0,-47.28,170056,1621611892.64743
479.57,-8.74,0,0,-47.32,170077,1621611892.66816
479.57,-8.74,0,0,-47.32,170097,1621611892.68745
479.57,-8.74,0,0,-47.33,170117,1621611892.70827
479.57,-8.74,0,0,-47.35,170137,1621611892.72878
479.57,-8.74,0,0,-47.37,170157,1621611892.74941
479.57,-8.74,0,0,-47.38,170177,1621611892.77046
479.57,-8.74,0,0,-47.42,170196,1621611892.79664
479.57,-8.74,0,0,-47.43,170217,1621611892.80883
479.57,-8.74,0,0,-47.45,170236,1621611892.82697
479.57,-8.74,0,0,-47.48,170257,1621611892.84692
479.57,-8.74,0,0,-47.52,170277,1621611892.86807
479.57,-8.74,0,0,-47.55,170297,1621611892.88849
479.57,-8.74,0,0,-47.58,170317,1621611892.90866
479.57,-8.74,0,0,-47.62,170337,1621611892.92993
479.57,-8.74,0,0,-47.67,170357,1621611892.95028
479.57,-8.74,0,0,-47.72,170377,1621611892.96622
479.57,-8.74,0,0,-47.77,170397,1621611892.98668
479.57,-8.74,0,0,-47.83,170417,1621611893.00762
479.57,-8.74,0,0,-47.9,170437,1621611893.02769
479.57,-8.74,0,0,-47.97,170457,1621611893.04944
479.57,-8.74,0,0,-48.07,170477,1621611893.06979
479.57,-8.74,0,0,-48.17,170497,1621611893.09047
479.57,-8.74,0,0,-48.25,170517,1621611893.11098
479.57,-8.74,0,0,-48.3,170536,1621611893.13062
479.57,-8.74,0,0,-48.35,170557,1621611893.14639
479.57,-8.74,0,0,-48.4,170576,1621611893.16737
479.57,-8.74,0,0,-48.43,170597,1621611893.18771
479.57,-8.74,0,0,-48.43,170616,1621611893.20863
479.57,-8.74,0,0,-48.47,170637,1621611893.22891
479.57,-8.74,0,0,-48.5,170656,1621611893.249
479.57,-8.74,0,0,-48.52,170677,1621611893.26946
479.57,-8.74,0,0,-48.52,170697,1621611893.28996
479.57,-8.74,0,0,-48.53,170717,1621611893.31126
479.57,-8.74,0,0,-48.53,170737,1621611893.32683
479.57,-8.74,0,0,-48.53,170757,1621611893.34806
479.57,-8.74,0,0,-48.55,170777,1621611893.36834
479.57,-8.74,0,0,-48.55,170797,1621611893.39016
479.57,-8.74,0,0,-48.55,170817,1621611893.40789
479.57,-8.74,0,0,-48.55,170836,1621611893.42994
479.57,-8.74,0,0,-48.55,170857,1621611893.44976
479.57,-8.74,0,0,-48.55,170876,1621611893.46981
479.57,-8.74,0,0,-48.55,170897,1621611893.49099
479.57,-8.74,0,0,-48.55,170916,1621611893.51018
479.57,-8.74,0,0,-48.55,170937,1621611893.53117
479.57,-8.74,0,0,-48.55,170956,1621611893.54886
479.57,-8.74,0,0,-48.55,170977,1621611893.56918
479.57,-8.74,0,0,-48.55,170996,1621611893.58989
479.57,-8.74,0,0,-48.55,171017,1621611893.60922
479.57,-8.74,0,0,-48.53,171036,1621611893.63067
479.57,-8.74,0,0,-48.5,171057,1621611893.65093
479.57,-8.74,0,0,-48.47,171077,1621611893.67141
479.57,-8.74,0,0,-48.42,171097,1621611893.6873
479.57,-8.74,0,0,-48.37,171117,1621611893.70797
479.57,-8.74,0,0,-48.32,171137,1621611893.72825
479.57,-8.74,0,0,-48.25,171157,1621611893.74861
479.57,-8.74,0,0,-48.18,171176,1621611893.76907
479.57,-8.74,0,0,-48.12,171197,1621611893.78971
479.57,-8.74,0,0,-48.05,171216,1621611893.81685
479.57,-8.74,0,0,-47.98,171237,1621611893.8307
479.57,-8.74,0,0,-47.92,171256,1621611893.85099
479.57,-8.74,0,0,-47.87,171277,1621611893.86782
479.57,-8.74,0,0,-47.78,171297,1621611893.88738
479.57,-8.74,0,0,-47.72,171317,1621611893.90853
479.57,-8.74,0,0,-47.65,171337,1621611893.92973
479.57,-8.74,0,0,-47.57,171357,1621611893.94988
479.57,-8.74,0,0,-47.48,171377,1621611893.97007
479.57,-8.74,0,0,-47.38,171397,1621611893.99028
479.57,-8.74,0,0,-47.28,171417,1621611894.0158
479.57,-8.74,0,0,-47.18,171437,1621611894.03611
479.57,-8.74,0,0,-47.08,171457,1621611894.04772
479.57,-8.74,0,0,-46.98,171476,1621611894.06775
479.57,-8.74,0,0,-46.85,171497,1621611894.08829
479.57,-8.74,0,0,-46.72,171516,1621611894.10883
479.57,-8.74,0,0,-46.58,171537,1621611894.12881
479.57,-8.74,0,0,-46.45,171556,1621611894.14942
479.57,-8.74,0,0,-46.32,171577,1621611894.17086
479.57,-8.74,0,0,-46.17,171596,1621611894.19195
479.57,-8.74,0,0,-46.03,171617,1621611894.21266
479.57,-8.74,0,0,-45.9,171637,1621611894.22849
479.57,-8.74,0,0,-45.78,171657,1621611894.24882
479.57,-8.74,0,0,-45.65,171676,1621611894.26931
479.57,-8.74,0,0,-45.53,171697,1621611894.28913
479.57,-8.74,0,0,-45.43,171717,1621611894.31165
479.57,-8.74,0,0,-45.33,171737,1621611894.33176
479.57,-8.74,0,0,-45.2,171757,1621611894.35219
479.57,-8.74,0,0,-45.12,171777,1621611894.3714
479.57,-8.74,0,0,-45.07,171797,1621611894.39205
479.57,-8.74,0,0,-45.05,171817,1621611894.41269
479.57,-8.74,0,0,-45.03,171837,1621611894.42868
479.57,-8.74,0,0,-45.03,171856,1621611894.44916
479.57,-8.74,0,0,-45.02,171877,1621611894.46902
479.57,-8.74,0,0,-45.02,171896,1621611894.49108
479.57,-8.74,0,0,-45.02,171917,1621611894.51067
479.57,-8.74,0,0,-45.02,171936,1621611894.5359
479.57,-8.74,0,0,-45,171957,1621611894.55399
479.57,-8.74,0,0,-45,171976,1621611894.57414
479.57,-8.74,0,0,-45,171997,1621611894.58834
479.57,-8.74,0,0,-45,172017,1621611894.60883
479.57,-8.74,0,0,-45,172037,1621611894.62903
479.57,-8.74,0,0,-45,172057,1621611894.65055
479.57,-8.74,0,0,-45,172077,1621611894.67031
479.57,-8.74,0,0,-45,172097,1621611894.69077
479.57,-8.74,0,0,-45,172116,1621611894.71151
479.57,-8.74,0,0,-45,172137,1621611894.73284
479.57,-8.74,0,0,-45,172156,1621611894.75302
479.57,-8.74,0,0,-45,172177,1621611894.77693
479.57,-8.74,0,0,-45,172196,1621611894.80026
479.57,-8.74,0,0,-45,172217,1621611894.81014
479.57,-8.74,0,0,-45,172236,1621611894.83019
479.57,-8.74,0,0,-44.98,172257,1621611894.85067
479.57,-8.74,0,0,-44.98,172277,1621611894.87144
479.57,-8.74,0,0,-44.98,172297,1621611894.89254
479.57,-8.74,0,0,-44.98,172317,1621611894.91424
479.57,-8.74,0,0,-44.98,172337,1621611894.93309
479.57,-8.74,0,0,-44.98,172357,1621611894.95307
479.57,-8.74,0,0,-44.98,172377,1621611894.97346
479.57,-8.74,0,0,-44.98,172397,1621611894.99041
479.57,-8.74,0,0,-44.98,172417,1621611895.01074
479.57,-8.74,0,0,-44.98,172437,1621611895.0308
479.57,-8.74,0,0,-44.98,172457,1621611895.05093
479.57,-8.74,0,0,-44.98,172477,1621611895.07156
479.57,-8.74,0,0,-44.98,172497,1621611895.09277
479.57,-8.74,0,0,-44.98,172517,1621611895.11361
479.57,-8.74,0,0,-44.98,172537,1621611895.13344
479.57,-8.74,0,0,-44.98,172557,1621611895.15425
479.57,-8.74,0,0,-44.98,172577,1621611895.17
479.57,-8.74,0,0,-44.98,172597,1621611895.19039
479.57,-8.74,0,0,-44.98,172617,1621611895.21184
479.57,-8.74,0,0,-44.98,172637,1621611895.23115
479.57,-8.74,0,0,-44.98,172657,1621611895.25258
479.57,-8.74,0,0,-44.98,172677,1621611895.27304
479.57,-8.74,0,0,-44.98,172697,1621611895.2936
479.57,-8.74,0,0,-44.98,172717,1621611895.31383
479.57,-8.74,0,0,-44.98,172737,1621611895.33372
479.57,-8.74,0,0,-44.98,172758,1621611895.3504
479.57,-8.74,0,0,-44.98,172777,1621611895.37087
479.57,-8.74,0,0,-44.98,172797,1621611895.39143
479.57,-8.74,0,0,-44.98,172817,1621611895.4118
479.57,-8.74,0,0,-44.98,172837,1621611895.4319
479.57,-8.74,0,0,-44.98,172857,1621611895.45303
479.57,-8.74,0,0,-44.98,172877,1621611895.47356
479.57,-8.74,0,0,-44.98,172897,1621611895.49393
479.57,-8.74,0,0,-44.98,172917,1621611895.51445
479.57,-8.74,0,0,-44.98,172937,1621611895.53028
479.57,-8.74,0,0,-44.98,172957,1621611895.55043
479.57,-8.74,0,0,-44.98,172977,1621611895.5742
479.57,-8.74,0,0,-44.98,172997,1621611895.59541
479.57,-8.74,0,0,-44.98,173017,1621611895.61256
479.57,-8.74,0,0,-44.98,173037,1621611895.63187
479.57,-8.74,0,0,-44.98,173057,1621611895.65236
479.57,-8.74,0,0,-44.98,173077,1621611895.6738
479.57,-8.74,0,0,-44.98,173097,1621611895.69451
479.57,-8.74,0,0,-44.98,173117,1621611895.71135
479.57,-8.74,0,0,-44.98,173137,1621611895.7315
479.57,-8.74,0,0,-44.98,173157,1621611895.75204
479.57,-8.74,0,0,-44.98,173177,1621611895.77252
479.57,-8.74,0,0,-44.98,173197,1621611895.79427
479.57,-8.74,0,0,-44.98,173217,1621611895.81344
479.57,-8.74,0,0,-44.98,173237,1621611895.83408
479.57,-8.74,0,0,-44.97,173257,1621611895.85463
479.57,-8.74,0,0,-44.97,173277,1621611895.8788
479.57,-8.74,0,0,-44.97,173297,1621611895.89121
479.57,-8.74,0,0,-44.97,173317,1621611895.91094
479.57,-8.74,0,0,-44.97,173337,1621611895.93203
479.57,-8.74,0,0,-44.97,173357,1621611895.95232
479.57,-8.74,0,0,-44.97,173377,1621611895.97288
479.57,-8.74,0,0,-44.97,173396,1621611895.99492
479.57,-8.74,0,0,-44.97,173417,1621611896.01526
479.57,-8.74,0,0,-44.97,173436,1621611896.03561
479.57,-8.74,0,0,-44.97,173457,1621611896.05139
479.57,-8.74,0,0,-44.97,173476,1621611896.07142
479.57,-8.74,0,0,-44.97,173497,1621611896.0917
479.57,-8.74,0,0,-44.97,173516,1621611896.11218
479.57,-8.74,0,0,-44.97,173537,1621611896.13291
479.57,-8.74,0,0,-44.97,173556,1621611896.15298
479.57,-8.74,0,0,-44.97,173577,1621611896.17908
479.57,-8.74,0,0,-44.97,173596,1621611896.1956
479.57,-8.74,0,0,-44.97,173617,1621611896.21473
479.57,-8.74,0,0,-44.97,173637,1621611896.22983
479.57,-8.74,0,0,-44.97,173657,1621611896.25048
479.57,-8.74,0,0,-44.97,173677,1621611896.27084
479.57,-8.74,0,0,-44.97,173697,1621611896.29263
479.57,-8.74,0,0,-44.97,173717,1621611896.31336
479.57,-8.74,0,0,-44.97,173736,1621611896.34256
479.57,-8.74,0,0,-44.97,173757,1621611896.35833
479.57,-8.74,0,0,-44.97,173776,1621611896.37876
479.57,-8.74,0,0,-44.97,173797,1621611896.39436
479.57,-8.74,0,0,-44.97,173816,1621611896.41549
479.57,-8.74,0,0,-44.97,173837,1621611896.43113
479.57,-8.74,0,0,-44.97,173856,1621611896.45238
479.57,-8.74,0,0,-44.97,173877,1621611896.47258
479.57,-8.74,0,0,-44.97,173896,1621611896.49427
479.57,-8.74,0,0,-44.97,173917,1621611896.51489
479.57,-8.74,0,0,-44.97,173937,1621611896.53481
479.57,-8.74,0,0,-44.97,173957,1621611896.55358
479.57,-8.74,0,0,-44.97,173977,1621611896.57442
479.57,-8.74,0,0,-44.97,173997,1621611896.59504
479.57,-8.74,0,0,-44.97,174017,1621611896.61122
479.57,-8.74,0,0,-44.97,174036,1621611896.63228
479.57,-8.74,0,0,-44.97,174057,1621611896.65302
479.57,-8.74,0,0,-44.97,174076,1621611896.67513
479.57,-8.74,0,0,-44.97,174097,1621611896.69755
479.57,-8.74,0,0,-44.97,174116,1621611896.71408
479.57,-8.74,0,0,-44.97,174137,1621611896.74102
479.57,-8.74,0,0,-44.97,174156,1621611896.75543
479.57,-8.74,0,0,-44.97,174177,1621611896.77495
479.57,-8.74,0,0,-44.97,174196,1621611896.7918
479.57,-8.74,0,0,-44.97,174217,1621611896.81194
479.57,-8.74,0,0,-44.97,174236,1621611896.83332
479.57,-8.74,0,0,-44.97,174257,1621611896.85315
479.57,-8.74,0,0,-44.97,174277,1621611896.87499
479.57,-8.74,0,0,-44.97,174297,1621611896.89403
479.57,-8.74,0,0,-44.97,174317,1621611896.91428
479.57,-8.74,0,0,-44.97,174337,1621611896.93446
479.57,-8.74,0,0,-44.97,174357,1621611896.95564
479.57,-8.74,0,0,-44.97,174376,1621611896.97177
479.57,-8.74,0,0,-44.97,174397,1621611896.99396
479.57,-8.74,0,0,-44.97,174416,1621611897.01287
479.57,-8.74,0,0,-44.97,174437,1621611897.04272
479.57,-8.74,0,0,-44.97,174456,1621611897.06032
479.57,-8.74,0,0,-44.97,174477,1621611897.07415
479.57,-8.74,0,0,-44.97,174496,1621611897.09665
479.57,-8.74,0,0,-44.97,174517,1621611897.11575
479.57,-8.74,0,0,-44.97,174537,1621611897.13641
479.57,-8.74,0,0,-44.97,174557,1621611897.15254
479.57,-8.74,0,0,-44.97,174577,1621611897.17252
479.57,-8.74,0,0,-44.97,174597,1621611897.19576
479.57,-8.74,0,0,-44.97,174617,1621611897.21425
479.57,-8.74,0,0,-44.97,174637,1621611897.23489
479.57,-8.74,0,0,-44.97,174657,1621611897.25579
479.57,-8.74,0,0,-44.97,174676,1621611897.27604
479.57,-8.74,0,0,-44.97,174697,1621611897.29634
479.57,-8.74,0,0,-44.97,174716,1621611897.31723
479.57,-8.74,0,0,-44.97,174737,1621611897.33313
479.57,-8.74,0,0,-44.97,174756,1621611897.35385
479.57,-8.74,0,0,-44.97,174777,1621611897.37366
479.57,-8.74,0,0,-44.97,174796,1621611897.39437
479.57,-8.74,0,0,-44.97,174817,1621611897.41402
479.57,-8.74,0,0,-44.97,174836,1621611897.4353
479.57,-8.74,0,0,-44.97,174857,1621611897.45774
479.57,-8.74,0,0,-44.97,174876,1621611897.47709
479.57,-8.74,0,0,-44.97,174897,1621611897.49663
479.57,-8.74,0,0,-44.97,174917,1621611897.51344
