405.14,3.36,-0.85,0,12.07,116147,1621615743.39456
405.14,3.36,-0.85,0,12.07,116167,1621615743.39782
405.14,3.36,-0.85,0,12.07,116187,1621615743.3992
405.14,3.36,-0.85,0,12.07,116207,1621615743.40005
405.14,3.36,-0.85,0,12.07,116227,1621615743.40094
405.14,3.36,-0.85,0,12.07,116247,1621615743.42159
405.14,3.36,-0.85,0,12.07,116267,1621615743.47932
405.14,3.36,-0.85,0,12.07,116287,1621615743.48123
405.14,3.36,-0.85,0,12.07,116306,1621615743.48284
405.14,3.36,-0.85,0,12.07,116327,1621615743.51475
405.14,3.36,-0.85,0,12.07,116347,1621615743.5157
405.14,3.36,-0.85,0,12.07,116367,1621615743.52759
405.14,3.36,-0.85,0,12.07,116387,1621615743.54759
405.14,3.36,-0.85,0,12.07,116407,1621615743.56635
405.14,3.36,-0.85,0,12.07,116427,1621615743.58421
405.14,3.36,-0.85,0,12.07,116447,1621615743.60555
405.14,3.36,-0.85,0,12.07,116467,1621615743.62757
405.14,3.36,-0.85,0,12.07,116487,1621615743.64583
405.14,3.36,-0.85,0,12.07,116507,1621615743.66575
405.14,3.36,-0.85,0,12.07,116527,1621615743.68647
405.14,3.36,-0.85,0,12.07,116547,1621615743.70642
405.14,3.36,-0.85,0,12.07,116567,1621615743.72791
405.14,3.36,-0.85,0,12.07,116587,1621615743.7442
405.14,3.36,-0.85,0,12.07,116606,1621615743.76564
405.14,3.36,-0.85,0,12.07,116627,1621615743.79126
405.14,3.36,-0.85,0,12.07,116647,1621615743.80818
405.14,3.36,-0.85,0,12.07,116667,1621615743.83095
405.14,3.36,-0.85,0,12.07,116687,1621615743.84982
405.14,3.36,-0.85,0,12.07,116707,1621615743.86802
405.14,3.36,-0.85,0,12.07,116727,1621615743.88842
405.14,3.36,-0.85,0,12.07,116747,1621615743.90857
405.14,3.36,-0.85,0,12.07,116767,1621615743.92441
405.14,3.36,-0.85,0,12.07,116787,1621615743.94535
405.14,3.36,-0.85,0,12.07,116807,1621615743.96589
405.14,3.36,-0.85,0,12.07,116827,1621615743.98654
405.14,3.36,-0.85,0,12.07,116847,1621615744.00719
405.14,3.36,-0.85,0,12.07,116867,1621615744.02712
405.14,3.36,-0.85,0,12.07,116887,1621615744.0474
405.14,3.36,-0.85,0,12.07,116907,1621615744.06782
405.14,3.36,-0.85,0,12.07,116927,1621615744.08836
405.14,3.36,-0.85,0,12.07,116946,1621615744.10616
405.14,3.36,-0.85,0,12.07,116967,1621615744.12775
405.14,3.36,-0.85,0,12.07,116987,1621615744.1547
405.14,3.36,-0.85,0,12.07,117007,1621615744.16702
405.14,3.36,-0.85,0,12.07,117027,1621615744.18741
405.14,3.36,-0.85,0,12.07,117047,1621615744.20846
405.14,3.36,-0.85,0,12.07,117067,1621615744.22825
405.14,3.36,-0.85,0,12.07,117087,1621615744.24889
405.14,3.36,-0.85,0,12.07,117107,1621615744.26891
405.14,3.36,-0.85,0,12.07,117127,1621615744.28574
405.14,3.36,-0.85,0,12.07,117147,1621615744.3176
405.14,3.36,-0.85,0,12.07,117167,1621615744.3284
405.14,3.36,-0.85,0,12.07,117187,1621615744.34701
405.14,3.36,-0.85,0,12.07,117207,1621615744.36713
405.14,3.36,-0.85,0,12.07,117227,1621615744.38773
405.14,3.36,-0.85,0,12.07,117246,1621615744.40759
405.14,3.36,-0.85,0,12.07,117267,1621615744.42818
405.14,3.36,-0.85,0,12.07,117287,1621615744.44943
405.14,3.36,-0.85,0,12.07,117307,1621615744.46557
405.14,3.36,-0.85,0,12.07,117327,1621615744.48558
405.14,3.36,-0.85,0,12.07,117347,1621615744.50664
405.14,3.36,-0.85,0,12.07,117367,1621615744.52691
405.14,3.36,-0.85,0,12.07,117387,1621615744.54712
405.14,3.36,-0.85,0,12.07,117407,1621615744.56838
405.14,3.36,-0.85,0,12.07,117427,1621615744.58879
405.14,3.36,-0.85,0,12.07,117447,1621615744.60869
405.14,3.36,-0.85,0,12.07,117467,1621615744.62941
405.14,3.36,-0.85,0,12.07,117487,1621615744.64529
405.14,3.36,-0.85,0,12.07,117507,1621615744.66572
405.14,3.36,-0.85,0,12.07,117527,1621615744.68702
405.14,3.36,-0.85,0,12.07,117547,1621615744.70706
405.14,3.36,-0.85,0,12.07,117567,1621615744.72703
405.14,3.36,-0.85,0,12.07,117586,1621615744.7485
405.14,3.36,-0.85,0,12.07,117607,1621615744.76911
405.14,3.36,-0.85,0,12.07,117627,1621615744.78954
405.14,3.36,-0.85,0,12.07,117647,1621615744.8097
405.14,3.36,-0.85,0,12.07,117667,1621615744.8261
405.14,3.36,-0.85,0,12.07,117687,1621615744.84623
405.14,3.36,-0.85,0,12.07,117707,1621615744.86663
405.14,3.36,-0.85,0,12.07,117727,1621615744.88705
405.14,3.36,-0.85,0,12.07,117747,1621615744.90817
405.14,3.36,-0.85,0,12.07,117767,1621615744.92805
405.14,3.36,-0.85,0,12.07,117787,1621615744.94853
405.14,3.36,-0.85,0,12.07,117807,1621615744.96879
405.14,3.36,-0.85,0,12.07,117827,1621615744.98936
405.14,3.36,-0.85,0,12.07,117847,1621615745.00985
405.14,3.36,-0.85,0,12.07,117867,1621615745.02693
405.14,3.36,-0.85,0,12.07,117886,1621615745.04685
405.14,3.36,-0.85,0,12.07,117907,1621615745.06695
405.14,3.36,-0.85,0,12.07,117927,1621615745.08859
405.14,3.36,-0.85,0,12.07,117947,1621615745.10851
405.14,3.36,-0.85,0,12.07,117967,1621615745.12868
405.14,3.36,-0.85,0,12.07,117987,1621615745.14953
405.14,3.36,-0.85,0,12.07,118007,1621615745.16985
405.14,3.36,-0.85,0,12.07,118027,1621615745.18986
405.14,3.36,-0.85,0,12.07,118047,1621615745.20684
405.14,3.36,-0.85,0,12.07,118067,1621615745.22712
405.14,3.36,-0.85,0,12.07,118087,1621615745.24747
405.14,3.36,-0.85,0,12.07,118107,1621615745.26855
405.14,3.36,-0.85,0,12.07,118127,1621615745.28879
405.14,3.36,-0.85,0,12.07,118147,1621615745.30911
405.14,3.36,-0.85,0,12.07,118167,1621615745.33014
405.14,3.36,-0.85,0,12.07,118187,1621615745.3501
405.14,3.36,-0.85,0,12.07,118207,1621615745.37028
405.14,3.36,-0.85,0,12.07,118226,1621615745.38731
405.14,3.36,-0.85,0,12.07,118247,1621615745.40748
405.14,3.36,-0.85,0,12.07,118267,1621615745.42756
405.14,3.36,-0.85,0,12.07,118287,1621615745.44805
405.14,3.36,-0.85,0,12.07,118307,1621615745.46958
405.14,3.36,-0.85,0,12.07,118327,1621615745.48978
405.14,3.36,-0.85,0,12.07,118347,1621615745.51016
405.14,3.36,-0.85,0,12.07,118367,1621615745.53056
405.14,3.36,-0.85,0,12.07,118387,1621615745.55072
405.14,3.36,-0.85,0,12.07,118407,1621615745.56765
405.14,3.36,-0.85,0,12.07,118427,1621615745.58749
405.14,3.36,-0.85,0,12.07,118447,1621615745.60931
405.14,3.36,-0.85,0,12.07,118467,1621615745.62979
405.14,3.36,-0.85,0,12.07,118487,1621615745.64979
405.14,3.36,-0.85,0,12.07,118507,1621615745.66953
405.14,3.36,-0.85,0,12.07,118526,1621615745.68936
405.14,3.36,-0.85,0,12.07,118547,1621615745.71066
405.14,3.36,-0.85,0,12.07,118566,1621615745.73097
405.14,3.36,-0.85,0,12.07,118587,1621615745.75091
405.14,3.36,-0.85,0,12.07,118607,1621615745.77063
405.14,3.36,-0.85,0,12.07,118627,1621615745.78866
405.14,3.36,-0.85,0,12.07,118647,1621615745.80919
405.14,3.36,-0.85,0,12.07,118667,1621615745.82917
405.14,3.36,-0.85,0,12.07,118687,1621615745.84961
405.14,3.36,-0.85,0,12.07,118707,1621615745.86967
405.14,3.36,-0.85,0,12.07,118727,1621615745.8899
405.14,3.36,-0.85,0,12.07,118747,1621615745.9105
405.14,3.36,-0.85,0,12.07,118767,1621615745.92717
405.14,3.36,-0.85,0,12.07,118787,1621615745.95712
405.14,3.36,-0.85,0,12.07,118807,1621615745.9759
405.14,3.36,-0.85,0,12.07,118827,1621615745.98941
405.14,3.36,-0.85,0,12.07,118847,1621615746.01013
405.14,3.36,-0.85,0,12.07,118866,1621615746.03048
405.14,3.36,-0.85,0,12.07,118887,1621615746.0505
405.14,3.36,-0.85,0,12.07,118907,1621615746.07095
405.14,3.36,-0.85,0,12.07,118927,1621615746.09137
405.14,3.36,-0.85,0,12.07,118947,1621615746.10872
405.14,3.36,-0.85,0,12.07,118967,1621615746.12873
405.14,3.36,-0.85,0,12.07,118987,1621615746.14978
405.14,3.36,-0.85,0,12.07,119007,1621615746.17042
405.14,3.36,-0.85,0,12.07,119027,1621615746.18978
405.14,3.36,-0.85,0,12.07,119047,1621615746.21076
405.14,3.36,-0.85,0,12.07,119067,1621615746.23171
405.14,3.36,-0.85,0,12.07,119087,1621615746.25216
405.14,3.36,-0.85,0,12.07,119107,1621615746.27264
405.14,3.36,-0.85,0,12.07,119127,1621615746.28784
405.14,3.36,-0.85,0,12.07,119147,1621615746.30987
405.14,3.36,-0.85,0,12.07,119166,1621615746.32925
405.14,3.36,-0.85,0,12.07,119187,1621615746.34937
405.14,3.36,-0.85,0,12.07,119206,1621615746.37045
405.14,3.36,-0.85,0,12.07,119227,1621615746.39086
405.14,3.36,-0.85,0,12.07,119247,1621615746.41208
405.14,3.36,-0.85,0,12.07,119267,1621615746.43183
405.14,3.36,-0.85,0,12.07,119287,1621615746.45157
405.14,3.36,-0.85,0,12.07,119307,1621615746.46967
405.14,3.36,-0.85,0,12.07,119327,1621615746.4919
405.14,3.36,-0.85,0,12.07,119347,1621615746.51234
405.14,3.36,-0.85,0,12.07,119367,1621615746.53165
405.14,3.36,-0.85,0,12.07,119387,1621615746.55175
405.14,3.36,-0.85,0,12.07,119407,1621615746.57018
405.14,3.36,-0.85,0,12.07,119427,1621615746.59052
405.14,3.36,-0.85,0,12.07,119447,1621615746.61121
405.14,3.36,-0.85,0,12.07,119467,1621615746.6325
405.14,3.36,-0.85,0,12.07,119487,1621615746.64836
405.14,3.36,-0.85,0,12.07,119506,1621615746.669
405.14,3.36,-0.85,0,12.07,119527,1621615746.69023
405.14,3.36,-0.85,0,12.07,119547,1621615746.7122
405.14,3.36,-0.85,0,12.05,119567,1621615746.7314
405.14,3.36,-0.85,0,12.05,119587,1621615746.75086
405.14,3.36,-0.85,0,12.05,119607,1621615746.77145
405.14,3.36,-0.85,0,12.05,119627,1621615746.79132
405.14,3.36,-0.85,0,12.05,119647,1621615746.81259
405.14,3.36,-0.85,0,12.05,119667,1621615746.83304
405.14,3.36,-0.85,0,12.05,119687,1621615746.84882
405.14,3.36,-0.85,0,12.05,119707,1621615746.86946
405.14,3.36,-0.85,0,12.05,119728,1621615746.8904
405.14,3.36,-0.85,0,12.05,119747,1621615746.91147
405.14,3.36,-0.85,0,12.05,119768,1621615746.93169
405.14,3.36,-0.85,0,12.05,119787,1621615746.95243
405.14,3.36,-0.85,0,12.05,119808,1621615746.97289
405.14,3.36,-0.85,0,12.05,119827,1621615746.99349
405.14,3.36,-0.85,0,12.05,119847,1621615747.01412
405.14,3.36,-0.85,0,12.05,119867,1621615747.03021
405.14,3.36,-0.85,0,12.05,119887,1621615747.04993
405.14,3.36,-0.85,0,12.05,119907,1621615747.07004
405.14,3.36,-0.85,0,12.05,119927,1621615747.09035
405.14,3.36,-0.85,0,12.05,119947,1621615747.11136
405.14,3.36,-0.85,0,12.05,119967,1621615747.13162
405.14,3.36,-0.85,0,12.05,119987,1621615747.15816
405.14,3.36,-0.85,0,12.05,120007,1621615747.17909
405.14,3.36,-0.85,0,12.05,120028,1621615747.1934
405.14,3.36,-0.85,0,12.05,120047,1621615747.20987
405.14,3.36,-0.85,0,12.05,120068,1621615747.23012
405.14,3.36,-0.85,0,12.05,120087,1621615747.25024
405.14,3.36,-0.85,0,12.05,120108,1621615747.2709
405.14,3.36,-0.85,0,12.05,120127,1621615747.30062
405.14,3.36,-0.85,0,12.05,120147,1621615747.3138
405.14,3.36,-0.85,0,12.05,120167,1621615747.33163
405.14,3.36,-0.85,0,12.05,120187,1621615747.35268
405.14,3.36,-0.85,0,12.05,120207,1621615747.37279
405.14,3.36,-0.85,0,12.05,120227,1621615747.38956
405.14,3.36,-0.85,0,12.05,120247,1621615747.41003
405.14,3.36,-0.85,0,12.05,120267,1621615747.43088
405.14,3.36,-0.85,0,12.05,120287,1621615747.45151
405.14,3.36,-0.85,0,12.05,120307,1621615747.47163
405.14,3.36,-0.85,0,12.05,120327,1621615747.49287
405.14,3.36,-0.85,0,12.05,120347,1621615747.51276
405.14,3.36,-0.85,0,12.05,120368,1621615747.53345
405.14,3.36,-0.85,0,12.05,120387,1621615747.55369
405.14,3.36,-0.85,0,12.05,120408,1621615747.5741
405.14,3.36,-0.85,0,12.05,120427,1621615747.59086
405.14,3.36,-0.85,0,12.05,120448,1621615747.61149
405.14,3.36,-0.85,0,12.05,120467,1621615747.63196
405.14,3.36,-0.85,0,12.05,120487,1621615747.6525
405.14,3.36,-0.85,0,12.05,120507,1621615747.67257
405.14,3.36,-0.85,0,12.05,120527,1621615747.69281
405.14,3.36,-0.85,0,12.05,120547,1621615747.7137
405.14,3.36,-0.85,0,12.05,120567,1621615747.73369
405.14,3.36,-0.85,0,12.07,120587,1621615747.75833
405.14,3.36,-0.85,0,12.07,120607,1621615747.77106
405.14,3.36,-0.85,0,12.07,120627,1621615747.79112
405.14,3.36,-0.85,0,12.07,120647,1621615747.81104
405.14,3.36,-0.85,0,12.07,120667,1621615747.83115
405.14,3.36,-0.85,0,12.07,120687,1621615747.85171
405.14,3.36,-0.85,0,12.08,120707,1621615747.87397
405.14,3.36,-0.85,0,12.12,120727,1621615747.89545
405.14,3.36,-0.85,0,12.18,120748,1621615747.91502
405.14,3.36,-0.85,0,12.2,120767,1621615747.93064
405.14,3.36,-0.85,0,12.22,120786,1621615747.95102
405.14,3.36,-0.85,0,12.22,120807,1621615747.97142
405.14,3.36,-0.85,0,12.25,120827,1621615747.99412
405.14,3.36,-0.85,0,12.27,120847,1621615748.01345
405.14,3.36,-0.85,0,12.27,120867,1621615748.03389
405.14,3.36,-0.85,0,12.28,120887,1621615748.0548
405.14,3.36,-0.85,0,12.28,120907,1621615748.07524
405.14,3.36,-0.85,0,12.28,120927,1621615748.09554
405.14,3.36,-0.85,0,12.32,120947,1621615748.11532
405.14,3.36,-0.85,0,12.35,120967,1621615748.131
405.14,3.36,-0.85,0,12.37,120987,1621615748.1513
405.14,3.36,-0.85,0,12.37,121007,1621615748.17246
405.14,3.36,-0.85,0,12.37,121027,1621615748.19442
405.14,3.36,-0.85,0,12.38,121048,1621615748.21316
405.14,3.36,-0.85,0,12.38,121067,1621615748.23322
405.14,3.36,-0.85,0,12.38,121088,1621615748.2533
405.14,3.36,-0.85,0,12.38,121107,1621615748.2747
405.14,3.36,-0.85,0,12.38,121127,1621615748.29478
405.14,3.36,-0.85,0,12.38,121147,1621615748.31146
405.14,3.36,-0.85,0,12.38,121167,1621615748.33146
405.14,3.36,-0.85,0,12.38,121187,1621615748.35247
405.14,3.36,-0.85,0,12.38,121207,1621615748.37224
405.14,3.36,-0.85,0,12.38,121227,1621615748.39398
405.14,3.36,-0.85,0,12.38,121247,1621615748.4145
405.14,3.36,-0.85,0,12.38,121268,1621615748.43499
405.14,3.36,-0.85,0,12.38,121287,1621615748.45594
405.14,3.36,-0.85,0,12.38,121308,1621615748.48148
405.14,3.36,-0.85,0,12.38,121327,1621615748.49269
405.14,3.36,-0.85,0,12.38,121348,1621615748.51227
405.14,3.36,-0.85,0,12.38,121367,1621615748.53239
405.14,3.36,-0.85,0,12.38,121388,1621615748.55866
405.14,3.36,-0.85,0,12.38,121407,1621615748.57417
405.14,3.36,-0.85,0,12.38,121427,1621615748.59414
405.14,3.36,-0.85,0,12.38,121447,1621615748.61479
405.14,3.36,-0.85,0,12.38,121467,1621615748.63475
405.14,3.36,-0.85,0,12.38,121487,1621615748.65485
405.14,3.36,-0.85,0,12.38,121507,1621615748.67094
405.14,3.36,-0.85,0,12.38,121527,1621615748.69264
405.14,3.36,-0.85,0,12.38,121547,1621615748.71233
405.14,3.36,-0.85,0,12.4,121567,1621615748.73382
405.14,3.36,-0.85,0,12.47,121587,1621615748.75433
405.14,3.36,-0.85,0,12.53,121607,1621615748.77395
405.14,3.36,-0.85,0,12.55,121627,1621615748.79441
405.14,3.36,-0.85,0,12.6,121647,1621615748.81471
405.14,3.36,-0.85,0,12.68,121667,1621615748.83461
405.14,3.36,-0.85,0,12.93,121687,1621615748.85159
405.14,3.36,-0.85,0,13.25,121707,1621615748.87215
405.14,3.36,-0.85,0,13.65,121726,1621615748.89345
405.14,3.36,-0.85,0,14.07,121747,1621615748.91766
405.14,3.36,-0.85,0,14.5,121766,1621615748.93641
405.14,3.36,-0.85,0,14.83,121787,1621615748.9569
405.14,3.36,-0.85,0,14.98,121807,1621615748.97467
405.14,3.36,-0.85,0,14.97,121827,1621615748.99533
405.14,3.36,-0.85,0,14.95,121846,1621615749.01114
405.14,3.36,-0.85,0,14.92,121867,1621615749.0317
405.14,3.36,-0.85,0,14.77,121887,1621615749.05324
405.14,3.36,-0.85,0,14.52,121907,1621615749.07384
405.14,3.36,-0.85,0,14.37,121927,1621615749.0948
405.14,3.36,-0.85,0,14.37,121947,1621615749.11638
405.14,3.36,-0.85,0,14.45,121967,1621615749.13524
405.14,3.36,-0.85,0,14.45,121988,1621615749.15485
405.14,3.36,-0.85,0,14.43,122007,1621615749.17509
405.14,3.36,-0.85,0,14.38,122028,1621615749.19532
405.14,3.36,-0.85,0,14.38,122047,1621615749.21238
405.14,3.36,-0.85,0,14.38,122067,1621615749.23269
405.14,3.36,-0.85,0,14.38,122087,1621615749.25314
405.14,3.36,-0.85,0,14.38,122107,1621615749.27479
405.14,3.36,-0.85,0,14.38,122127,1621615749.29463
405.14,3.36,-0.85,0,14.38,122147,1621615749.3153
405.14,3.36,-0.85,0,14.38,122167,1621615749.33545
405.14,3.36,-0.85,0,14.38,122187,1621615749.3555
405.14,3.36,-0.85,0,14.38,122207,1621615749.37586
405.14,3.36,-0.85,0,14.37,122227,1621615749.39254
405.14,3.36,-0.85,0,14.32,122247,1621615749.4162
405.14,3.36,-0.85,0,14.25,122267,1621615749.43693
405.14,3.36,-0.85,0,14.13,122287,1621615749.45443
405.14,3.36,-0.85,0,14,122307,1621615749.47477
405.14,3.36,-0.85,0,13.85,122327,1621615749.49487
405.14,3.36,-0.85,0,13.68,122347,1621615749.51551
405.14,3.36,-0.85,0,13.53,122366,1621615749.53633
405.14,3.36,-0.85,0,13.37,122387,1621615749.55661
405.14,3.36,-0.85,0,13.23,122407,1621615749.57329
405.14,3.36,-0.85,0,13.12,122427,1621615749.59338
405.14,3.36,-0.85,0,13.02,122447,1621615749.61428
405.14,3.36,-0.85,0,12.93,122467,1621615749.63477
405.14,3.36,-0.85,0,12.83,122487,1621615749.65974
405.14,3.36,-0.85,0,12.73,122507,1621615749.67569
405.14,3.36,-0.85,0,12.68,122527,1621615749.69549
405.14,3.36,-0.85,0,12.63,122547,1621615749.71584
405.14,3.36,-0.85,0,12.58,122567,1621615749.73607
405.14,3.36,-0.85,0,12.55,122587,1621615749.75275
405.14,3.36,-0.85,0,12.53,122607,1621615749.77373
405.14,3.36,-0.85,0,12.5,122628,1621615749.79501
405.14,3.36,-0.85,0,12.45,122647,1621615749.8153
405.14,3.36,-0.85,0,12.35,122667,1621615749.83547
405.14,3.36,-0.85,0,12.18,122687,1621615749.85572
405.14,3.36,-0.85,0,11.93,122707,1621615749.87991
405.14,3.36,-0.85,0,11.57,122727,1621615749.89624
405.14,3.36,-0.85,0,11.1,122747,1621615749.9216
405.14,3.36,-0.85,0,10.55,122767,1621615749.9357
405.14,3.36,-0.85,0,10,122787,1621615749.95314
405.14,3.36,-0.85,0,9.55,122807,1621615749.97392
405.14,3.36,-0.85,0,9.23,122827,1621615749.99432
405.14,3.36,-0.85,0,9.03,122847,1621615750.01563
405.14,3.36,-0.85,0,8.88,122867,1621615750.03605
405.14,3.36,-0.85,0,8.8,122887,1621615750.05639
405.14,3.36,-0.85,0,8.72,122907,1621615750.07689
405.14,3.36,-0.85,0,8.63,122927,1621615750.09723
405.14,3.36,-0.85,0,8.57,122947,1621615750.11386
405.14,3.36,-0.85,0,8.52,122967,1621615750.13358
405.14,3.36,-0.85,0,8.5,122987,1621615750.15456
405.14,3.36,-0.85,0,8.48,123006,1621615750.17439
405.14,3.36,-0.85,0,8.48,123027,1621615750.19536
405.14,3.36,-0.85,0,8.47,123046,1621615750.21606
405.14,3.36,-0.85,0,8.47,123067,1621615750.2368
405.14,3.36,-0.85,0,8.47,123086,1621615750.25733
405.14,3.36,-0.85,0,8.47,123107,1621615750.27804
405.14,3.36,-0.85,0,8.47,123126,1621615750.29366
405.14,3.36,-0.85,0,8.47,123147,1621615750.31519
405.14,3.36,-0.85,0,8.47,123167,1621615750.33564
405.14,3.36,-0.85,0,8.47,123187,1621615750.35571
405.14,3.36,-0.85,0,8.47,123207,1621615750.37592
405.14,3.36,-0.85,0,8.47,123227,1621615750.3961
405.14,3.36,-0.85,0,8.47,123247,1621615750.41738
405.14,3.36,-0.85,0,8.47,123267,1621615750.43813
405.14,3.36,-0.85,0,8.45,123287,1621615750.45761
405.14,3.36,-0.85,0,8.45,123308,1621615750.47869
405.14,3.36,-0.85,0,8.45,123327,1621615750.49431
405.14,3.36,-0.85,0,8.45,123347,1621615750.51568
405.14,3.36,-0.85,0,8.45,123367,1621615750.53571
405.14,3.36,-0.85,0,8.45,123387,1621615750.5561
405.14,3.36,-0.85,0,8.45,123407,1621615750.57616
405.14,3.36,-0.85,0,8.45,123427,1621615750.59753
405.14,3.36,-0.85,0,8.45,123447,1621615750.61779
405.14,3.36,-0.85,0,8.45,123467,1621615750.6373
405.14,3.36,-0.85,0,8.45,123487,1621615750.66319
405.14,3.36,-0.85,0,8.45,123507,1621615750.67584
405.14,3.36,-0.85,0,8.45,123527,1621615750.69584
405.14,3.36,-0.85,0,8.45,123547,1621615750.71619
405.14,3.36,-0.85,0,8.45,123567,1621615750.73741
405.14,3.36,-0.85,0,8.45,123587,1621615750.75768
405.14,3.36,-0.85,0,8.45,123607,1621615750.77819
405.14,3.36,-0.85,0,8.45,123627,1621615750.79959
405.14,3.36,-0.85,0,8.43,123646,1621615750.81846
405.14,3.36,-0.85,0,8.43,123667,1621615750.83514
405.14,3.36,-0.85,0,8.43,123686,1621615750.85507
405.14,3.36,-0.85,0,8.43,123707,1621615750.87514
405.14,3.36,-0.85,0,8.43,123726,1621615750.89601
405.14,3.36,-0.85,0,8.43,123747,1621615750.91563
405.14,3.36,-0.85,0,8.43,123766,1621615750.93631
405.14,3.36,-0.85,0,8.42,123787,1621615750.9575
405.14,3.36,-0.85,0,8.4,123807,1621615750.97822
405.14,3.36,-0.85,0,8.33,123827,1621615750.99797
405.14,3.36,-0.85,0,8.18,123847,1621615751.01878
405.14,3.36,-0.85,0,8,123867,1621615751.04261
405.14,3.36,-0.85,0,7.75,123887,1621615751.05563
405.14,3.36,-0.85,0,7.45,123907,1621615751.07571
405.14,3.36,-0.85,0,7.1,123927,1621615751.09605
405.14,3.36,-0.85,0,6.72,123947,1621615751.11683
405.14,3.36,-0.85,0,6.3,123967,1621615751.13725
405.14,3.36,-0.85,0,5.88,123986,1621615751.1575
405.14,3.36,-0.85,0,5.52,124007,1621615751.17783
405.14,3.36,-0.85,0,5.18,124026,1621615751.19807
405.14,3.36,-0.85,0,4.88,124047,1621615751.21504
405.14,3.36,-0.85,0,4.58,124067,1621615751.23518
405.14,3.36,-0.85,0,4.28,124087,1621615751.25666
405.14,3.36,-0.85,0,4,124107,1621615751.27897
405.14,3.36,-0.85,0,3.77,124127,1621615751.30089
405.14,3.36,-0.85,0,3.57,124147,1621615751.31775
405.14,3.36,-0.85,0,3.4,124167,1621615751.33762
405.14,3.36,-0.85,0,3.25,124187,1621615751.36429
405.14,3.36,-0.85,0,3.13,124207,1621615751.38064
405.14,3.36,-0.85,0,3.07,124227,1621615751.39468
405.14,3.36,-0.85,0,3.02,124247,1621615751.41603
405.14,3.36,-0.85,0,2.98,124267,1621615751.43623
405.14,3.36,-0.85,0,2.97,124286,1621615751.45779
405.14,3.36,-0.85,0,2.93,124307,1621615751.47818
405.14,3.36,-0.85,0,2.92,124327,1621615751.49843
405.14,3.36,-0.85,0,2.88,124347,1621615751.51893
405.14,3.36,-0.85,0,2.85,124367,1621615751.53959
405.14,3.36,-0.85,0,2.77,124387,1621615751.55926
405.14,3.36,-0.85,0,2.65,124407,1621615751.57645
405.14,3.36,-0.85,0,2.47,124427,1621615751.59641
405.14,3.36,-0.85,0,2.27,124447,1621615751.61775
405.14,3.36,-0.85,0,2.05,124467,1621615751.63896
405.14,3.36,-0.85,0,1.8,124487,1621615751.65828
405.14,3.36,-0.85,0,1.53,124507,1621615751.67881
405.14,3.36,-0.85,0,1.25,124527,1621615751.70569
405.14,3.36,-0.85,0,0.97,124547,1621615751.71915
405.14,3.36,-0.85,0,0.67,124567,1621615751.73876
405.14,3.36,-0.85,0,0.37,124587,1621615751.7558
405.14,3.36,-0.85,0,0.02,124607,1621615751.77642
405.14,3.36,-0.85,0,-0.35,124626,1621615751.79659
405.14,3.36,-0.85,0,-0.72,124647,1621615751.82116
405.14,3.36,-0.85,0,-1.07,124666,1621615751.84206
405.14,3.36,-0.85,0,-1.43,124687,1621615751.85808
405.14,3.36,-0.85,0,-1.78,124706,1621615751.87895
405.14,3.36,-0.85,0,-2.1,124727,1621615751.89923
405.14,3.36,-0.85,0,-2.38,124747,1621615751.92096
405.14,3.36,-0.85,0,-2.63,124767,1621615751.93599
405.14,3.36,-0.85,0,-2.83,124787,1621615751.95696
405.14,3.36,-0.85,0,-3,124807,1621615751.97716
405.14,3.36,-0.85,0,-3.17,124827,1621615751.99754
405.14,3.36,-0.85,0,-3.3,124847,1621615752.01843
405.14,3.36,-0.85,0,-3.4,124867,1621615752.03917
405.14,3.36,-0.85,0,-3.5,124887,1621615752.05913
405.14,3.36,-0.85,0,-3.58,124907,1621615752.07931
405.14,3.36,-0.85,0,-3.67,124926,1621615752.10043
405.14,3.36,-0.85,0,-3.75,124947,1621615752.11847
405.14,3.36,-0.85,0,-3.83,124966,1621615752.1465
405.14,3.36,-0.85,0,-3.93,124987,1621615752.1582
405.14,3.36,-0.85,0,-4.02,125006,1621615752.17756
405.14,3.36,-0.85,0,-4.1,125027,1621615752.19795
405.14,3.36,-0.85,0,-4.18,125046,1621615752.21906
405.14,3.36,-0.85,0,-4.27,125067,1621615752.23904
405.14,3.36,-0.85,0,-4.33,125087,1621615752.25975
405.14,3.36,-0.85,0,-4.4,125107,1621615752.28029
405.14,3.36,-0.85,0,-4.47,125127,1621615752.29621
405.14,3.36,-0.85,0,-4.52,125147,1621615752.31812
405.14,3.36,-0.85,0,-4.57,125167,1621615752.33851
405.14,3.36,-0.85,0,-4.62,125187,1621615752.35837
405.14,3.36,-0.85,0,-4.67,125207,1621615752.37857
405.14,3.36,-0.85,0,-4.75,125227,1621615752.3996
405.14,3.36,-0.85,0,-4.85,125247,1621615752.41981
405.14,3.36,-0.85,0,-4.97,125266,1621615752.44006
405.14,3.36,-0.85,0,-5.12,125287,1621615752.46047
405.14,3.36,-0.85,0,-5.28,125306,1621615752.47739
405.14,3.36,-0.85,0,-5.45,125327,1621615752.49755
405.14,3.36,-0.85,0,-5.62,125347,1621615752.5184
405.14,3.36,-0.85,0,-5.8,125367,1621615752.53938
405.14,3.36,-0.85,0,-5.95,125387,1621615752.55927
405.14,3.36,-0.85,0,-6.08,125407,1621615752.5796
405.14,3.36,-0.85,0,-6.18,125427,1621615752.59965
405.14,3.36,-0.85,0,-6.25,125447,1621615752.62066
405.14,3.36,-0.85,0,-6.3,125467,1621615752.6404
405.14,3.36,-0.85,0,-6.33,125487,1621615752.65704
405.14,3.36,-0.85,0,-6.37,125507,1621615752.67793
405.14,3.36,-0.85,0,-6.42,125527,1621615752.69882
405.14,3.36,-0.85,0,-6.47,125547,1621615752.71931
405.14,3.36,-0.85,0,-6.53,125566,1621615752.73954
405.14,3.36,-0.85,0,-6.6,125587,1621615752.7599
405.14,3.36,-0.85,0,-6.7,125606,1621615752.78025
405.14,3.36,-0.85,0,-6.8,125627,1621615752.80061
405.14,3.36,-0.85,0,-6.92,125646,1621615752.822
405.14,3.36,-0.85,0,-7.03,125667,1621615752.84137
405.14,3.36,-0.85,0,-7.13,125686,1621615752.85815
405.14,3.36,-0.85,0,-7.27,125707,1621615752.87809
405.14,3.36,-0.85,0,-7.43,125727,1621615752.89992
405.14,3.36,-0.85,0,-7.6,125747,1621615752.92007
405.14,3.36,-0.85,0,-7.73,125767,1621615752.9406
405.14,3.36,-0.85,0,-7.83,125787,1621615752.96089
405.14,3.36,-0.85,0,-7.93,125807,1621615752.98145
405.14,3.36,-0.85,0,-8.02,125827,1621615753.00187
405.14,3.36,-0.85,0,-8.12,125847,1621615753.02179
405.14,3.36,-0.85,0,-8.2,125867,1621615753.03801
405.14,3.36,-0.85,0,-8.3,125887,1621615753.058
405.14,3.36,-0.85,0,-8.43,125906,1621615753.07922
405.14,3.36,-0.85,0,-8.55,125927,1621615753.09971
405.14,3.36,-0.85,0,-8.67,125946,1621615753.1202
405.14,3.36,-0.85,0,-8.77,125967,1621615753.14085
405.14,3.36,-0.85,0,-8.87,125986,1621615753.16057
405.14,3.36,-0.85,0,-8.95,126007,1621615753.18173
405.14,3.36,-0.85,0,-9.03,126027,1621615753.20215
405.14,3.36,-0.85,0,-9.12,126047,1621615753.21864
405.14,3.36,-0.85,0,-9.2,126067,1621615753.24795
405.14,3.36,-0.85,0,-9.3,126087,1621615753.25917
405.14,3.36,-0.85,0,-9.38,126107,1621615753.27919
405.14,3.36,-0.85,0,-9.48,126127,1621615753.30044
405.14,3.36,-0.85,0,-9.58,126147,1621615753.32065
405.14,3.36,-0.85,0,-9.68,126167,1621615753.34044
405.14,3.36,-0.85,0,-9.82,126187,1621615753.36084
405.14,3.36,-0.85,0,-9.93,126206,1621615753.38142
405.14,3.36,-0.85,0,-10.05,126227,1621615753.39835
405.14,3.36,-0.85,0,-10.15,126247,1621615753.4201
405.14,3.36,-0.85,0,-10.25,126267,1621615753.44197
405.14,3.36,-0.85,0,-10.33,126287,1621615753.46587
405.14,3.36,-0.85,0,-10.4,126307,1621615753.47944
405.14,3.36,-0.85,0,-10.48,126327,1621615753.50087
405.14,3.36,-0.85,0,-10.55,126347,1621615753.52136
405.14,3.36,-0.85,0,-10.63,126367,1621615753.54115
405.14,3.36,-0.85,0,-10.72,126387,1621615753.56148
405.14,3.36,-0.85,0,-10.8,126407,1621615753.5785
405.14,3.36,-0.85,0,-10.9,126427,1621615753.5996
405.14,3.36,-0.85,0,-11,126447,1621615753.62084
405.14,3.36,-0.85,0,-11.13,126467,1621615753.64096
405.14,3.36,-0.85,0,-11.27,126487,1621615753.66151
405.14,3.36,-0.85,0,-11.4,126507,1621615753.68177
405.14,3.36,-0.85,0,-11.52,126527,1621615753.70412
405.14,3.36,-0.85,0,-11.62,126547,1621615753.72219
405.14,3.36,-0.85,0,-11.7,126567,1621615753.74293
405.14,3.36,-0.85,0,-11.78,126587,1621615753.75854
405.14,3.36,-0.85,0,-11.87,126607,1621615753.78106
405.14,3.36,-0.85,0,-11.95,126627,1621615753.8026
405.14,3.36,-0.85,0,-12.02,126647,1621615753.82008
405.14,3.36,-0.85,0,-12.1,126667,1621615753.84129
405.14,3.36,-0.85,0,-12.17,126687,1621615753.86173
405.14,3.36,-0.85,0,-12.23,126707,1621615753.88215
405.14,3.36,-0.85,0,-12.28,126727,1621615753.90281
405.14,3.36,-0.85,0,-12.32,126747,1621615753.9227
405.14,3.36,-0.85,0,-12.35,126768,1621615753.94343
405.14,3.36,-0.85,0,-12.4,126787,1621615753.95926
405.14,3.36,-0.85,0,-12.43,126807,1621615753.99011
405.14,3.36,-0.85,0,-12.48,126827,1621615754.00321
405.14,3.36,-0.85,0,-12.55,126848,1621615754.02139
405.14,3.36,-0.85,0,-12.63,126867,1621615754.04104
405.14,3.36,-0.85,0,-12.72,126887,1621615754.06138
405.14,3.36,-0.85,0,-12.8,126907,1621615754.08749
405.14,3.36,-0.85,0,-12.88,126927,1621615754.10596
405.14,3.36,-0.85,0,-12.98,126947,1621615754.11926
405.14,3.36,-0.85,0,-13.07,126967,1621615754.1393
405.14,3.36,-0.85,0,-13.13,126987,1621615754.16548
405.14,3.36,-0.85,0,-13.18,127007,1621615754.1898
405.14,3.36,-0.85,0,-13.22,127027,1621615754.20655
405.14,3.36,-0.85,0,-13.27,127047,1621615754.2215
405.14,3.36,-0.85,0,-13.32,127067,1621615754.24128
405.14,3.36,-0.85,0,-13.37,127087,1621615754.26263
405.14,3.36,-0.85,0,-13.42,127107,1621615754.28292
405.14,3.36,-0.85,0,-13.48,127127,1621615754.30463
405.14,3.36,-0.85,0,-13.58,127147,1621615754.31963
405.14,3.36,-0.85,0,-13.68,127167,1621615754.33971
405.14,3.36,-0.85,0,-13.8,127186,1621615754.36132
405.14,3.36,-0.85,0,-13.92,127207,1621615754.38204
405.14,3.36,-0.85,0,-14.02,127227,1621615754.40182
405.14,3.36,-0.85,0,-14.1,127247,1621615754.42313
405.14,3.36,-0.85,0,-14.18,127267,1621615754.44338
405.14,3.36,-0.85,0,-14.25,127287,1621615754.46389
405.14,3.36,-0.85,0,-14.32,127307,1621615754.48446
405.14,3.36,-0.85,0,-14.38,127327,1621615754.50008
405.14,3.36,-0.85,0,-14.45,127347,1621615754.52189
405.14,3.36,-0.85,0,-14.52,127367,1621615754.54166
405.14,3.36,-0.85,0,-14.6,127387,1621615754.56193
405.14,3.36,-0.85,0,-14.68,127407,1621615754.5823
405.14,3.36,-0.85,0,-14.78,127427,1621615754.60273
405.14,3.36,-0.85,0,-14.88,127447,1621615754.62395
405.14,3.36,-0.85,0,-14.98,127467,1621615754.64457
405.14,3.36,-0.85,0,-15.1,127488,1621615754.66488
405.14,3.36,-0.85,0,-15.22,127507,1621615754.68065
405.14,3.36,-0.85,0,-15.33,127526,1621615754.70193
405.14,3.36,-0.85,0,-15.45,127547,1621615754.72211
405.14,3.36,-0.85,0,-15.57,127567,1621615754.74408
405.14,3.36,-0.85,0,-15.68,127587,1621615754.76288
405.14,3.36,-0.85,0,-15.78,127607,1621615754.7817
405.14,3.36,-0.85,0,-15.9,127627,1621615754.80287
405.14,3.36,-0.85,0,-16.02,127647,1621615754.82361
405.14,3.36,-0.85,0,-16.15,127667,1621615754.84976
405.14,3.36,-0.85,0,-16.27,127687,1621615754.86199
405.14,3.36,-0.85,0,-16.38,127707,1621615754.88232
405.14,3.36,-0.85,0,-16.48,127727,1621615754.90224
405.14,3.36,-0.85,0,-16.58,127747,1621615754.92397
405.14,3.36,-0.85,0,-16.68,127767,1621615754.94325
405.14,3.36,-0.85,0,-16.78,127787,1621615754.96398
405.14,3.36,-0.85,0,-16.88,127807,1621615754.98438
405.14,3.36,-0.85,0,-16.98,127827,1621615755.00479
405.14,3.36,-0.85,0,-17.07,127847,1621615755.02611
405.14,3.36,-0.85,0,-17.15,127867,1621615755.04131
405.14,3.36,-0.85,0,-17.25,127887,1621615755.06144
405.14,3.36,-0.85,0,-17.35,127907,1621615755.08199
405.14,3.36,-0.85,0,-17.45,127927,1621615755.10234
405.14,3.36,-0.85,0,-17.55,127947,1621615755.12407
405.14,3.36,-0.85,0,-17.65,127967,1621615755.14398
405.14,3.36,-0.85,0,-17.73,127987,1621615755.16399
405.14,3.36,-0.85,0,-17.82,128007,1621615755.18413
405.14,3.36,-0.85,0,-17.9,128027,1621615755.20543
405.14,3.36,-0.85,0,-17.97,128047,1621615755.22207
405.14,3.36,-0.85,0,-18.03,128067,1621615755.24451
405.14,3.36,-0.85,0,-18.1,128088,1621615755.26503
405.14,3.36,-0.85,0,-18.17,128107,1621615755.28465
405.14,3.36,-0.85,0,-18.22,128128,1621615755.30425
405.14,3.36,-0.85,0,-18.28,128147,1621615755.32591
405.14,3.36,-0.85,0,-18.33,128167,1621615755.34452
405.14,3.36,-0.85,0,-18.4,128187,1621615755.36479
405.14,3.36,-0.85,0,-18.47,128207,1621615755.38509
405.14,3.36,-0.85,0,-18.52,128227,1621615755.40159
405.14,3.36,-0.85,0,-18.58,128247,1621615755.42146
405.14,3.36,-0.85,0,-18.63,128267,1621615755.44252
405.14,3.36,-0.85,0,-18.68,128287,1621615755.46325
405.14,3.36,-0.85,0,-18.73,128307,1621615755.48354
405.14,3.36,-0.85,0,-18.78,128327,1621615755.50357
405.14,3.36,-0.85,0,-18.82,128347,1621615755.52509
405.14,3.36,-0.85,0,-18.87,128367,1621615755.54505
405.14,3.36,-0.85,0,-18.9,128387,1621615755.56513
405.14,3.36,-0.85,0,-18.95,128407,1621615755.58559
405.14,3.36,-0.85,0,-19,128427,1621615755.60227
405.14,3.36,-0.85,0,-19.05,128447,1621615755.62359
405.14,3.36,-0.85,0,-19.1,128467,1621615755.64304
405.14,3.36,-0.85,0,-19.17,128487,1621615755.66348
405.14,3.36,-0.85,0,-19.22,128507,1621615755.68432
405.14,3.36,-0.85,0,-19.28,128527,1621615755.70489
405.14,3.36,-0.85,0,-19.33,128547,1621615755.72556
405.14,3.36,-0.85,0,-19.4,128567,1621615755.74546
405.14,3.36,-0.85,0,-19.45,128587,1621615755.76222
405.14,3.36,-0.85,0,-19.5,128607,1621615755.78285
405.14,3.36,-0.85,0,-19.55,128627,1621615755.81173
405.14,3.36,-0.85,0,-19.6,128647,1621615755.82381
405.14,3.36,-0.85,0,-19.63,128667,1621615755.84382
405.14,3.36,-0.85,0,-19.67,128687,1621615755.86391
405.14,3.36,-0.85,0,-19.72,128707,1621615755.88533
405.14,3.36,-0.85,0,-19.78,128727,1621615755.90559
405.14,3.36,-0.85,0,-19.83,128747,1621615755.92549
405.14,3.36,-0.85,0,-19.92,128768,1621615755.94578
405.14,3.36,-0.85,0,-20,128787,1621615755.96274
405.14,3.36,-0.85,0,-20.08,128807,1621615755.983
405.14,3.36,-0.85,0,-20.17,128827,1621615756.004
405.14,3.36,-0.85,0,-20.25,128847,1621615756.0256
405.14,3.36,-0.85,0,-20.33,128867,1621615756.04471
405.14,3.36,-0.85,0,-20.42,128887,1621615756.06534
405.14,3.36,-0.85,0,-20.48,128907,1621615756.09124
405.14,3.36,-0.85,0,-20.55,128927,1621615756.11293
405.14,3.36,-0.85,0,-20.6,128947,1621615756.12717
405.14,3.36,-0.85,0,-20.67,128967,1621615756.14234
405.14,3.36,-0.85,0,-20.72,128987,1621615756.1637
405.14,3.36,-0.85,0,-20.77,129007,1621615756.18391
405.14,3.36,-0.85,0,-20.82,129028,1621615756.2048
405.14,3.36,-0.85,0,-20.87,129047,1621615756.22459
405.14,3.36,-0.85,0,-20.92,129067,1621615756.2457
405.14,3.36,-0.85,0,-20.97,129087,1621615756.26615
405.14,3.36,-0.85,0,-21,129107,1621615756.28637
405.14,3.36,-0.85,0,-21.05,129127,1621615756.30694
405.14,3.36,-0.85,0,-21.08,129147,1621615756.32546
405.14,3.36,-0.85,0,-21.13,129167,1621615756.34383
405.14,3.36,-0.85,0,-21.18,129187,1621615756.36447
405.14,3.36,-0.85,0,-21.23,129207,1621615756.38485
405.14,3.36,-0.85,0,-21.28,129227,1621615756.40694
405.14,3.36,-0.85,0,-21.35,129247,1621615756.4261
405.14,3.36,-0.85,0,-21.42,129267,1621615756.45162
405.14,3.36,-0.85,0,-21.5,129287,1621615756.46648
405.14,3.36,-0.85,0,-21.57,129307,1621615756.48627
405.14,3.36,-0.85,0,-21.63,129327,1621615756.50319
405.14,3.36,-0.85,0,-21.7,129347,1621615756.523
405.14,3.36,-0.85,0,-21.75,129368,1621615756.54339
405.14,3.36,-0.85,0,-21.8,129387,1621615756.56375
405.14,3.36,-0.85,0,-21.85,129406,1621615756.58448
405.14,3.36,-0.85,0,-21.9,129427,1621615756.60532
405.14,3.36,-0.85,0,-21.95,129447,1621615756.62604
405.14,3.36,-0.85,0,-22,129467,1621615756.64608
405.14,3.36,-0.85,0,-22.05,129487,1621615756.66708
405.14,3.36,-0.85,0,-22.08,129507,1621615756.68283
405.14,3.36,-0.85,0,-22.13,129527,1621615756.70494
405.14,3.36,-0.85,0,-22.2,129547,1621615756.72468
405.14,3.36,-0.85,0,-22.28,129567,1621615756.74503
405.14,3.36,-0.85,0,-22.37,129587,1621615756.76519
405.14,3.36,-0.85,0,-22.45,129607,1621615756.78552
405.14,3.36,-0.85,0,-22.55,129627,1621615756.80639
405.14,3.36,-0.85,0,-22.65,129647,1621615756.83271
405.14,3.36,-0.85,0,-22.75,129667,1621615756.84732
405.14,3.36,-0.85,0,-22.85,129687,1621615756.86331
405.14,3.36,-0.85,0,-22.97,129708,1621615756.88384
405.14,3.36,-0.85,0,-23.07,129727,1621615756.9052
405.14,3.36,-0.85,0,-23.17,129747,1621615756.92458
405.14,3.36,-0.85,0,-23.27,129767,1621615756.95222
405.14,3.36,-0.85,0,-23.35,129787,1621615756.9673
405.14,3.36,-0.85,0,-23.42,129807,1621615756.9861
405.14,3.36,-0.85,0,-23.47,129827,1621615757.00671
405.14,3.36,-0.85,0,-23.52,129847,1621615757.02688
405.14,3.36,-0.85,0,-23.57,129867,1621615757.04402
405.14,3.36,-0.85,0,-23.62,129887,1621615757.06325
405.14,3.36,-0.85,0,-23.67,129907,1621615757.08504
405.14,3.36,-0.85,0,-23.73,129927,1621615757.10518
405.14,3.36,-0.85,0,-23.78,129947,1621615757.13139
405.14,3.36,-0.85,0,-23.83,129968,1621615757.14654
405.14,3.36,-0.85,0,-23.88,129987,1621615757.16667
405.14,3.36,-0.85,0,-23.93,130007,1621615757.1873
405.14,3.36,-0.85,0,-23.98,130027,1621615757.20722
405.14,3.36,-0.85,0,-24.03,130048,1621615757.22775
405.14,3.36,-0.85,0,-24.1,130067,1621615757.2451
405.14,3.36,-0.85,0,-24.18,130087,1621615757.26522
405.14,3.36,-0.85,0,-24.27,130107,1621615757.28607
405.14,3.36,-0.85,0,-24.37,130127,1621615757.3062
405.14,3.36,-0.85,0,-24.47,130147,1621615757.3264
405.14,3.36,-0.85,0,-24.55,130167,1621615757.34647
405.14,3.36,-0.85,0,-24.63,130187,1621615757.36759
405.14,3.36,-0.85,0,-24.7,130207,1621615757.39428
405.14,3.36,-0.85,0,-24.77,130227,1621615757.40943
405.14,3.36,-0.85,0,-24.82,130247,1621615757.42468
405.14,3.36,-0.85,0,-24.88,130267,1621615757.44494
405.14,3.36,-0.85,0,-24.93,130287,1621615757.46557
405.14,3.36,-0.85,0,-25,130307,1621615757.48599
405.14,3.36,-0.85,0,-25.05,130327,1621615757.50629
405.14,3.36,-0.85,0,-25.12,130347,1621615757.52734
405.14,3.36,-0.85,0,-25.18,130367,1621615757.54739
405.14,3.36,-0.85,0,-25.25,130386,1621615757.56772
405.14,3.36,-0.85,0,-25.32,130407,1621615757.58512
405.14,3.36,-0.85,0,-25.4,130426,1621615757.60578
405.14,3.36,-0.85,0,-25.45,130447,1621615757.6251
405.14,3.36,-0.85,0,-25.52,130467,1621615757.64585
405.14,3.36,-0.85,0,-25.58,130487,1621615757.66622
405.14,3.36,-0.85,0,-25.63,130507,1621615757.68734
405.14,3.36,-0.85,0,-25.68,130527,1621615757.70759
405.14,3.36,-0.85,0,-25.73,130547,1621615757.72754
405.14,3.36,-0.85,0,-25.78,130567,1621615757.74856
405.14,3.36,-0.85,0,-25.83,130587,1621615757.76449
405.14,3.36,-0.85,0,-25.9,130607,1621615757.78563
405.14,3.36,-0.85,0,-25.95,130627,1621615757.80628
405.14,3.36,-0.85,0,-26.02,130648,1621615757.8267
405.14,3.36,-0.85,0,-26.1,130667,1621615757.84697
405.14,3.36,-0.85,0,-26.17,130688,1621615757.86735
405.14,3.36,-0.85,0,-26.23,130707,1621615757.88768
405.14,3.36,-0.85,0,-26.3,130727,1621615757.90861
405.14,3.36,-0.85,0,-26.38,130747,1621615757.92873
405.14,3.36,-0.85,0,-26.45,130767,1621615757.94934
405.14,3.36,-0.85,0,-26.52,130787,1621615757.96608
405.14,3.36,-0.85,0,-26.58,130807,1621615757.9863
405.14,3.36,-0.85,0,-26.65,130827,1621615758.00707
405.14,3.36,-0.85,0,-26.72,130847,1621615758.02735
405.14,3.36,-0.85,0,-26.78,130867,1621615758.04783
405.14,3.36,-0.85,0,-26.87,130887,1621615758.06834
405.14,3.36,-0.85,0,-26.93,130907,1621615758.08918
405.14,3.36,-0.85,0,-27.02,130927,1621615758.10895
405.14,3.36,-0.85,0,-27.1,130947,1621615758.12854
405.14,3.36,-0.85,0,-27.2,130967,1621615758.14552
405.14,3.36,-0.85,0,-27.28,130988,1621615758.16554
405.14,3.36,-0.85,0,-27.37,131007,1621615758.1861
405.14,3.36,-0.85,0,-27.45,131026,1621615758.20641
405.14,3.36,-0.85,0,-27.53,131047,1621615758.22664
405.14,3.36,-0.85,0,-27.6,131066,1621615758.2478
405.14,3.36,-0.85,0,-27.67,131087,1621615758.2677
405.14,3.36,-0.85,0,-27.72,131107,1621615758.28912
405.14,3.36,-0.85,0,-27.78,131127,1621615758.30974
405.14,3.36,-0.85,0,-27.83,131147,1621615758.32665
405.14,3.36,-0.85,0,-27.88,131167,1621615758.3463
405.14,3.36,-0.85,0,-27.93,131187,1621615758.36741
405.14,3.36,-0.85,0,-27.98,131207,1621615758.38772
405.14,3.36,-0.85,0,-28.05,131227,1621615758.40831
405.14,3.36,-0.85,0,-28.12,131247,1621615758.42876
405.14,3.36,-0.85,0,-28.18,131267,1621615758.44889
405.14,3.36,-0.85,0,-28.25,131287,1621615758.47022
405.14,3.36,-0.85,0,-28.33,131307,1621615758.49051
405.14,3.36,-0.85,0,-28.4,131326,1621615758.50577
405.14,3.36,-0.85,0,-28.45,131347,1621615758.52939
405.14,3.36,-0.85,0,-28.52,131367,1621615758.5471
405.14,3.36,-0.85,0,-28.57,131387,1621615758.56701
405.14,3.36,-0.85,0,-28.62,131407,1621615758.59617
405.14,3.36,-0.85,0,-28.67,131427,1621615758.61032
405.14,3.36,-0.85,0,-28.72,131447,1621615758.629
405.14,3.36,-0.85,0,-28.77,131467,1621615758.64967
405.14,3.36,-0.85,0,-28.8,131487,1621615758.66987
405.14,3.36,-0.85,0,-28.85,131507,1621615758.68591
405.14,3.36,-0.85,0,-28.88,131527,1621615758.70701
405.14,3.36,-0.85,0,-28.93,131547,1621615758.72673
405.14,3.36,-0.85,0,-28.97,131567,1621615758.74757
405.14,3.36,-0.85,0,-29.02,131587,1621615758.76766
405.14,3.36,-0.85,0,-29.05,131607,1621615758.78922
405.14,3.36,-0.85,0,-29.1,131628,1621615758.80936
405.14,3.36,-0.85,0,-29.13,131647,1621615758.82944
405.14,3.36,-0.85,0,-29.18,131666,1621615758.84973
405.14,3.36,-0.85,0,-29.22,131687,1621615758.86998
405.14,3.36,-0.85,0,-29.27,131707,1621615758.88704
405.14,3.36,-0.85,0,-29.32,131727,1621615758.90835
405.14,3.36,-0.85,0,-29.37,131747,1621615758.92904
405.14,3.36,-0.85,0,-29.43,131767,1621615758.94943
405.14,3.36,-0.85,0,-29.5,131787,1621615758.97284
405.14,3.36,-0.85,0,-29.6,131807,1621615758.99244
405.14,3.36,-0.85,0,-29.68,131827,1621615759.00889
405.14,3.36,-0.85,0,-29.77,131847,1621615759.03016
405.14,3.36,-0.85,0,-29.85,131867,1621615759.04595
405.14,3.36,-0.85,0,-29.95,131887,1621615759.06733
405.14,3.36,-0.85,0,-30.03,131907,1621615759.08802
405.14,3.36,-0.85,0,-30.08,131928,1621615759.11396
405.14,3.36,-0.85,0,-30.15,131947,1621615759.13486
405.14,3.36,-0.85,0,-30.18,131966,1621615759.14901
405.14,3.36,-0.85,0,-30.23,131987,1621615759.16946
405.14,3.36,-0.85,0,-30.27,132007,1621615759.18968
405.14,3.36,-0.85,0,-30.32,132027,1621615759.20975
405.14,3.36,-0.85,0,-30.37,132047,1621615759.2308
405.14,3.36,-0.85,0,-30.4,132067,1621615759.24653
405.14,3.36,-0.85,0,-30.45,132087,1621615759.276
405.14,3.36,-0.85,0,-30.5,132107,1621615759.28958
405.14,3.36,-0.85,0,-30.53,132127,1621615759.30851
405.14,3.36,-0.85,0,-30.57,132147,1621615759.33736
405.14,3.36,-0.85,0,-30.62,132167,1621615759.3522
405.14,3.36,-0.85,0,-30.65,132187,1621615759.36946
405.14,3.36,-0.85,0,-30.7,132207,1621615759.38948
405.14,3.36,-0.85,0,-30.75,132227,1621615759.41139
405.14,3.36,-0.85,0,-30.82,132247,1621615759.42728
405.14,3.36,-0.85,0,-30.88,132267,1621615759.44767
405.14,3.36,-0.85,0,-30.95,132287,1621615759.46856
405.14,3.36,-0.85,0,-31,132306,1621615759.48908
405.14,3.36,-0.85,0,-31.05,132327,1621615759.51041
405.14,3.36,-0.85,0,-31.08,132347,1621615759.52967
405.14,3.36,-0.85,0,-31.13,132367,1621615759.55025
405.14,3.36,-0.85,0,-31.18,132387,1621615759.57063
405.14,3.36,-0.85,0,-31.22,132407,1621615759.5909
405.14,3.36,-0.85,0,-31.25,132427,1621615759.60891
405.14,3.36,-0.85,0,-31.3,132447,1621615759.62855
405.14,3.36,-0.85,0,-31.33,132467,1621615759.6493
405.14,3.36,-0.85,0,-31.38,132487,1621615759.66974
405.14,3.36,-0.85,0,-31.42,132507,1621615759.69014
405.14,3.36,-0.85,0,-31.47,132527,1621615759.71067
405.14,3.36,-0.85,0,-31.5,132547,1621615759.7306
405.14,3.36,-0.85,0,-31.55,132567,1621615759.75069
405.14,3.36,-0.85,0,-31.58,132587,1621615759.76775
405.14,3.36,-0.85,0,-31.62,132608,1621615759.78812
405.14,3.36,-0.85,0,-31.65,132627,1621615759.80898
405.14,3.36,-0.85,0,-31.68,132647,1621615759.82883
405.14,3.36,-0.85,0,-31.72,132667,1621615759.84908
405.14,3.36,-0.85,0,-31.73,132687,1621615759.87068
405.14,3.36,-0.85,0,-31.77,132707,1621615759.89082
405.14,3.36,-0.85,0,-31.8,132727,1621615759.91694
405.14,3.36,-0.85,0,-31.83,132747,1621615759.93135
405.14,3.36,-0.85,0,-31.88,132767,1621615759.95448
405.14,3.36,-0.85,0,-31.92,132787,1621615759.96764
405.14,3.36,-0.85,0,-31.95,132807,1621615759.98864
405.14,3.36,-0.85,0,-31.98,132827,1621615760.00904
405.14,3.36,-0.85,0,-32.02,132847,1621615760.02938
405.14,3.36,-0.85,0,-32.05,132867,1621615760.0499
405.14,3.36,-0.85,0,-32.07,132887,1621615760.07028
405.14,3.36,-0.85,0,-32.08,132908,1621615760.09037
405.14,3.36,-0.85,0,-32.1,132927,1621615760.11181
405.14,3.36,-0.85,0,-32.13,132946,1621615760.13231
405.14,3.36,-0.85,0,-32.17,132967,1621615760.14781
405.14,3.36,-0.85,0,-32.2,132987,1621615760.1694
405.14,3.36,-0.85,0,-32.25,133007,1621615760.19032
405.14,3.36,-0.85,0,-32.3,133027,1621615760.20985
405.14,3.36,-0.85,0,-32.35,133047,1621615760.23044
405.14,3.36,-0.85,0,-32.4,133067,1621615760.25089
405.14,3.36,-0.85,0,-32.45,133087,1621615760.27131
405.14,3.36,-0.85,0,-32.5,133107,1621615760.29163
405.14,3.36,-0.85,0,-32.57,133127,1621615760.31276
405.14,3.36,-0.85,0,-32.63,133147,1621615760.3283
405.14,3.36,-0.85,0,-32.72,133167,1621615760.34909
405.14,3.36,-0.85,0,-32.8,133187,1621615760.36991
405.14,3.36,-0.85,0,-32.87,133207,1621615760.39123
405.14,3.36,-0.85,0,-32.95,133227,1621615760.4105
405.14,3.36,-0.85,0,-33.02,133248,1621615760.43167
405.14,3.36,-0.85,0,-33.07,133267,1621615760.4511
405.14,3.36,-0.85,0,-33.13,133287,1621615760.47258
405.14,3.36,-0.85,0,-33.18,133307,1621615760.49304
405.14,3.36,-0.85,0,-33.23,133327,1621615760.50872
405.14,3.36,-0.85,0,-33.28,133347,1621615760.53019
405.14,3.36,-0.85,0,-33.33,133367,1621615760.55885
405.14,3.36,-0.85,0,-33.37,133387,1621615760.57085
405.14,3.36,-0.85,0,-33.42,133407,1621615760.59102
405.14,3.36,-0.85,0,-33.45,133427,1621615760.61094
405.14,3.36,-0.85,0,-33.48,133447,1621615760.63141
405.14,3.36,-0.85,0,-33.52,133467,1621615760.65165
405.14,3.36,-0.85,0,-33.55,133487,1621615760.67295
405.14,3.36,-0.85,0,-33.57,133507,1621615760.68873
405.14,3.36,-0.85,0,-33.6,133527,1621615760.70872
405.14,3.36,-0.85,0,-33.63,133547,1621615760.72999
405.14,3.36,-0.85,0,-33.67,133567,1621615760.75161
405.14,3.36,-0.85,0,-33.7,133586,1621615760.77031
405.14,3.36,-0.85,0,-33.73,133607,1621615760.79127
405.14,3.36,-0.85,0,-33.75,133627,1621615760.81093
405.14,3.36,-0.85,0,-33.78,133647,1621615760.83179
405.14,3.36,-0.85,0,-33.83,133667,1621615760.8524
405.14,3.36,-0.85,0,-33.87,133687,1621615760.86858
405.14,3.36,-0.85,0,-33.9,133707,1621615760.89013
405.14,3.36,-0.85,0,-33.95,133727,1621615760.90939
405.14,3.36,-0.85,0,-34.02,133747,1621615760.92961
405.14,3.36,-0.85,0,-34.08,133767,1621615760.95064
405.14,3.36,-0.85,0,-34.18,133787,1621615760.97161
405.14,3.36,-0.85,0,-34.27,133807,1621615760.9921
405.14,3.36,-0.85,0,-34.35,133827,1621615761.01218
405.14,3.36,-0.85,0,-34.43,133847,1621615761.03308
405.14,3.36,-0.85,0,-34.5,133867,1621615761.04898
405.14,3.36,-0.85,0,-34.55,133888,1621615761.06985
405.14,3.36,-0.85,0,-34.6,133907,1621615761.08977
405.14,3.36,-0.85,0,-34.63,133927,1621615761.11068
405.14,3.36,-0.85,0,-34.67,133947,1621615761.1308
405.14,3.36,-0.85,0,-34.7,133967,1621615761.15111
405.14,3.36,-0.85,0,-34.72,133987,1621615761.17249
405.14,3.36,-0.85,0,-34.73,134007,1621615761.19378
405.14,3.36,-0.85,0,-34.75,134027,1621615761.21344
405.14,3.36,-0.85,0,-34.77,134047,1621615761.22903
405.14,3.36,-0.85,0,-34.8,134067,1621615761.25024
405.14,3.36,-0.85,0,-34.82,134087,1621615761.27062
405.14,3.36,-0.85,0,-34.83,134107,1621615761.29293
405.14,3.36,-0.85,0,-34.87,134127,1621615761.31635
405.14,3.36,-0.85,0,-34.87,134147,1621615761.3323
405.14,3.36,-0.85,0,-34.88,134167,1621615761.35244
405.14,3.36,-0.85,0,-34.9,134187,1621615761.37264
405.14,3.36,-0.85,0,-34.92,134207,1621615761.39292
405.14,3.36,-0.85,0,-34.92,134226,1621615761.40991
405.14,3.36,-0.85,0,-34.93,134247,1621615761.43041
405.14,3.36,-0.85,0,-34.95,134267,1621615761.45088
405.14,3.36,-0.85,0,-34.98,134287,1621615761.47138
405.14,3.36,-0.85,0,-35,134307,1621615761.49183
405.14,3.36,-0.85,0,-35.03,134327,1621615761.51232
405.14,3.36,-0.85,0,-35.05,134347,1621615761.53227
405.14,3.36,-0.85,0,-35.08,134367,1621615761.55403
405.14,3.36,-0.85,0,-35.12,134387,1621615761.57346
405.14,3.36,-0.85,0,-35.15,134407,1621615761.59431
405.14,3.36,-0.85,0,-35.18,134427,1621615761.61101
405.14,3.36,-0.85,0,-35.22,134448,1621615761.63113
405.14,3.36,-0.85,0,-35.23,134467,1621615761.65145
405.14,3.36,-0.85,0,-35.27,134487,1621615761.67796
405.14,3.36,-0.85,0,-35.3,134507,1621615761.69277
405.14,3.36,-0.85,0,-35.33,134526,1621615761.71307
405.14,3.36,-0.85,0,-35.37,134547,1621615761.73321
405.14,3.36,-0.85,0,-35.4,134567,1621615761.75393
405.14,3.36,-0.85,0,-35.43,134587,1621615761.7743
405.14,3.36,-0.85,0,-35.47,134607,1621615761.7909
405.14,3.36,-0.85,0,-35.5,134627,1621615761.81383
405.14,3.36,-0.85,0,-35.53,134647,1621615761.83865
405.14,3.36,-0.85,0,-35.57,134667,1621615761.85235
405.14,3.36,-0.85,0,-35.62,134687,1621615761.87233
405.14,3.36,-0.85,0,-35.65,134707,1621615761.89243
405.14,3.36,-0.85,0,-35.68,134727,1621615761.91279
405.14,3.36,-0.85,0,-35.72,134747,1621615761.93365
405.14,3.36,-0.85,0,-35.75,134767,1621615761.95434
405.14,3.36,-0.85,0,-35.8,134787,1621615761.97073
405.14,3.36,-0.85,0,-35.83,134807,1621615761.99139
405.14,3.36,-0.85,0,-35.88,134827,1621615762.01224
405.14,3.36,-0.85,0,-35.92,134847,1621615762.03376
405.14,3.36,-0.85,0,-35.98,134866,1621615762.05415
405.14,3.36,-0.85,0,-36.03,134887,1621615762.07457
405.14,3.36,-0.85,0,-36.08,134907,1621615762.09486
405.14,3.36,-0.85,0,-36.12,134927,1621615762.11524
405.14,3.36,-0.85,0,-36.15,134947,1621615762.1357
405.14,3.36,-0.85,0,-36.18,134967,1621615762.15191
405.14,3.36,-0.85,0,-36.22,134987,1621615762.17226
405.14,3.36,-0.85,0,-36.23,135007,1621615762.19276
405.14,3.36,-0.85,0,-36.27,135027,1621615762.2133
405.14,3.36,-0.85,0,-36.3,135047,1621615762.23305
405.14,3.36,-0.85,0,-36.32,135067,1621615762.25315
405.14,3.36,-0.85,0,-36.35,135087,1621615762.27372
405.14,3.36,-0.85,0,-36.37,135107,1621615762.29517
405.14,3.36,-0.85,0,-36.4,135127,1621615762.31668
405.14,3.36,-0.85,0,-36.42,135147,1621615762.33568
405.14,3.36,-0.85,0,-36.43,135166,1621615762.36018
405.14,3.36,-0.85,0,-36.45,135187,1621615762.37742
405.14,3.36,-0.85,0,-36.47,135207,1621615762.39534
405.14,3.36,-0.85,0,-36.48,135227,1621615762.41401
405.14,3.36,-0.85,0,-36.5,135247,1621615762.43298
405.14,3.36,-0.85,0,-36.52,135267,1621615762.45457
405.14,3.36,-0.85,0,-36.53,135287,1621615762.47414
405.14,3.36,-0.85,0,-36.55,135307,1621615762.49518
405.14,3.36,-0.85,0,-36.57,135327,1621615762.51095
405.14,3.36,-0.85,0,-36.6,135347,1621615762.53194
405.14,3.36,-0.85,0,-36.62,135367,1621615762.55257
405.14,3.36,-0.85,0,-36.63,135387,1621615762.57525
405.14,3.36,-0.85,0,-36.67,135407,1621615762.59649
405.14,3.36,-0.85,0,-36.68,135427,1621615762.61643
405.14,3.36,-0.85,0,-36.68,135447,1621615762.63478
405.14,3.36,-0.85,0,-36.68,135468,1621615762.65482
405.14,3.36,-0.85,0,-36.7,135487,1621615762.67521
405.14,3.36,-0.85,0,-36.7,135506,1621615762.69201
405.14,3.36,-0.85,0,-36.72,135527,1621615762.71279
405.14,3.36,-0.85,0,-36.73,135547,1621615762.74462
405.14,3.36,-0.85,0,-36.77,135567,1621615762.75486
405.14,3.36,-0.85,0,-36.78,135587,1621615762.7735
405.14,3.36,-0.85,0,-36.8,135607,1621615762.79317
405.14,3.36,-0.85,0,-36.82,135627,1621615762.8138
405.14,3.36,-0.85,0,-36.83,135647,1621615762.83523
405.14,3.36,-0.85,0,-36.85,135667,1621615762.85554
405.14,3.36,-0.85,0,-36.85,135687,1621615762.87156
405.14,3.36,-0.85,0,-36.87,135707,1621615762.89226
405.14,3.36,-0.85,0,-36.87,135727,1621615762.91282
405.14,3.36,-0.85,0,-36.88,135747,1621615762.93468
405.14,3.36,-0.85,0,-36.9,135767,1621615762.95464
405.14,3.36,-0.85,0,-36.93,135787,1621615762.97523
405.14,3.36,-0.85,0,-36.97,135808,1621615762.99557
405.14,3.36,-0.85,0,-36.98,135827,1621615763.01601
405.14,3.36,-0.85,0,-37,135847,1621615763.03581
405.14,3.36,-0.85,0,-37.03,135867,1621615763.06205
405.14,3.36,-0.85,0,-37.07,135887,1621615763.07609
405.14,3.36,-0.85,0,-37.12,135907,1621615763.09414
405.14,3.36,-0.85,0,-37.17,135927,1621615763.11393
405.14,3.36,-0.85,0,-37.23,135947,1621615763.13495
405.14,3.36,-0.85,0,-37.28,135967,1621615763.15503
405.14,3.36,-0.85,0,-37.35,135987,1621615763.17548
405.14,3.36,-0.85,0,-37.4,136007,1621615763.19568
405.14,3.36,-0.85,0,-37.48,136027,1621615763.21572
405.14,3.36,-0.85,0,-37.55,136047,1621615763.23732
405.14,3.36,-0.85,0,-37.63,136067,1621615763.25288
405.14,3.36,-0.85,0,-37.7,136087,1621615763.27335
405.14,3.36,-0.85,0,-37.77,136108,1621615763.29409
405.14,3.36,-0.85,0,-37.83,136127,1621615763.31429
405.14,3.36,-0.85,0,-37.88,136147,1621615763.33592
405.14,3.36,-0.85,0,-37.93,136167,1621615763.3556
405.14,3.36,-0.85,0,-37.98,136186,1621615763.37606
405.14,3.36,-0.85,0,-38.02,136207,1621615763.39593
405.14,3.36,-0.85,0,-38.07,136226,1621615763.41322
405.14,3.36,-0.85,0,-38.12,136247,1621615763.43332
405.14,3.36,-0.85,0,-38.15,136267,1621615763.45383
405.14,3.36,-0.85,0,-38.18,136287,1621615763.47429
405.14,3.36,-0.85,0,-38.22,136307,1621615763.49836
405.14,3.36,-0.85,0,-38.25,136327,1621615763.5153
405.14,3.36,-0.85,0,-38.28,136347,1621615763.53541
405.14,3.36,-0.85,0,-38.32,136367,1621615763.55536
405.14,3.36,-0.85,0,-38.33,136387,1621615763.57538
405.14,3.36,-0.85,0,-38.35,136408,1621615763.59671
405.14,3.36,-0.85,0,-38.37,136427,1621615763.61317
405.14,3.36,-0.85,0,-38.38,136446,1621615763.63315
405.14,3.36,-0.85,0,-38.38,136467,1621615763.65472
405.14,3.36,-0.85,0,-38.4,136487,1621615763.67525
405.14,3.36,-0.85,0,-38.42,136507,1621615763.69493
405.14,3.36,-0.85,0,-38.42,136527,1621615763.71563
405.14,3.36,-0.85,0,-38.43,136547,1621615763.73665
405.14,3.36,-0.85,0,-38.45,136567,1621615763.75646
405.14,3.36,-0.85,0,-38.47,136587,1621615763.77696
405.14,3.36,-0.85,0,-38.48,136607,1621615763.79263
405.14,3.36,-0.85,0,-38.5,136627,1621615763.81327
405.14,3.36,-0.85,0,-38.5,136647,1621615763.83483
405.14,3.36,-0.85,0,-38.52,136667,1621615763.8546
405.14,3.36,-0.85,0,-38.52,136687,1621615763.87572
405.14,3.36,-0.85,0,-38.52,136707,1621615763.896
405.14,3.36,-0.85,0,-38.52,136727,1621615763.91754
405.14,3.36,-0.85,0,-38.53,136747,1621615763.93754
405.14,3.36,-0.85,0,-38.55,136767,1621615763.95835
405.14,3.36,-0.85,0,-38.57,136786,1621615763.97414
405.14,3.36,-0.85,0,-38.58,136807,1621615763.99425
405.14,3.36,-0.85,0,-38.58,136826,1621615764.01517
405.14,3.36,-0.85,0,-38.58,136847,1621615764.03615
405.14,3.36,-0.85,0,-38.6,136867,1621615764.05638
405.14,3.36,-0.85,0,-38.6,136887,1621615764.0769
405.14,3.36,-0.85,0,-38.62,136907,1621615764.09852
405.14,3.36,-0.85,0,-38.63,136927,1621615764.11746
405.14,3.36,-0.85,0,-38.65,136947,1621615764.13774
405.14,3.36,-0.85,0,-38.67,136967,1621615764.15475
405.14,3.36,-0.85,0,-38.67,136987,1621615764.17547
405.14,3.36,-0.85,0,-38.67,137007,1621615764.19631
405.14,3.36,-0.85,0,-38.68,137027,1621615764.21485
405.14,3.36,-0.85,0,-38.68,137048,1621615764.23638
405.14,3.36,-0.85,0,-38.7,137067,1621615764.25635
405.14,3.36,-0.85,0,-38.7,137086,1621615764.2769
405.14,3.36,-0.85,0,-38.72,137107,1621615764.29639
405.14,3.36,-0.85,0,-38.72,137126,1621615764.31803
405.14,3.36,-0.85,0,-38.72,137147,1621615764.33443
405.14,3.36,-0.85,0,-38.72,137166,1621615764.35476
405.14,3.36,-0.85,0,-38.73,137187,1621615764.37515
405.14,3.36,-0.85,0,-38.75,137207,1621615764.40688
405.14,3.36,-0.85,0,-38.75,137227,1621615764.41673
405.14,3.36,-0.85,0,-38.77,137247,1621615764.43857
405.14,3.36,-0.85,0,-38.77,137267,1621615764.45647
405.14,3.36,-0.85,0,-38.78,137287,1621615764.47681
405.14,3.36,-0.85,0,-38.78,137307,1621615764.502
405.14,3.36,-0.85,0,-38.78,137327,1621615764.51821
405.14,3.36,-0.85,0,-38.8,137347,1621615764.53486
405.14,3.36,-0.85,0,-38.8,137367,1621615764.55607
405.14,3.36,-0.85,0,-38.8,137387,1621615764.57619
405.14,3.36,-0.85,0,-38.8,137407,1621615764.59666
405.14,3.36,-0.85,0,-38.82,137427,1621615764.61652
405.14,3.36,-0.85,0,-38.82,137447,1621615764.63773
405.14,3.36,-0.85,0,-38.82,137467,1621615764.65831
405.14,3.36,-0.85,0,-38.83,137487,1621615764.67789
405.14,3.36,-0.85,0,-38.85,137506,1621615764.69469
405.14,3.36,-0.85,0,-38.87,137527,1621615764.72513
405.14,3.36,-0.85,0,-38.87,137547,1621615764.73594
405.14,3.36,-0.85,0,-38.87,137567,1621615764.75619
405.14,3.36,-0.85,0,-38.87,137587,1621615764.77645
405.14,3.36,-0.85,0,-38.88,137607,1621615764.79731
405.14,3.36,-0.85,0,-38.88,137627,1621615764.81737
405.14,3.36,-0.85,0,-38.88,137648,1621615764.8385
405.14,3.36,-0.85,0,-38.9,137667,1621615764.85921
405.14,3.36,-0.85,0,-38.9,137687,1621615764.87495
405.14,3.36,-0.85,0,-38.92,137707,1621615764.89618
405.14,3.36,-0.85,0,-38.92,137726,1621615764.92652
405.14,3.36,-0.85,0,-38.92,137747,1621615764.93757
405.14,3.36,-0.85,0,-38.92,137766,1621615764.9569
405.14,3.36,-0.85,0,-38.93,137787,1621615764.97758
405.14,3.36,-0.85,0,-38.95,137807,1621615764.99773
405.14,3.36,-0.85,0,-38.97,137827,1621615765.01821
405.14,3.36,-0.85,0,-38.97,137847,1621615765.03892
405.14,3.36,-0.85,0,-38.98,137867,1621615765.05538
405.14,3.36,-0.85,0,-39,137887,1621615765.08494
405.14,3.36,-0.85,0,-39.02,137907,1621615765.0968
405.14,3.36,-0.85,0,-39.03,137927,1621615765.11662
405.14,3.36,-0.85,0,-39.05,137947,1621615765.13673
405.14,3.36,-0.85,0,-39.05,137967,1621615765.15683
405.14,3.36,-0.85,0,-39.07,137987,1621615765.17789
405.14,3.36,-0.85,0,-39.07,138007,1621615765.19809
405.14,3.36,-0.85,0,-39.07,138027,1621615765.21972
405.14,3.36,-0.85,0,-39.08,138047,1621615765.23889
405.14,3.36,-0.85,0,-39.12,138066,1621615765.25567
405.14,3.36,-0.85,0,-39.13,138087,1621615765.27611
405.14,3.36,-0.85,0,-39.15,138107,1621615765.29629
405.14,3.36,-0.85,0,-39.17,138127,1621615765.31775
405.14,3.36,-0.85,0,-39.17,138147,1621615765.33789
405.14,3.36,-0.85,0,-39.18,138167,1621615765.35807
405.14,3.36,-0.85,0,-39.22,138187,1621615765.37829
405.14,3.36,-0.85,0,-39.8,138207,1621615765.39882
405.14,3.36,-0.85,0,-40.3,138227,1621615765.41642
405.14,3.36,-0.85,0,-40.53,138247,1621615765.4358
405.14,3.36,-0.85,0,-40.58,138267,1621615765.45673
405.14,3.36,-0.85,0,-40.58,138287,1621615765.47695
405.14,3.36,-0.85,0,-40.6,138307,1621615765.49714
405.14,3.36,-0.85,0,-40.6,138327,1621615765.51878
405.14,3.36,-0.85,0,-40.6,138347,1621615765.53922
405.14,3.36,-0.85,0,-40.57,138366,1621615765.55912
405.14,3.36,-0.85,0,-40.52,138387,1621615765.57905
405.14,3.36,-0.85,0,-40.42,138406,1621615765.60016
405.14,3.36,-0.85,0,-40.3,138427,1621615765.61741
405.14,3.36,-0.85,0,-40.2,138447,1621615765.63726
405.14,3.36,-0.85,0,-40.13,138467,1621615765.65713
405.14,3.36,-0.85,0,-40.05,138487,1621615765.6788
405.14,3.36,-0.85,0,-39.97,138507,1621615765.69807
405.14,3.36,-0.85,0,-39.85,138527,1621615765.7194
405.14,3.36,-0.85,0,-39.75,138547,1621615765.73949
405.14,3.36,-0.85,0,-39.65,138567,1621615765.75956
405.14,3.36,-0.85,0,-39.57,138587,1621615765.78008
405.14,3.36,-0.85,0,-39.47,138607,1621615765.79676
405.14,3.36,-0.85,0,-39.38,138627,1621615765.81768
405.14,3.36,-0.85,0,-39.3,138647,1621615765.84089
405.14,3.36,-0.85,0,-39.22,138667,1621615765.85851
405.14,3.36,-0.85,0,-39.1,138687,1621615765.87842
405.14,3.36,-0.85,0,-38.95,138706,1621615765.89877
405.14,3.36,-0.85,0,-38.82,138727,1621615765.91959
405.14,3.36,-0.85,0,-38.68,138746,1621615765.9393
405.14,3.36,-0.85,0,-38.52,138767,1621615765.95961
405.14,3.36,-0.85,0,-38.37,138787,1621615765.97814
405.14,3.36,-0.85,0,-38.22,138807,1621615765.99917
405.14,3.36,-0.85,0,-38.13,138827,1621615766.01737
405.14,3.36,-0.85,0,-38.08,138847,1621615766.0385
405.14,3.36,-0.85,0,-38.02,138867,1621615766.05857
405.14,3.36,-0.85,0,-37.95,138887,1621615766.07888
405.14,3.36,-0.85,0,-37.87,138907,1621615766.10442
405.14,3.36,-0.85,0,-37.75,138927,1621615766.12091
405.14,3.36,-0.85,0,-37.62,138947,1621615766.1444
405.14,3.36,-0.85,0,-37.5,138967,1621615766.15906
405.14,3.36,-0.85,0,-37.4,138987,1621615766.178
405.14,3.36,-0.85,0,-37.32,139006,1621615766.19902
405.14,3.36,-0.85,0,-37.28,139027,1621615766.22021
405.14,3.36,-0.85,0,-37.25,139046,1621615766.24001
405.14,3.36,-0.85,0,-37.22,139067,1621615766.26007
405.14,3.36,-0.85,0,-37.18,139086,1621615766.27943
405.14,3.36,-0.85,0,-37.15,139107,1621615766.30544
405.14,3.36,-0.85,0,-37.1,139126,1621615766.32383
405.14,3.36,-0.85,0,-37.05,139147,1621615766.33849
405.14,3.36,-0.85,0,-37,139167,1621615766.35707
405.14,3.36,-0.85,0,-36.98,139187,1621615766.37798
405.14,3.36,-0.85,0,-36.97,139207,1621615766.39894
405.14,3.36,-0.85,0,-36.95,139227,1621615766.41941
405.14,3.36,-0.85,0,-36.95,139247,1621615766.44032
405.14,3.36,-0.85,0,-36.95,139267,1621615766.46075
405.14,3.36,-0.85,0,-36.93,139287,1621615766.48111
405.14,3.36,-0.85,0,-36.92,139307,1621615766.50161
405.14,3.36,-0.85,0,-36.88,139327,1621615766.51839
405.14,3.36,-0.85,0,-36.87,139346,1621615766.53839
405.14,3.36,-0.85,0,-36.87,139367,1621615766.56709
405.14,3.36,-0.85,0,-36.85,139386,1621615766.58028
405.14,3.36,-0.85,0,-36.83,139407,1621615766.59972
405.14,3.36,-0.85,0,-36.83,139426,1621615766.62225
405.14,3.36,-0.85,0,-36.83,139447,1621615766.64128
405.14,3.36,-0.85,0,-36.82,139467,1621615766.66074
405.14,3.36,-0.85,0,-36.78,139487,1621615766.68189
405.14,3.36,-0.85,0,-36.75,139507,1621615766.69778
405.14,3.36,-0.85,0,-36.72,139527,1621615766.71789
405.14,3.36,-0.85,0,-36.68,139547,1621615766.73862
405.14,3.36,-0.85,0,-36.67,139567,1621615766.75925
405.14,3.36,-0.85,0,-36.62,139587,1621615766.77973
405.14,3.36,-0.85,0,-36.57,139607,1621615766.80009
405.14,3.36,-0.85,0,-36.5,139627,1621615766.82093
405.14,3.36,-0.85,0,-36.43,139646,1621615766.8418
405.14,3.36,-0.85,0,-36.35,139667,1621615766.8624
405.14,3.36,-0.85,0,-36.25,139686,1621615766.87825
405.14,3.36,-0.85,0,-36.22,139707,1621615766.89925
405.14,3.36,-0.85,0,-36.2,139726,1621615766.91924
405.14,3.36,-0.85,0,-36.17,139747,1621615766.94017
405.14,3.36,-0.85,0,-36.13,139767,1621615766.95958
405.14,3.36,-0.85,0,-36.12,139787,1621615766.98143
405.14,3.36,-0.85,0,-36.1,139807,1621615767.00292
405.14,3.36,-0.85,0,-36.1,139827,1621615767.0224
405.14,3.36,-0.85,0,-36.1,139847,1621615767.04192
405.14,3.36,-0.85,0,-36.08,139867,1621615767.06236
405.14,3.36,-0.85,0,-36.08,139887,1621615767.07941
405.14,3.36,-0.85,0,-36.08,139907,1621615767.10102
405.14,3.36,-0.85,0,-36.08,139927,1621615767.12005
405.14,3.36,-0.85,0,-36.08,139948,1621615767.14085
405.14,3.36,-0.85,0,-36.08,139967,1621615767.16574
405.14,3.36,-0.85,0,-36.08,139987,1621615767.18105
405.14,3.36,-0.85,0,-36.08,140007,1621615767.20163
405.14,3.36,-0.85,0,-36.07,140027,1621615767.22289
405.14,3.36,-0.85,0,-36.07,140047,1621615767.23874
405.14,3.36,-0.85,0,-36.07,140066,1621615767.25924
405.14,3.36,-0.85,0,-36.07,140087,1621615767.28856
405.14,3.36,-0.85,0,-36.05,140106,1621615767.30091
405.14,3.36,-0.85,0,-35.9,140127,1621615767.32426
405.14,3.36,-0.85,0,-35.63,140147,1621615767.3409
405.14,3.36,-0.85,0,-35.27,140167,1621615767.36111
405.14,3.36,-0.85,0,-34.8,140187,1621615767.38131
405.14,3.36,-0.85,0,-34.17,140207,1621615767.40181
405.14,3.36,-0.85,0,-33.33,140227,1621615767.42198
405.14,3.36,-0.85,0,-32.25,140247,1621615767.43869
405.14,3.36,-0.85,0,-30.95,140267,1621615767.45961
405.14,3.36,-0.85,0,-29.43,140286,1621615767.48211
405.14,3.36,-0.85,0,-27.77,140307,1621615767.50665
405.14,3.36,-0.85,0,-25.98,140326,1621615767.52093
405.14,3.36,-0.85,0,-24.2,140347,1621615767.54054
405.14,3.36,-0.85,0,-22.53,140367,1621615767.56195
405.14,3.36,-0.85,0,-20.98,140387,1621615767.58251
405.14,3.36,-0.85,0,-19.52,140407,1621615767.60331
405.14,3.36,-0.85,0,-18.23,140427,1621615767.61903
405.14,3.36,-0.85,0,-17.08,140447,1621615767.63902
405.14,3.36,-0.85,0,-16.07,140467,1621615767.65993
405.14,3.36,-0.85,0,-15.18,140487,1621615767.6805
405.14,3.36,-0.85,0,-14.35,140507,1621615767.70129
405.14,3.36,-0.85,0,-13.48,140527,1621615767.72207
405.14,3.36,-0.85,0,-12.48,140547,1621615767.74262
405.14,3.36,-0.85,0,-11.38,140567,1621615767.76306
405.14,3.36,-0.85,0,-10.23,140587,1621615767.78394
405.14,3.36,-0.85,0,-9.12,140607,1621615767.79905
405.14,3.36,-0.85,0,-8.1,140626,1621615767.82077
405.14,3.36,-0.85,0,-7.35,140647,1621615767.8407
405.14,3.36,-0.85,0,-6.9,140666,1621615767.86203
405.14,3.36,-0.85,0,-6.8,140687,1621615767.88182
405.14,3.36,-0.85,0,-6.8,140706,1621615767.90324
405.14,3.36,-0.85,0,-6.8,140727,1621615767.92343
405.14,3.36,-0.85,0,-6.82,140747,1621615767.944
405.14,3.36,-0.85,0,-6.93,140767,1621615767.95981
405.14,3.36,-0.85,0,-7.18,140787,1621615767.97991
405.14,3.36,-0.85,0,-7.6,140807,1621615768.00671
405.14,3.36,-0.85,0,-8.2,140827,1621615768.02096
405.14,3.36,-0.85,0,-9.02,140847,1621615768.04084
405.14,3.36,-0.85,0,-10.03,140867,1621615768.06786
405.14,3.36,-0.85,0,-11.12,140887,1621615768.08363
405.14,3.36,-0.85,0,-12.27,140907,1621615768.10271
405.14,3.36,-0.85,0,-13.47,140926,1621615768.12387
405.14,3.36,-0.85,0,-14.73,140947,1621615768.14322
405.14,3.36,-0.85,0,-16.07,140966,1621615768.16016
405.14,3.36,-0.85,0,-17.53,140987,1621615768.18051
405.14,3.36,-0.85,0,-19.12,141007,1621615768.20043
405.14,3.36,-0.85,0,-20.72,141027,1621615768.22194
405.14,3.36,-0.85,0,-22.3,141047,1621615768.24184
405.14,3.36,-0.85,0,-23.88,141067,1621615768.26241
405.14,3.36,-0.85,0,-25.35,141087,1621615768.28279
405.14,3.36,-0.85,0,-26.53,141107,1621615768.30306
405.14,3.36,-0.85,0,-27.15,141127,1621615768.32372
405.14,3.36,-0.85,0,-27.28,141147,1621615768.34302
405.14,3.36,-0.85,0,-27.28,141167,1621615768.3612
405.14,3.36,-0.85,0,-27.28,141187,1621615768.38092
405.14,3.36,-0.85,0,-27.28,141207,1621615768.4095
405.14,3.36,-0.85,0,-27.32,141227,1621615768.42735
405.14,3.36,-0.85,0,-27.4,141247,1621615768.44241
405.14,3.36,-0.85,0,-27.53,141266,1621615768.46274
405.14,3.36,-0.85,0,-27.68,141287,1621615768.48279
405.14,3.36,-0.85,0,-27.8,141306,1621615768.5029
405.14,3.36,-0.85,0,-27.88,141327,1621615768.53143
405.14,3.36,-0.85,0,-27.95,141347,1621615768.54428
405.14,3.36,-0.85,0,-28.02,141367,1621615768.56164
405.14,3.36,-0.85,0,-28.05,141386,1621615768.58217
405.14,3.36,-0.85,0,-28.08,141407,1621615768.6027
405.14,3.36,-0.85,0,-28.12,141427,1621615768.62485
405.14,3.36,-0.85,0,-28.17,141447,1621615768.64425
405.14,3.36,-0.85,0,-28.2,141467,1621615768.66487
405.14,3.36,-0.85,0,-28.23,141487,1621615768.68528
405.14,3.36,-0.85,0,-28.25,141507,1621615768.70056
405.14,3.36,-0.85,0,-28.27,141527,1621615768.72313
405.14,3.36,-0.85,0,-28.28,141547,1621615768.74219
405.14,3.36,-0.85,0,-28.3,141566,1621615768.76256
405.14,3.36,-0.85,0,-28.3,141587,1621615768.78331
405.14,3.36,-0.85,0,-28.3,141606,1621615768.80354
405.14,3.36,-0.85,0,-28.3,141627,1621615768.82424
405.14,3.36,-0.85,0,-28.32,141646,1621615768.84673
405.14,3.36,-0.85,0,-28.32,141667,1621615768.86398
405.14,3.36,-0.85,0,-28.32,141686,1621615768.88107
405.14,3.36,-0.85,0,-28.32,141707,1621615768.90106
405.14,3.36,-0.85,0,-28.32,141727,1621615768.92272
405.14,3.36,-0.85,0,-28.32,141747,1621615768.94242
405.14,3.36,-0.85,0,-28.32,141767,1621615768.96251
405.14,3.36,-0.85,0,-28.32,141787,1621615768.98384
405.14,3.36,-0.85,0,-28.32,141807,1621615769.00427
405.14,3.36,-0.85,0,-28.32,141827,1621615769.02472
405.14,3.36,-0.85,0,-28.32,141847,1621615769.04498
405.14,3.36,-0.85,0,-28.32,141867,1621615769.06185
405.14,3.36,-0.85,0,-28.32,141887,1621615769.08201
405.14,3.36,-0.85,0,-28.32,141906,1621615769.10256
405.14,3.36,-0.85,0,-28.32,141927,1621615769.12317
405.14,3.36,-0.85,0,-28.32,141946,1621615769.14339
405.14,3.36,-0.85,0,-28.32,141967,1621615769.1641
405.14,3.36,-0.85,0,-28.32,141986,1621615769.18462
405.14,3.36,-0.85,0,-28.32,142007,1621615769.20526
405.14,3.36,-0.85,0,-28.32,142026,1621615769.22549
405.14,3.36,-0.85,0,-28.32,142047,1621615769.2417
405.14,3.36,-0.85,0,-28.32,142067,1621615769.26163
405.14,3.36,-0.85,0,-28.32,142087,1621615769.28209
405.14,3.36,-0.85,0,-28.32,142107,1621615769.30275
405.14,3.36,-0.85,0,-28.33,142127,1621615769.32377
405.14,3.36,-0.85,0,-28.33,142147,1621615769.34445
405.14,3.36,-0.85,0,-28.33,142167,1621615769.36945
405.14,3.36,-0.85,0,-28.33,142187,1621615769.38574
405.14,3.36,-0.85,0,-28.33,142206,1621615769.40506
405.14,3.36,-0.85,0,-28.33,142227,1621615769.4213
405.14,3.36,-0.85,0,-28.33,142246,1621615769.44178
405.14,3.36,-0.85,0,-28.33,142267,1621615769.46205
405.14,3.36,-0.85,0,-28.33,142286,1621615769.48261
405.14,3.36,-0.85,0,-28.33,142307,1621615769.50291
405.14,3.36,-0.85,0,-28.33,142326,1621615769.5229
405.14,3.36,-0.85,0,-28.33,142347,1621615769.54458
405.14,3.36,-0.85,0,-28.33,142367,1621615769.56447
405.14,3.36,-0.85,0,-28.33,142387,1621615769.5846
405.14,3.36,-0.85,0,-28.33,142407,1621615769.60564
405.14,3.36,-0.85,0,-28.33,142427,1621615769.62174
405.14,3.36,-0.85,0,-28.33,142447,1621615769.6427
405.14,3.36,-0.85,0,-28.33,142467,1621615769.66321
405.14,3.36,-0.85,0,-28.33,142487,1621615769.68401
405.14,3.36,-0.85,0,-28.33,142507,1621615769.7061
405.14,3.36,-0.85,0,-28.33,142527,1621615769.72773
405.14,3.36,-0.85,0,-28.33,142546,1621615769.75217
405.14,3.36,-0.85,0,-28.33,142567,1621615769.76867
405.14,3.36,-0.85,0,-28.33,142586,1621615769.78552
405.14,3.36,-0.85,0,-28.33,142607,1621615769.80142
405.14,3.36,-0.85,0,-28.33,142626,1621615769.82265
405.14,3.36,-0.85,0,-28.33,142647,1621615769.84303
405.14,3.36,-0.85,0,-28.33,142667,1621615769.86358
405.14,3.36,-0.85,0,-28.33,142687,1621615769.88434
405.14,3.36,-0.85,0,-28.33,142707,1621615769.90536
405.14,3.36,-0.85,0,-28.33,142727,1621615769.92461
405.14,3.36,-0.85,0,-28.33,142747,1621615769.9519
405.14,3.36,-0.85,0,-28.33,142767,1621615769.96738
405.14,3.36,-0.85,0,-28.33,142787,1621615769.98223
405.14,3.36,-0.85,0,-28.33,142807,1621615770.00283
405.14,3.36,-0.85,0,-28.33,142827,1621615770.02294
405.14,3.36,-0.85,0,-28.33,142846,1621615770.04422
405.14,3.36,-0.85,0,-28.33,142867,1621615770.0647
405.14,3.36,-0.85,0,-28.33,142886,1621615770.08566
405.14,3.36,-0.85,0,-28.33,142907,1621615770.10635
405.14,3.36,-0.85,0,-28.33,142926,1621615770.12623
405.14,3.36,-0.85,0,-28.33,142947,1621615770.1461
405.14,3.36,-0.85,0,-28.33,142966,1621615770.16277
405.14,3.36,-0.85,0,-28.33,142987,1621615770.1916
405.14,3.36,-0.85,0,-28.33,143007,1621615770.20481
405.14,3.36,-0.85,0,-28.33,143027,1621615770.22525
405.14,3.36,-0.85,0,-28.33,143047,1621615770.24515
405.14,3.36,-0.85,0,-28.33,143067,1621615770.26502
405.14,3.36,-0.85,0,-28.33,143087,1621615770.28619
405.14,3.36,-0.85,0,-28.33,143107,1621615770.30596
405.14,3.36,-0.85,0,-28.33,143127,1621615770.32697
405.14,3.36,-0.85,0,-28.33,143147,1621615770.34265
405.14,3.36,-0.85,0,-28.33,143167,1621615770.36297
405.14,3.36,-0.85,0,-28.33,143186,1621615770.38411
405.14,3.36,-0.85,0,-28.33,143207,1621615770.40638
405.14,3.36,-0.85,0,-28.33,143226,1621615770.42566
405.14,3.36,-0.85,0,-28.33,143247,1621615770.44604
405.14,3.36,-0.85,0,-28.33,143266,1621615770.46642
405.14,3.36,-0.85,0,-28.33,143287,1621615770.48683
405.14,3.36,-0.85,0,-28.33,143307,1621615770.50777
405.14,3.36,-0.85,0,-28.33,143327,1621615770.52336
405.14,3.36,-0.85,0,-28.33,143347,1621615770.5442
405.14,3.36,-0.85,0,-28.33,143367,1621615770.56456
405.14,3.36,-0.85,0,-28.33,143387,1621615770.58583
405.14,3.36,-0.85,0,-28.33,143407,1621615770.60646
405.14,3.36,-0.85,0,-28.33,143427,1621615770.62578
405.14,3.36,-0.85,0,-28.33,143447,1621615770.64599
405.14,3.36,-0.85,0,-28.33,143467,1621615770.66636
405.14,3.36,-0.85,0,-28.33,143486,1621615770.68789
405.14,3.36,-0.85,0,-28.33,143507,1621615770.70457
405.14,3.36,-0.85,0,-28.33,143526,1621615770.72434
405.14,3.36,-0.85,0,-28.33,143547,1621615770.74456
405.14,3.36,-0.85,0,-28.33,143566,1621615770.76515
405.14,3.36,-0.85,0,-28.33,143587,1621615770.78593
405.14,3.36,-0.85,0,-28.33,143606,1621615770.80683
405.14,3.36,-0.85,0,-28.33,143627,1621615770.8266
405.14,3.36,-0.85,0,-28.33,143647,1621615770.84674
405.14,3.36,-0.85,0,-28.33,143667,1621615770.86728
405.14,3.36,-0.85,0,-28.33,143687,1621615770.88453
405.14,3.36,-0.85,0,-28.33,143707,1621615770.90569
405.14,3.36,-0.85,0,-28.33,143727,1621615770.9256
405.14,3.36,-0.85,0,-28.33,143747,1621615770.9459
405.14,3.36,-0.85,0,-28.33,143767,1621615770.96629
405.14,3.36,-0.85,0,-28.33,143787,1621615770.98651
405.14,3.36,-0.85,0,-28.33,143807,1621615771.0072
405.14,3.36,-0.85,0,-28.33,143826,1621615771.02743
405.14,3.36,-0.85,0,-28.33,143847,1621615771.04793
405.14,3.36,-0.85,0,-28.33,143866,1621615771.06345
405.14,3.36,-0.85,0,-28.33,143887,1621615771.08392
405.14,3.36,-0.85,0,-28.33,143906,1621615771.10579
405.14,3.36,-0.85,0,-28.33,143927,1621615771.12571
405.14,3.36,-0.85,0,-28.33,143947,1621615771.14568
405.14,3.36,-0.85,0,-28.33,143967,1621615771.16578
405.14,3.36,-0.85,0,-28.33,143987,1621615771.18743
405.14,3.36,-0.85,0,-28.33,144007,1621615771.2118
405.14,3.36,-0.85,0,-28.33,144027,1621615771.22748
405.14,3.36,-0.85,0,-28.33,144047,1621615771.24736
405.14,3.36,-0.85,0,-28.33,144067,1621615771.26454
405.14,3.36,-0.85,0,-28.33,144087,1621615771.2847
405.14,3.36,-0.85,0,-28.33,144107,1621615771.30577
405.14,3.36,-0.85,0,-28.33,144126,1621615771.32569
405.14,3.36,-0.85,0,-28.33,144147,1621615771.3463
405.14,3.36,-0.85,0,-28.33,144166,1621615771.36642
405.14,3.36,-0.85,0,-28.33,144187,1621615771.38671
405.14,3.36,-0.85,0,-28.33,144206,1621615771.40812
405.14,3.36,-0.85,0,-28.33,144227,1621615771.42476
405.14,3.36,-0.85,0,-28.33,144246,1621615771.44412
405.14,3.36,-0.85,0,-28.33,144267,1621615771.46578
405.14,3.36,-0.85,0,-28.33,144287,1621615771.48597
405.14,3.36,-0.85,0,-28.33,144307,1621615771.50644
405.14,3.36,-0.85,0,-28.33,144327,1621615771.52718
405.14,3.36,-0.85,0,-28.33,144347,1621615771.54754
405.14,3.36,-0.85,0,-28.33,144367,1621615771.5678
405.14,3.36,-0.85,0,-28.33,144387,1621615771.58839
405.14,3.36,-0.85,0,-28.33,144407,1621615771.60879
405.14,3.36,-0.85,0,-28.33,144427,1621615771.62557
405.14,3.36,-0.85,0,-28.33,144447,1621615771.64575
405.14,3.36,-0.85,0,-28.33,144466,1621615771.66672
405.14,3.36,-0.85,0,-28.33,144487,1621615771.68637
405.14,3.36,-0.85,0,-28.33,144506,1621615771.70747
405.14,3.36,-0.85,0,-28.33,144527,1621615771.72722
405.14,3.36,-0.85,0,-28.33,144546,1621615771.74824
405.14,3.36,-0.85,0,-28.33,144567,1621615771.76825
405.14,3.36,-0.85,0,-28.33,144587,1621615771.78942
405.14,3.36,-0.85,0,-28.33,144607,1621615771.80502
405.14,3.36,-0.85,0,-28.33,144627,1621615771.82617
405.14,3.36,-0.85,0,-28.33,144647,1621615771.84616
405.14,3.36,-0.85,0,-28.33,144667,1621615771.8672
405.14,3.36,-0.85,0,-28.33,144687,1621615771.88743
405.14,3.36,-0.85,0,-28.33,144707,1621615771.90761
405.14,3.36,-0.85,0,-28.33,144727,1621615771.92827
405.14,3.36,-0.85,0,-28.33,144747,1621615771.95511
405.14,3.36,-0.85,0,-28.33,144766,1621615771.96926
405.14,3.36,-0.85,0,-28.33,144787,1621615771.98967
405.14,3.36,-0.85,0,-28.33,144806,1621615772.00642
405.14,3.36,-0.85,0,-28.33,144827,1621615772.02771
405.14,3.36,-0.85,0,-28.33,144846,1621615772.04793
405.14,3.36,-0.85,0,-28.33,144867,1621615772.06806
405.14,3.36,-0.85,0,-28.33,144886,1621615772.08872
405.14,3.36,-0.85,0,-28.33,144907,1621615772.10931
405.14,3.36,-0.85,0,-28.35,144927,1621615772.13002
405.14,3.36,-0.85,0,-28.35,144947,1621615772.14981
405.14,3.36,-0.85,0,-28.35,144967,1621615772.16637
405.14,3.36,-0.85,0,-28.35,144987,1621615772.1859
405.14,3.36,-0.85,0,-28.35,145007,1621615772.20699
405.14,3.36,-0.85,0,-28.35,145028,1621615772.22656
405.14,3.36,-0.85,0,-28.35,145047,1621615772.24804
405.14,3.36,-0.85,0,-28.35,145068,1621615772.26853
405.14,3.36,-0.85,0,-28.35,145087,1621615772.28873
405.14,3.36,-0.85,0,-28.35,145107,1621615772.30901
405.14,3.36,-0.85,0,-28.35,145127,1621615772.32988
405.14,3.36,-0.85,0,-28.35,145147,1621615772.34982
405.14,3.36,-0.85,0,-28.35,145167,1621615772.36674
405.14,3.36,-0.85,0,-28.35,145187,1621615772.38713
405.14,3.36,-0.85,0,-28.35,145207,1621615772.4076
405.14,3.36,-0.85,0,-28.35,145227,1621615772.42736
405.14,3.36,-0.85,0,-28.35,145247,1621615772.44781
405.14,3.36,-0.85,0,-28.35,145267,1621615772.4692
405.14,3.36,-0.85,0,-28.35,145287,1621615772.48968
405.14,3.36,-0.85,0,-28.35,145307,1621615772.51051
405.14,3.36,-0.85,0,-28.35,145327,1621615772.53066
405.14,3.36,-0.85,0,-28.35,145347,1621615772.54654
405.14,3.36,-0.85,0,-28.35,145368,1621615772.57495
405.14,3.36,-0.85,0,-28.35,145387,1621615772.58854
405.14,3.36,-0.85,0,-28.35,145408,1621615772.60725
405.14,3.36,-0.85,0,-28.35,145427,1621615772.6285
405.14,3.36,-0.85,0,-28.35,145447,1621615772.64901
405.14,3.36,-0.85,0,-28.35,145467,1621615772.66914
405.14,3.36,-0.85,0,-28.35,145487,1621615772.68916
405.14,3.36,-0.85,0,-28.35,145507,1621615772.7105
405.14,3.36,-0.85,0,-28.35,145527,1621615772.72636
405.14,3.36,-0.85,0,-28.35,145547,1621615772.7506
405.14,3.36,-0.85,0,-28.35,145567,1621615772.77265
405.14,3.36,-0.85,0,-28.35,145587,1621615772.78728
405.14,3.36,-0.85,0,-28.35,145607,1621615772.80917
405.14,3.36,-0.85,0,-28.35,145627,1621615772.82827
405.14,3.36,-0.85,0,-28.35,145647,1621615772.84958
405.14,3.36,-0.85,0,-28.35,145668,1621615772.86978
405.14,3.36,-0.85,0,-28.35,145687,1621615772.88971
405.14,3.36,-0.85,0,-28.35,145708,1621615772.90735
405.14,3.36,-0.85,0,-28.35,145727,1621615772.92797
405.14,3.36,-0.85,0,-28.35,145747,1621615772.94721
405.14,3.36,-0.85,0,-28.35,145767,1621615772.96763
405.14,3.36,-0.85,0,-28.35,145787,1621615772.98808
405.14,3.36,-0.85,0,-28.35,145807,1621615773.00924
405.14,3.36,-0.85,0,-28.35,145827,1621615773.02961
405.14,3.36,-0.85,0,-28.35,145847,1621615773.0495
405.14,3.36,-0.85,0,-28.35,145867,1621615773.07101
405.14,3.36,-0.85,0,-28.35,145887,1621615773.08676
405.14,3.36,-0.85,0,-28.35,145907,1621615773.10777
405.14,3.36,-0.85,0,-28.35,145927,1621615773.128
405.14,3.36,-0.85,0,-28.35,145947,1621615773.15732
405.14,3.36,-0.85,0,-28.35,145967,1621615773.17318
405.14,3.36,-0.85,0,-28.35,145987,1621615773.19068
405.14,3.36,-0.85,0,-28.35,146008,1621615773.20917
405.14,3.36,-0.85,0,-28.35,146027,1621615773.22987
405.14,3.36,-0.85,0,-28.35,146048,1621615773.25083
405.14,3.36,-0.85,0,-28.35,146067,1621615773.26687
405.14,3.36,-0.85,0,-28.35,146087,1621615773.28743
405.14,3.36,-0.85,0,-28.35,146107,1621615773.3083
405.14,3.36,-0.85,0,-28.35,146127,1621615773.33016
405.14,3.36,-0.85,0,-28.35,146147,1621615773.34872
405.14,3.36,-0.85,0,-28.35,146167,1621615773.36892
405.14,3.36,-0.85,0,-28.35,146187,1621615773.38981
405.14,3.36,-0.85,0,-28.35,146207,1621615773.40995
405.14,3.36,-0.85,0,-28.35,146227,1621615773.43205
405.14,3.36,-0.85,0,-28.35,146247,1621615773.44702
405.14,3.36,-0.85,0,-28.35,146267,1621615773.46725
405.14,3.36,-0.85,0,-28.35,146287,1621615773.48825
405.14,3.36,-0.85,0,-28.35,146308,1621615773.50906
405.14,3.36,-0.85,0,-28.35,146327,1621615773.5293
405.14,3.36,-0.85,0,-28.35,146348,1621615773.54931
405.14,3.36,-0.85,0,-28.35,146367,1621615773.57641
405.14,3.36,-0.85,0,-28.35,146387,1621615773.59285
405.14,3.36,-0.85,0,-28.35,146407,1621615773.61121
405.14,3.36,-0.85,0,-28.35,146427,1621615773.62797
405.14,3.36,-0.85,0,-28.35,146447,1621615773.64727
405.14,3.36,-0.85,0,-28.35,146467,1621615773.66927
405.14,3.36,-0.85,0,-28.35,146487,1621615773.69096
405.14,3.36,-0.85,0,-28.35,146507,1621615773.7091
405.14,3.36,-0.85,0,-28.35,146527,1621615773.73008
405.14,3.36,-0.85,0,-28.35,146547,1621615773.7509
405.14,3.36,-0.85,0,-28.35,146567,1621615773.77109
405.14,3.36,-0.85,0,-28.35,146587,1621615773.7911
405.14,3.36,-0.85,0,-28.35,146607,1621615773.80749
405.14,3.36,-0.85,0,-28.35,146627,1621615773.82757
405.14,3.36,-0.85,0,-28.35,146648,1621615773.84912
405.14,3.36,-0.85,0,-28.35,146667,1621615773.86959
405.14,3.36,-0.85,0,-28.35,146688,1621615773.89072
405.14,3.36,-0.85,0,-28.35,146707,1621615773.91698
405.14,3.36,-0.85,0,-28.35,146727,1621615773.93081
