503.96,-1.28,0,0,23.32,134707,1621617310.43188
503.96,-1.28,0,0,23.32,134726,1621617310.43267
503.96,-1.28,0,0,23.32,134747,1621617310.43359
503.96,-1.28,0,0,23.32,134766,1621617310.4344
503.96,-1.28,0,0,23.32,134787,1621617310.45459
503.96,-1.28,0,0,23.32,134806,1621617310.52825
503.96,-1.28,0,0,23.32,134827,1621617310.53016
503.96,-1.28,0,0,23.32,134846,1621617310.53159
503.96,-1.28,0,0,23.32,134866,1621617310.53324
503.96,-1.28,0,0,23.32,134886,1621617310.54766
503.96,-1.28,0,0,23.32,134906,1621617310.55967
503.96,-1.28,0,0,23.32,134927,1621617310.58053
503.96,-1.28,0,0,23.32,134946,1621617310.60166
503.96,-1.28,0,0,23.32,134967,1621617310.62333
503.96,-1.28,0,0,23.32,134986,1621617310.64216
503.96,-1.28,0,0,23.32,135007,1621617310.66503
503.96,-1.28,0,0,23.32,135026,1621617310.68332
503.96,-1.28,0,0,23.32,135047,1621617310.70261
503.96,-1.28,0,0,23.32,135066,1621617310.71928
503.96,-1.28,0,0,23.32,135087,1621617310.73992
503.96,-1.28,0,0,23.32,135106,1621617310.76021
503.96,-1.28,0,0,23.32,135127,1621617310.78122
503.96,-1.28,0,0,23.32,135146,1621617310.80165
503.96,-1.28,0,0,23.32,135166,1621617310.82223
503.96,-1.28,0,0,23.32,135186,1621617310.84491
503.96,-1.28,0,0,23.32,135206,1621617310.86521
503.96,-1.28,0,0,23.32,135226,1621617310.88561
503.96,-1.28,0,0,23.32,135246,1621617310.90186
503.96,-1.28,0,0,23.32,135266,1621617310.92244
503.96,-1.28,0,0,23.32,135286,1621617310.94369
503.96,-1.28,0,0,23.32,135307,1621617310.96346
503.96,-1.28,0,0,23.32,135326,1621617310.98433
503.96,-1.28,0,0,23.32,135347,1621617311.00503
503.96,-1.28,0,0,23.32,135366,1621617311.02547
503.96,-1.28,0,0,23.32,135387,1621617311.04419
503.96,-1.28,0,0,23.32,135406,1621617311.0647
503.96,-1.28,0,0,23.32,135427,1621617311.08155
503.96,-1.28,0,0,23.32,135446,1621617311.10223
503.96,-1.28,0,0,23.32,135467,1621617311.12205
503.96,-1.28,0,0,23.32,135486,1621617311.1485
503.96,-1.28,0,0,23.32,135506,1621617311.16235
503.96,-1.28,0,0,23.32,135526,1621617311.18407
503.96,-1.28,0,0,23.32,135546,1621617311.20392
503.96,-1.28,0,0,23.32,135567,1621617311.22661
503.96,-1.28,0,0,23.32,135586,1621617311.2439
503.96,-1.28,0,0,23.32,135607,1621617311.2608
503.96,-1.28,0,0,23.32,135626,1621617311.28087
503.96,-1.28,0,0,23.32,135647,1621617311.30316
503.96,-1.28,0,0,23.32,135666,1621617311.3222
503.96,-1.28,0,0,23.32,135687,1621617311.3424
503.96,-1.28,0,0,23.32,135706,1621617311.36372
503.96,-1.28,0,0,23.32,135727,1621617311.38429
503.96,-1.28,0,0,23.32,135746,1621617311.40441
503.96,-1.28,0,0,23.32,135767,1621617311.42526
503.96,-1.28,0,0,23.32,135786,1621617311.4491
503.96,-1.28,0,0,23.32,135806,1621617311.46164
503.96,-1.28,0,0,23.32,135826,1621617311.48127
503.96,-1.28,0,0,23.32,135846,1621617311.50197
503.96,-1.28,0,0,23.32,135866,1621617311.52315
503.96,-1.28,0,0,23.32,135886,1621617311.54711
503.96,-1.28,0,0,23.32,135907,1621617311.56404
503.96,-1.28,0,0,23.32,135926,1621617311.58456
503.96,-1.28,0,0,23.32,135947,1621617311.60435
503.96,-1.28,0,0,23.32,135966,1621617311.62091
503.96,-1.28,0,0,23.32,135987,1621617311.64159
503.96,-1.28,0,0,23.32,136006,1621617311.6676
503.96,-1.28,0,0,23.32,136027,1621617311.68997
503.96,-1.28,0,0,23.32,136046,1621617311.70302
503.96,-1.28,0,0,23.32,136067,1621617311.72451
503.96,-1.28,0,0,23.32,136086,1621617311.74491
503.96,-1.28,0,0,23.32,136107,1621617311.7655
503.96,-1.28,0,0,23.32,136126,1621617311.78551
503.96,-1.28,0,0,23.32,136146,1621617311.80242
503.96,-1.28,0,0,23.32,136166,1621617311.82488
503.96,-1.28,0,0,23.32,136186,1621617311.84184
503.96,-1.28,0,0,23.32,136207,1621617311.86218
503.96,-1.28,0,0,23.32,136226,1621617311.88247
503.96,-1.28,0,0,23.32,136246,1621617311.90277
503.96,-1.28,0,0,23.32,136266,1621617311.92396
503.96,-1.28,0,0,23.32,136287,1621617311.94426
503.96,-1.28,0,0,23.32,136306,1621617311.96537
503.96,-1.28,0,0,23.32,136327,1621617311.98575
503.96,-1.28,0,0,23.32,136346,1621617312.00255
503.96,-1.28,0,0,23.32,136367,1621617312.02265
503.96,-1.28,0,0,23.32,136386,1621617312.04275
503.96,-1.28,0,0,23.32,136407,1621617312.06417
503.96,-1.28,0,0,23.32,136426,1621617312.08467
503.96,-1.28,0,0,23.32,136446,1621617312.10469
503.96,-1.28,0,0,23.32,136466,1621617312.12541
503.96,-1.28,0,0,23.32,136486,1621617312.1459
503.96,-1.28,0,0,23.32,136506,1621617312.16246
503.96,-1.28,0,0,23.32,136526,1621617312.19118
503.96,-1.28,0,0,23.32,136547,1621617312.20356
503.96,-1.28,0,0,23.32,136566,1621617312.22319
503.96,-1.28,0,0,23.32,136587,1621617312.24492
503.96,-1.28,0,0,23.32,136606,1621617312.26446
503.96,-1.28,0,0,23.32,136627,1621617312.2934
503.96,-1.28,0,0,23.32,136646,1621617312.30622
503.96,-1.28,0,0,23.32,136667,1621617312.32595
503.96,-1.28,0,0,23.32,136686,1621617312.34606
503.96,-1.28,0,0,23.32,136707,1621617312.36194
503.96,-1.28,0,0,23.32,136726,1621617312.38241
503.96,-1.28,0,0,23.32,136747,1621617312.40269
503.96,-1.28,0,0,23.32,136766,1621617312.43352
503.96,-1.28,0,0,23.32,136786,1621617312.44566
503.96,-1.28,0,0,23.32,136806,1621617312.46463
503.96,-1.28,0,0,23.32,136826,1621617312.48528
503.96,-1.28,0,0,23.32,136846,1621617312.50545
503.96,-1.28,0,0,23.32,136866,1621617312.52701
503.96,-1.28,0,0,23.32,136887,1621617312.54312
503.96,-1.28,0,0,23.32,136906,1621617312.56321
503.96,-1.28,0,0,23.32,136927,1621617312.58346
503.96,-1.28,0,0,23.32,136946,1621617312.60406
503.96,-1.28,0,0,23.32,136967,1621617312.62559
503.96,-1.28,0,0,23.32,136986,1621617312.65001
503.96,-1.28,0,0,23.32,137007,1621617312.66731
503.96,-1.28,0,0,23.32,137026,1621617312.68533
503.96,-1.28,0,0,23.32,137047,1621617312.70562
503.96,-1.28,0,0,23.32,137066,1621617312.72245
503.96,-1.28,0,0,23.32,137086,1621617312.74311
503.96,-1.28,0,0,23.32,137106,1621617312.76564
503.96,-1.28,0,0,23.32,137126,1621617312.78626
503.96,-1.28,0,0,23.32,137146,1621617312.807
503.96,-1.28,0,0,23.32,137166,1621617312.82959
503.96,-1.28,0,0,23.32,137187,1621617312.84799
503.96,-1.28,0,0,23.32,137206,1621617312.86622
503.96,-1.28,0,0,23.33,137227,1621617312.88638
503.96,-1.28,0,0,23.33,137247,1621617312.90655
503.96,-1.28,0,0,23.42,137267,1621617312.92361
503.96,-1.28,0,0,23.53,137286,1621617312.94327
503.96,-1.28,0,0,23.55,137307,1621617312.96473
503.96,-1.28,0,0,23.12,137326,1621617312.98495
503.96,-1.28,0,0,22.53,137347,1621617313.00507
503.96,-1.28,0,0,22.2,137366,1621617313.02572
503.96,-1.28,0,0,21.87,137387,1621617313.05281
503.96,-1.28,0,0,21.63,137406,1621617313.0712
503.96,-1.28,0,0,21.52,137426,1621617313.0838
503.96,-1.28,0,0,21.47,137447,1621617313.10289
503.96,-1.28,0,0,21.47,137466,1621617313.13331
503.96,-1.28,0,0,21.47,137487,1621617313.14506
503.96,-1.28,0,0,21.47,137506,1621617313.16549
503.96,-1.28,0,0,21.47,137527,1621617313.18537
503.96,-1.28,0,0,21.47,137547,1621617313.20567
503.96,-1.28,0,0,21.47,137567,1621617313.22712
503.96,-1.28,0,0,21.47,137587,1621617313.24689
503.96,-1.28,0,0,21.47,137607,1621617313.27101
503.96,-1.28,0,0,21.47,137627,1621617313.2849
503.96,-1.28,0,0,21.47,137647,1621617313.30388
503.96,-1.28,0,0,21.47,137667,1621617313.32511
503.96,-1.28,0,0,21.47,137687,1621617313.34534
503.96,-1.28,0,0,21.47,137707,1621617313.36584
503.96,-1.28,0,0,21.47,137726,1621617313.38869
503.96,-1.28,0,0,21.47,137747,1621617313.40911
503.96,-1.28,0,0,21.45,137766,1621617313.42734
503.96,-1.28,0,0,21.45,137786,1621617313.44305
503.96,-1.28,0,0,21.45,137806,1621617313.46458
503.96,-1.28,0,0,21.45,137826,1621617313.48511
503.96,-1.28,0,0,21.45,137846,1621617313.50554
503.96,-1.28,0,0,21.45,137867,1621617313.52895
503.96,-1.28,0,0,21.45,137886,1621617313.54833
503.96,-1.28,0,0,21.45,137907,1621617313.56803
503.96,-1.28,0,0,21.45,137926,1621617313.5882
503.96,-1.28,0,0,21.45,137947,1621617313.60786
503.96,-1.28,0,0,21.45,137966,1621617313.62491
503.96,-1.28,0,0,21.45,137987,1621617313.64478
503.96,-1.28,0,0,21.45,138006,1621617313.66519
503.96,-1.28,0,0,21.45,138027,1621617313.68556
503.96,-1.28,0,0,21.45,138046,1621617313.70572
503.96,-1.28,0,0,21.45,138066,1621617313.73487
503.96,-1.28,0,0,21.45,138086,1621617313.74765
503.96,-1.28,0,0,21.45,138106,1621617313.76647
503.96,-1.28,0,0,21.45,138126,1621617313.78748
503.96,-1.28,0,0,21.45,138146,1621617313.8087
503.96,-1.28,0,0,21.45,138167,1621617313.82535
503.96,-1.28,0,0,21.45,138186,1621617313.84463
503.96,-1.28,0,0,21.45,138207,1621617313.86601
503.96,-1.28,0,0,21.45,138226,1621617313.8858
503.96,-1.28,0,0,21.45,138247,1621617313.90634
503.96,-1.28,0,0,21.45,138266,1621617313.92715
503.96,-1.28,0,0,21.45,138287,1621617313.95352
503.96,-1.28,0,0,21.45,138306,1621617313.96937
503.96,-1.28,0,0,21.45,138327,1621617313.98817
503.96,-1.28,0,0,21.45,138346,1621617314.00508
503.96,-1.28,0,0,21.45,138366,1621617314.02589
503.96,-1.28,0,0,21.45,138386,1621617314.04542
503.96,-1.28,0,0,21.45,138406,1621617314.06571
503.96,-1.28,0,0,21.45,138426,1621617314.08708
503.96,-1.28,0,0,21.45,138446,1621617314.10751
503.96,-1.28,0,0,21.45,138467,1621617314.12788
503.96,-1.28,0,0,21.45,138486,1621617314.14863
503.96,-1.28,0,0,21.45,138507,1621617314.17439
503.96,-1.28,0,0,21.45,138526,1621617314.19109
503.96,-1.28,0,0,21.45,138547,1621617314.2061
503.96,-1.28,0,0,21.45,138566,1621617314.22557
503.96,-1.28,0,0,21.45,138587,1621617314.248
503.96,-1.28,0,0,21.45,138606,1621617314.27122
503.96,-1.28,0,0,21.45,138627,1621617314.28745
503.96,-1.28,0,0,21.45,138646,1621617314.30832
503.96,-1.28,0,0,21.45,138667,1621617314.32796
503.96,-1.28,0,0,21.45,138686,1621617314.34796
503.96,-1.28,0,0,21.43,138706,1621617314.3649
503.96,-1.28,0,0,21.4,138726,1621617314.3858
503.96,-1.28,0,0,21.37,138746,1621617314.41009
503.96,-1.28,0,0,21.3,138767,1621617314.42958
503.96,-1.28,0,0,21.15,138786,1621617314.45038
503.96,-1.28,0,0,20.98,138807,1621617314.46838
503.96,-1.28,0,0,20.82,138826,1621617314.48876
503.96,-1.28,0,0,20.67,138847,1621617314.51629
503.96,-1.28,0,0,20.48,138866,1621617314.5304
503.96,-1.28,0,0,20.3,138887,1621617314.54555
503.96,-1.28,0,0,20.1,138906,1621617314.56575
503.96,-1.28,0,0,19.87,138927,1621617314.58604
503.96,-1.28,0,0,19.6,138946,1621617314.60615
503.96,-1.28,0,0,19.33,138967,1621617314.62977
503.96,-1.28,0,0,19.03,138987,1621617314.65416
503.96,-1.28,0,0,18.7,139006,1621617314.66885
503.96,-1.28,0,0,18.33,139027,1621617314.68902
503.96,-1.28,0,0,18.02,139046,1621617314.7099
503.96,-1.28,0,0,17.72,139066,1621617314.72642
503.96,-1.28,0,0,17.4,139086,1621617314.746
503.96,-1.28,0,0,17.07,139107,1621617314.76666
503.96,-1.28,0,0,16.63,139126,1621617314.78835
503.96,-1.28,0,0,16.08,139147,1621617314.8086
503.96,-1.28,0,0,15.45,139166,1621617314.82934
503.96,-1.28,0,0,14.82,139187,1621617314.84974
503.96,-1.28,0,0,14.22,139206,1621617314.87035
503.96,-1.28,0,0,13.62,139227,1621617314.89241
503.96,-1.28,0,0,13.05,139246,1621617314.90534
503.96,-1.28,0,0,12.48,139267,1621617314.92626
503.96,-1.28,0,0,11.95,139287,1621617314.94577
503.96,-1.28,0,0,11.43,139307,1621617314.96629
503.96,-1.28,0,0,10.95,139327,1621617314.98832
503.96,-1.28,0,0,10.47,139346,1621617315.00911
503.96,-1.28,0,0,9.93,139366,1621617315.02928
503.96,-1.28,0,0,9.38,139386,1621617315.04948
503.96,-1.28,0,0,8.82,139407,1621617315.06963
503.96,-1.28,0,0,8.28,139426,1621617315.08647
503.96,-1.28,0,0,7.77,139446,1621617315.10863
503.96,-1.28,0,0,7.33,139466,1621617315.12749
503.96,-1.28,0,0,6.92,139487,1621617315.14864
503.96,-1.28,0,0,6.47,139506,1621617315.16792
503.96,-1.28,0,0,5.98,139527,1621617315.18856
503.96,-1.28,0,0,5.45,139546,1621617315.21034
503.96,-1.28,0,0,4.95,139567,1621617315.236
503.96,-1.28,0,0,4.5,139586,1621617315.25155
503.96,-1.28,0,0,4.08,139607,1621617315.26655
503.96,-1.28,0,0,3.65,139626,1621617315.28727
503.96,-1.28,0,0,3.18,139646,1621617315.30823
503.96,-1.28,0,0,2.67,139666,1621617315.32746
503.96,-1.28,0,0,2.1,139686,1621617315.34831
503.96,-1.28,0,0,1.47,139706,1621617315.3687
503.96,-1.28,0,0,0.77,139726,1621617315.39366
503.96,-1.28,0,0,-0.02,139747,1621617315.4124
503.96,-1.28,0,0,-0.82,139766,1621617315.42934
503.96,-1.28,0,0,-1.65,139787,1621617315.44951
503.96,-1.28,0,0,-2.47,139806,1621617315.46761
503.96,-1.28,0,0,-3.28,139827,1621617315.48836
503.96,-1.28,0,0,-4,139846,1621617315.50863
503.96,-1.28,0,0,-4.58,139867,1621617315.5284
503.96,-1.28,0,0,-4.98,139886,1621617315.55342
503.96,-1.28,0,0,-5.25,139907,1621617315.56993
503.96,-1.28,0,0,-5.37,139926,1621617315.59066
503.96,-1.28,0,0,-5.43,139947,1621617315.61003
503.96,-1.28,0,0,-5.45,139966,1621617315.62661
503.96,-1.28,0,0,-5.45,139986,1621617315.64776
503.96,-1.28,0,0,-5.45,140006,1621617315.66824
503.96,-1.28,0,0,-5.45,140026,1621617315.68896
503.96,-1.28,0,0,-5.45,140046,1621617315.70926
503.96,-1.28,0,0,-5.47,140066,1621617315.72906
503.96,-1.28,0,0,-5.47,140087,1621617315.74934
503.96,-1.28,0,0,-5.47,140106,1621617315.77042
503.96,-1.28,0,0,-5.47,140127,1621617315.79122
503.96,-1.28,0,0,-5.47,140146,1621617315.81121
503.96,-1.28,0,0,-5.47,140167,1621617315.83111
503.96,-1.28,0,0,-5.47,140187,1621617315.84776
503.96,-1.28,0,0,-5.47,140207,1621617315.87016
503.96,-1.28,0,0,-5.47,140227,1621617315.89172
503.96,-1.28,0,0,-5.47,140247,1621617315.90981
503.96,-1.28,0,0,-5.47,140267,1621617315.93097
503.96,-1.28,0,0,-5.47,140286,1621617315.95039
503.96,-1.28,0,0,-5.48,140306,1621617315.9716
503.96,-1.28,0,0,-5.48,140326,1621617315.98788
503.96,-1.28,0,0,-5.52,140346,1621617316.01584
503.96,-1.28,0,0,-5.6,140366,1621617316.02855
503.96,-1.28,0,0,-5.72,140387,1621617316.04857
503.96,-1.28,0,0,-5.87,140406,1621617316.07493
503.96,-1.28,0,0,-6.03,140427,1621617316.09116
503.96,-1.28,0,0,-6.2,140446,1621617316.10946
503.96,-1.28,0,0,-6.37,140467,1621617316.12942
503.96,-1.28,0,0,-6.52,140486,1621617316.14994
503.96,-1.28,0,0,-6.67,140507,1621617316.17111
503.96,-1.28,0,0,-6.78,140526,1621617316.18688
503.96,-1.28,0,0,-6.88,140547,1621617316.20855
503.96,-1.28,0,0,-6.95,140566,1621617316.23312
503.96,-1.28,0,0,-7,140587,1621617316.24985
503.96,-1.28,0,0,-7.07,140606,1621617316.27096
503.96,-1.28,0,0,-7.13,140626,1621617316.29142
503.96,-1.28,0,0,-7.22,140646,1621617316.31188
503.96,-1.28,0,0,-7.33,140666,1621617316.33223
503.96,-1.28,0,0,-7.47,140686,1621617316.35195
503.96,-1.28,0,0,-7.6,140706,1621617316.36901
503.96,-1.28,0,0,-7.75,140726,1621617316.38922
503.96,-1.28,0,0,-7.87,140746,1621617316.40951
503.96,-1.28,0,0,-7.98,140767,1621617316.43051
503.96,-1.28,0,0,-8.1,140786,1621617316.45078
503.96,-1.28,0,0,-8.22,140807,1621617316.47076
503.96,-1.28,0,0,-8.33,140826,1621617316.49734
503.96,-1.28,0,0,-8.45,140847,1621617316.51141
503.96,-1.28,0,0,-8.58,140866,1621617316.53133
503.96,-1.28,0,0,-8.72,140887,1621617316.54826
503.96,-1.28,0,0,-8.85,140906,1621617316.56847
503.96,-1.28,0,0,-8.98,140926,1621617316.58908
503.96,-1.28,0,0,-9.12,140946,1621617316.60952
503.96,-1.28,0,0,-9.23,140966,1621617316.63034
503.96,-1.28,0,0,-9.35,140986,1621617316.65104
503.96,-1.28,0,0,-9.47,141006,1621617316.67129
503.96,-1.28,0,0,-9.57,141027,1621617316.6915
503.96,-1.28,0,0,-9.67,141046,1621617316.71238
503.96,-1.28,0,0,-9.78,141067,1621617316.72831
503.96,-1.28,0,0,-9.88,141086,1621617316.74874
503.96,-1.28,0,0,-10.02,141107,1621617316.77024
503.96,-1.28,0,0,-10.13,141126,1621617316.79849
503.96,-1.28,0,0,-10.27,141147,1621617316.81159
503.96,-1.28,0,0,-10.4,141166,1621617316.83031
503.96,-1.28,0,0,-10.53,141187,1621617316.85134
503.96,-1.28,0,0,-10.68,141206,1621617316.87164
503.96,-1.28,0,0,-10.83,141227,1621617316.89178
503.96,-1.28,0,0,-10.97,141247,1621617316.91397
503.96,-1.28,0,0,-11.12,141266,1621617316.92941
503.96,-1.28,0,0,-11.25,141287,1621617316.94955
503.96,-1.28,0,0,-11.38,141306,1621617316.96995
503.96,-1.28,0,0,-11.52,141327,1621617316.99032
503.96,-1.28,0,0,-11.67,141346,1621617317.01168
503.96,-1.28,0,0,-11.8,141367,1621617317.03887
503.96,-1.28,0,0,-11.93,141386,1621617317.05258
503.96,-1.28,0,0,-12.05,141407,1621617317.07232
503.96,-1.28,0,0,-12.17,141426,1621617317.09258
503.96,-1.28,0,0,-12.27,141447,1621617317.10966
503.96,-1.28,0,0,-12.37,141466,1621617317.1299
503.96,-1.28,0,0,-12.47,141487,1621617317.15042
503.96,-1.28,0,0,-12.58,141507,1621617317.171
503.96,-1.28,0,0,-12.7,141527,1621617317.19715
503.96,-1.28,0,0,-12.83,141547,1621617317.2162
503.96,-1.28,0,0,-12.97,141566,1621617317.23212
503.96,-1.28,0,0,-13.1,141586,1621617317.25911
503.96,-1.28,0,0,-13.25,141606,1621617317.27324
503.96,-1.28,0,0,-13.38,141627,1621617317.29012
503.96,-1.28,0,0,-13.53,141646,1621617317.32184
503.96,-1.28,0,0,-13.67,141667,1621617317.33447
503.96,-1.28,0,0,-13.78,141686,1621617317.35167
503.96,-1.28,0,0,-13.92,141707,1621617317.37221
503.96,-1.28,0,0,-14.05,141726,1621617317.39235
503.96,-1.28,0,0,-14.17,141747,1621617317.41244
503.96,-1.28,0,0,-14.3,141766,1621617317.43318
503.96,-1.28,0,0,-14.42,141787,1621617317.4537
503.96,-1.28,0,0,-14.52,141806,1621617317.47914
503.96,-1.28,0,0,-14.63,141827,1621617317.49282
503.96,-1.28,0,0,-14.75,141846,1621617317.51077
503.96,-1.28,0,0,-14.85,141867,1621617317.53104
503.96,-1.28,0,0,-14.95,141886,1621617317.55123
503.96,-1.28,0,0,-15.05,141906,1621617317.57199
503.96,-1.28,0,0,-15.15,141927,1621617317.59233
503.96,-1.28,0,0,-15.25,141946,1621617317.61262
503.96,-1.28,0,0,-15.37,141967,1621617317.6335
503.96,-1.28,0,0,-15.48,141986,1621617317.65039
503.96,-1.28,0,0,-15.62,142007,1621617317.67101
503.96,-1.28,0,0,-15.75,142026,1621617317.6918
503.96,-1.28,0,0,-15.92,142047,1621617317.71456
503.96,-1.28,0,0,-16.08,142066,1621617317.73309
503.96,-1.28,0,0,-16.25,142087,1621617317.75327
503.96,-1.28,0,0,-16.42,142106,1621617317.77402
503.96,-1.28,0,0,-16.58,142127,1621617317.79458
503.96,-1.28,0,0,-16.73,142146,1621617317.8138
503.96,-1.28,0,0,-16.9,142167,1621617317.8296
503.96,-1.28,0,0,-17.03,142186,1621617317.85014
503.96,-1.28,0,0,-17.17,142206,1621617317.87083
503.96,-1.28,0,0,-17.28,142227,1621617317.89117
503.96,-1.28,0,0,-17.4,142246,1621617317.9116
503.96,-1.28,0,0,-17.52,142267,1621617317.93829
503.96,-1.28,0,0,-17.62,142286,1621617317.95389
503.96,-1.28,0,0,-17.72,142307,1621617317.9731
503.96,-1.28,0,0,-17.82,142326,1621617317.9935
503.96,-1.28,0,0,-17.92,142347,1621617318.01008
503.96,-1.28,0,0,-18.02,142366,1621617318.03316
503.96,-1.28,0,0,-18.12,142387,1621617318.05255
503.96,-1.28,0,0,-18.23,142406,1621617318.07201
503.96,-1.28,0,0,-18.35,142427,1621617318.09236
503.96,-1.28,0,0,-18.48,142446,1621617318.11255
503.96,-1.28,0,0,-18.62,142467,1621617318.13967
503.96,-1.28,0,0,-18.78,142486,1621617318.15542
503.96,-1.28,0,0,-18.93,142507,1621617318.17421
503.96,-1.28,0,0,-19.1,142526,1621617318.19105
503.96,-1.28,0,0,-19.25,142546,1621617318.21107
503.96,-1.28,0,0,-19.4,142567,1621617318.23103
503.96,-1.28,0,0,-19.57,142586,1621617318.25247
503.96,-1.28,0,0,-19.73,142607,1621617318.27313
503.96,-1.28,0,0,-19.88,142626,1621617318.29229
503.96,-1.28,0,0,-20.03,142647,1621617318.31331
503.96,-1.28,0,0,-20.15,142666,1621617318.3339
503.96,-1.28,0,0,-20.23,142687,1621617318.35416
503.96,-1.28,0,0,-20.32,142706,1621617318.37103
503.96,-1.28,0,0,-20.4,142727,1621617318.39159
503.96,-1.28,0,0,-20.47,142746,1621617318.41529
503.96,-1.28,0,0,-20.55,142767,1621617318.43924
503.96,-1.28,0,0,-20.63,142786,1621617318.45318
503.96,-1.28,0,0,-20.72,142807,1621617318.48153
503.96,-1.28,0,0,-20.82,142826,1621617318.50293
503.96,-1.28,0,0,-20.93,142846,1621617318.51406
503.96,-1.28,0,0,-21.05,142867,1621617318.53413
503.96,-1.28,0,0,-21.2,142886,1621617318.55532
503.96,-1.28,0,0,-21.35,142907,1621617318.57123
503.96,-1.28,0,0,-21.5,142926,1621617318.5914
503.96,-1.28,0,0,-21.65,142947,1621617318.61205
503.96,-1.28,0,0,-21.78,142966,1621617318.63325
503.96,-1.28,0,0,-21.92,142987,1621617318.65522
503.96,-1.28,0,0,-22.07,143006,1621617318.67552
503.96,-1.28,0,0,-22.2,143027,1621617318.69662
503.96,-1.28,0,0,-22.33,143046,1621617318.71612
503.96,-1.28,0,0,-22.43,143067,1621617318.7363
503.96,-1.28,0,0,-22.53,143086,1621617318.75231
503.96,-1.28,0,0,-22.62,143107,1621617318.77239
503.96,-1.28,0,0,-22.68,143127,1621617318.79557
503.96,-1.28,0,0,-22.75,143147,1621617318.8171
503.96,-1.28,0,0,-22.82,143167,1621617318.83317
503.96,-1.28,0,0,-22.87,143186,1621617318.85367
503.96,-1.28,0,0,-22.93,143207,1621617318.87521
503.96,-1.28,0,0,-22.98,143226,1621617318.89448
503.96,-1.28,0,0,-23.03,143246,1621617318.91142
503.96,-1.28,0,0,-23.1,143266,1621617318.93177
503.96,-1.28,0,0,-23.17,143287,1621617318.95283
503.96,-1.28,0,0,-23.23,143306,1621617318.97372
503.96,-1.28,0,0,-23.32,143326,1621617318.99871
503.96,-1.28,0,0,-23.4,143346,1621617319.01662
503.96,-1.28,0,0,-23.48,143367,1621617319.03568
503.96,-1.28,0,0,-23.57,143386,1621617319.05445
503.96,-1.28,0,0,-23.65,143407,1621617319.07549
503.96,-1.28,0,0,-23.73,143426,1621617319.09144
503.96,-1.28,0,0,-23.82,143447,1621617319.11236
503.96,-1.28,0,0,-23.9,143467,1621617319.13249
503.96,-1.28,0,0,-23.98,143486,1621617319.15392
503.96,-1.28,0,0,-24.05,143506,1621617319.17514
503.96,-1.28,0,0,-24.12,143526,1621617319.19451
503.96,-1.28,0,0,-24.17,143546,1621617319.21514
503.96,-1.28,0,0,-24.23,143566,1621617319.23627
503.96,-1.28,0,0,-24.32,143586,1621617319.25683
503.96,-1.28,0,0,-24.38,143606,1621617319.27681
503.96,-1.28,0,0,-24.47,143627,1621617319.29545
503.96,-1.28,0,0,-24.55,143646,1621617319.3139
503.96,-1.28,0,0,-24.63,143667,1621617319.33417
503.96,-1.28,0,0,-24.72,143686,1621617319.35439
503.96,-1.28,0,0,-24.8,143707,1621617319.37479
503.96,-1.28,0,0,-24.87,143726,1621617319.39535
503.96,-1.28,0,0,-24.95,143747,1621617319.41556
503.96,-1.28,0,0,-25.02,143767,1621617319.43621
503.96,-1.28,0,0,-25.08,143787,1621617319.45596
503.96,-1.28,0,0,-25.15,143807,1621617319.47224
503.96,-1.28,0,0,-25.2,143826,1621617319.49304
503.96,-1.28,0,0,-25.27,143846,1621617319.52343
503.96,-1.28,0,0,-25.32,143866,1621617319.53669
503.96,-1.28,0,0,-25.38,143886,1621617319.55469
503.96,-1.28,0,0,-25.47,143906,1621617319.57447
503.96,-1.28,0,0,-25.53,143927,1621617319.5957
503.96,-1.28,0,0,-25.62,143946,1621617319.61682
503.96,-1.28,0,0,-25.72,143967,1621617319.63625
503.96,-1.28,0,0,-25.8,143986,1621617319.65303
503.96,-1.28,0,0,-25.88,144007,1621617319.67329
503.96,-1.28,0,0,-25.97,144026,1621617319.69431
503.96,-1.28,0,0,-26.05,144047,1621617319.72123
503.96,-1.28,0,0,-26.1,144066,1621617319.73722
503.96,-1.28,0,0,-26.17,144087,1621617319.75523
503.96,-1.28,0,0,-26.22,144107,1621617319.77552
503.96,-1.28,0,0,-26.27,144126,1621617319.80069
503.96,-1.28,0,0,-26.32,144146,1621617319.81757
503.96,-1.28,0,0,-26.35,144166,1621617319.83229
503.96,-1.28,0,0,-26.4,144187,1621617319.85393
503.96,-1.28,0,0,-26.43,144206,1621617319.8748
503.96,-1.28,0,0,-26.48,144227,1621617319.89502
503.96,-1.28,0,0,-26.52,144246,1621617319.9184
503.96,-1.28,0,0,-26.55,144267,1621617319.93844
503.96,-1.28,0,0,-26.58,144286,1621617319.95629
503.96,-1.28,0,0,-26.62,144307,1621617319.97555
503.96,-1.28,0,0,-26.65,144326,1621617319.99618
503.96,-1.28,0,0,-26.7,144347,1621617320.01448
503.96,-1.28,0,0,-26.75,144367,1621617320.03307
503.96,-1.28,0,0,-26.8,144387,1621617320.05547
503.96,-1.28,0,0,-26.85,144406,1621617320.07796
503.96,-1.28,0,0,-26.92,144427,1621617320.09881
503.96,-1.28,0,0,-26.98,144446,1621617320.11717
503.96,-1.28,0,0,-27.07,144466,1621617320.13546
503.96,-1.28,0,0,-27.15,144487,1621617320.1568
503.96,-1.28,0,0,-27.25,144506,1621617320.17688
503.96,-1.28,0,0,-27.33,144527,1621617320.19417
503.96,-1.28,0,0,-27.45,144546,1621617320.21616
503.96,-1.28,0,0,-27.55,144567,1621617320.23635
503.96,-1.28,0,0,-27.65,144586,1621617320.25641
503.96,-1.28,0,0,-27.73,144607,1621617320.2769
503.96,-1.28,0,0,-27.8,144626,1621617320.29702
503.96,-1.28,0,0,-27.88,144647,1621617320.31752
503.96,-1.28,0,0,-27.95,144666,1621617320.33661
503.96,-1.28,0,0,-28.02,144687,1621617320.35781
503.96,-1.28,0,0,-28.07,144706,1621617320.37825
503.96,-1.28,0,0,-28.13,144727,1621617320.39434
503.96,-1.28,0,0,-28.2,144746,1621617320.41466
503.96,-1.28,0,0,-28.25,144766,1621617320.43538
503.96,-1.28,0,0,-28.32,144786,1621617320.45625
503.96,-1.28,0,0,-28.37,144806,1621617320.47768
503.96,-1.28,0,0,-28.42,144827,1621617320.49846
503.96,-1.28,0,0,-28.45,144846,1621617320.52459
503.96,-1.28,0,0,-28.52,144867,1621617320.53833
503.96,-1.28,0,0,-28.57,144886,1621617320.55424
503.96,-1.28,0,0,-28.62,144907,1621617320.57428
503.96,-1.28,0,0,-28.68,144926,1621617320.5947
503.96,-1.28,0,0,-28.75,144947,1621617320.61495
503.96,-1.28,0,0,-28.83,144966,1621617320.64641
503.96,-1.28,0,0,-28.92,144987,1621617320.66
503.96,-1.28,0,0,-29,145006,1621617320.67747
503.96,-1.28,0,0,-29.12,145027,1621617320.69741
503.96,-1.28,0,0,-29.22,145046,1621617320.7175
503.96,-1.28,0,0,-29.32,145067,1621617320.73868
503.96,-1.28,0,0,-29.43,145087,1621617320.75578
503.96,-1.28,0,0,-29.53,145106,1621617320.7759
503.96,-1.28,0,0,-29.63,145127,1621617320.79596
503.96,-1.28,0,0,-29.73,145146,1621617320.81718
503.96,-1.28,0,0,-29.8,145167,1621617320.8368
503.96,-1.28,0,0,-29.88,145186,1621617320.85699
503.96,-1.28,0,0,-29.95,145207,1621617320.87751
503.96,-1.28,0,0,-30.02,145226,1621617320.89756
503.96,-1.28,0,0,-30.08,145247,1621617320.92133
503.96,-1.28,0,0,-30.15,145266,1621617320.93535
503.96,-1.28,0,0,-30.2,145287,1621617320.96287
503.96,-1.28,0,0,-30.27,145306,1621617320.97611
503.96,-1.28,0,0,-30.32,145327,1621617320.99624
503.96,-1.28,0,0,-30.38,145346,1621617321.01643
503.96,-1.28,0,0,-30.43,145367,1621617321.03756
503.96,-1.28,0,0,-30.5,145386,1621617321.05793
503.96,-1.28,0,0,-30.55,145406,1621617321.07812
503.96,-1.28,0,0,-30.6,145426,1621617321.09851
503.96,-1.28,0,0,-30.63,145446,1621617321.11519
503.96,-1.28,0,0,-30.7,145467,1621617321.13541
503.96,-1.28,0,0,-30.73,145486,1621617321.1559
503.96,-1.28,0,0,-30.78,145506,1621617321.17747
503.96,-1.28,0,0,-30.83,145526,1621617321.19802
503.96,-1.28,0,0,-30.87,145547,1621617321.21825
503.96,-1.28,0,0,-30.92,145566,1621617321.23879
503.96,-1.28,0,0,-30.97,145587,1621617321.25902
503.96,-1.28,0,0,-31.02,145607,1621617321.27926
503.96,-1.28,0,0,-31.07,145627,1621617321.29607
503.96,-1.28,0,0,-31.12,145646,1621617321.31574
503.96,-1.28,0,0,-31.17,145667,1621617321.33609
503.96,-1.28,0,0,-31.2,145687,1621617321.3577
503.96,-1.28,0,0,-31.25,145707,1621617321.37804
503.96,-1.28,0,0,-31.3,145726,1621617321.39854
503.96,-1.28,0,0,-31.33,145746,1621617321.41847
503.96,-1.28,0,0,-31.38,145766,1621617321.43874
503.96,-1.28,0,0,-31.43,145786,1621617321.45916
503.96,-1.28,0,0,-31.47,145807,1621617321.47615
503.96,-1.28,0,0,-31.52,145826,1621617321.49617
503.96,-1.28,0,0,-31.55,145847,1621617321.51716
503.96,-1.28,0,0,-31.6,145866,1621617321.53741
503.96,-1.28,0,0,-31.65,145886,1621617321.55772
503.96,-1.28,0,0,-31.7,145906,1621617321.57827
503.96,-1.28,0,0,-31.75,145927,1621617321.60402
503.96,-1.28,0,0,-31.8,145946,1621617321.61918
503.96,-1.28,0,0,-31.85,145967,1621617321.64318
503.96,-1.28,0,0,-31.92,145986,1621617321.65666
503.96,-1.28,0,0,-31.97,146007,1621617321.6767
503.96,-1.28,0,0,-32.03,146026,1621617321.69762
503.96,-1.28,0,0,-32.1,146046,1621617321.71753
503.96,-1.28,0,0,-32.17,146066,1621617321.73782
503.96,-1.28,0,0,-32.23,146086,1621617321.75814
503.96,-1.28,0,0,-32.28,146107,1621617321.77855
503.96,-1.28,0,0,-32.35,146126,1621617321.79875
503.96,-1.28,0,0,-32.4,146147,1621617321.81907
503.96,-1.28,0,0,-32.47,146166,1621617321.83601
503.96,-1.28,0,0,-32.53,146187,1621617321.85661
503.96,-1.28,0,0,-32.6,146206,1621617321.87692
503.96,-1.28,0,0,-32.65,146227,1621617321.8976
503.96,-1.28,0,0,-32.72,146246,1621617321.91806
503.96,-1.28,0,0,-32.8,146267,1621617321.93839
503.96,-1.28,0,0,-32.88,146286,1621617321.95908
503.96,-1.28,0,0,-32.97,146307,1621617321.97926
503.96,-1.28,0,0,-33.07,146326,1621617322.00059
503.96,-1.28,0,0,-33.18,146347,1621617322.01714
503.96,-1.28,0,0,-33.33,146366,1621617322.03715
503.96,-1.28,0,0,-33.47,146386,1621617322.05754
503.96,-1.28,0,0,-33.6,146406,1621617322.08603
503.96,-1.28,0,0,-33.72,146426,1621617322.10262
503.96,-1.28,0,0,-33.82,146447,1621617322.11894
503.96,-1.28,0,0,-33.88,146466,1621617322.13927
503.96,-1.28,0,0,-33.95,146487,1621617322.15958
503.96,-1.28,0,0,-34.02,146506,1621617322.18002
503.96,-1.28,0,0,-34.05,146527,1621617322.19544
503.96,-1.28,0,0,-34.08,146546,1621617322.21705
503.96,-1.28,0,0,-34.12,146567,1621617322.23749
503.96,-1.28,0,0,-34.15,146586,1621617322.26343
503.96,-1.28,0,0,-34.18,146607,1621617322.28405
503.96,-1.28,0,0,-34.22,146626,1621617322.29927
503.96,-1.28,0,0,-34.25,146647,1621617322.32516
503.96,-1.28,0,0,-34.27,146667,1621617322.33988
503.96,-1.28,0,0,-34.3,146686,1621617322.3611
503.96,-1.28,0,0,-34.33,146707,1621617322.37721
503.96,-1.28,0,0,-34.35,146726,1621617322.39778
503.96,-1.28,0,0,-34.38,146746,1621617322.41834
503.96,-1.28,0,0,-34.4,146767,1621617322.44672
503.96,-1.28,0,0,-34.43,146787,1621617322.45876
503.96,-1.28,0,0,-34.47,146806,1621617322.47911
503.96,-1.28,0,0,-34.48,146827,1621617322.4996
503.96,-1.28,0,0,-34.52,146846,1621617322.52236
503.96,-1.28,0,0,-34.55,146867,1621617322.54201
503.96,-1.28,0,0,-34.58,146886,1621617322.55791
503.96,-1.28,0,0,-34.6,146907,1621617322.57786
503.96,-1.28,0,0,-34.63,146926,1621617322.59846
503.96,-1.28,0,0,-34.67,146947,1621617322.61936
503.96,-1.28,0,0,-34.7,146966,1621617322.63914
503.96,-1.28,0,0,-34.73,146987,1621617322.66019
503.96,-1.28,0,0,-34.77,147006,1621617322.68081
503.96,-1.28,0,0,-34.8,147026,1621617322.70128
503.96,-1.28,0,0,-34.85,147046,1621617322.72228
503.96,-1.28,0,0,-34.9,147066,1621617322.74148
503.96,-1.28,0,0,-34.95,147087,1621617322.75813
503.96,-1.28,0,0,-35,147106,1621617322.77865
503.96,-1.28,0,0,-35.05,147127,1621617322.79904
503.96,-1.28,0,0,-35.12,147146,1621617322.81936
503.96,-1.28,0,0,-35.2,147167,1621617322.83989
503.96,-1.28,0,0,-35.27,147186,1621617322.85967
503.96,-1.28,0,0,-35.33,147207,1621617322.8797
503.96,-1.28,0,0,-35.42,147226,1621617322.9013
503.96,-1.28,0,0,-35.5,147247,1621617322.92092
503.96,-1.28,0,0,-35.58,147266,1621617322.93757
503.96,-1.28,0,0,-35.65,147287,1621617322.9586
503.96,-1.28,0,0,-35.73,147306,1621617322.97883
503.96,-1.28,0,0,-35.8,147326,1621617322.99924
503.96,-1.28,0,0,-35.88,147347,1621617323.02386
503.96,-1.28,0,0,-35.95,147366,1621617323.04243
503.96,-1.28,0,0,-36.03,147387,1621617323.06123
503.96,-1.28,0,0,-36.1,147406,1621617323.08214
503.96,-1.28,0,0,-36.17,147426,1621617323.09758
503.96,-1.28,0,0,-36.23,147446,1621617323.1185
503.96,-1.28,0,0,-36.3,147467,1621617323.13825
503.96,-1.28,0,0,-36.35,147487,1621617323.15965
503.96,-1.28,0,0,-36.4,147507,1621617323.18016
503.96,-1.28,0,0,-36.43,147526,1621617323.20153
503.96,-1.28,0,0,-36.48,147547,1621617323.22198
503.96,-1.28,0,0,-36.52,147566,1621617323.24153
503.96,-1.28,0,0,-36.57,147587,1621617323.26142
503.96,-1.28,0,0,-36.62,147607,1621617323.28179
503.96,-1.28,0,0,-36.67,147627,1621617323.29853
503.96,-1.28,0,0,-36.72,147646,1621617323.31882
503.96,-1.28,0,0,-36.78,147666,1621617323.34026
503.96,-1.28,0,0,-36.83,147686,1621617323.36043
503.96,-1.28,0,0,-36.88,147706,1621617323.38058
503.96,-1.28,0,0,-36.93,147727,1621617323.40694
503.96,-1.28,0,0,-36.97,147746,1621617323.42635
503.96,-1.28,0,0,-37.02,147767,1621617323.44127
503.96,-1.28,0,0,-37.05,147786,1621617323.46139
503.96,-1.28,0,0,-37.08,147807,1621617323.48181
503.96,-1.28,0,0,-37.13,147826,1621617323.49954
503.96,-1.28,0,0,-37.17,147847,1621617323.51957
503.96,-1.28,0,0,-37.2,147867,1621617323.53983
503.96,-1.28,0,0,-37.25,147887,1621617323.56001
503.96,-1.28,0,0,-37.3,147906,1621617323.58112
503.96,-1.28,0,0,-37.35,147927,1621617323.6012
503.96,-1.28,0,0,-37.4,147946,1621617323.62122
503.96,-1.28,0,0,-37.45,147966,1621617323.63763
503.96,-1.28,0,0,-37.5,147986,1621617323.65879
503.96,-1.28,0,0,-37.55,148006,1621617323.67894
503.96,-1.28,0,0,-37.62,148027,1621617323.70031
503.96,-1.28,0,0,-37.68,148046,1621617323.72973
503.96,-1.28,0,0,-37.75,148067,1621617323.74111
503.96,-1.28,0,0,-37.8,148086,1621617323.76135
503.96,-1.28,0,0,-37.85,148107,1621617323.7816
503.96,-1.28,0,0,-37.92,148126,1621617323.80223
503.96,-1.28,0,0,-37.97,148147,1621617323.82276
503.96,-1.28,0,0,-38.03,148166,1621617323.83858
503.96,-1.28,0,0,-38.1,148187,1621617323.8588
503.96,-1.28,0,0,-38.15,148207,1621617323.88015
503.96,-1.28,0,0,-38.18,148227,1621617323.90083
503.96,-1.28,0,0,-38.23,148246,1621617323.92203
503.96,-1.28,0,0,-38.28,148267,1621617323.94295
503.96,-1.28,0,0,-38.32,148286,1621617323.96319
503.96,-1.28,0,0,-38.37,148306,1621617323.98313
503.96,-1.28,0,0,-38.43,148327,1621617324.00345
503.96,-1.28,0,0,-38.48,148346,1621617324.02398
503.96,-1.28,0,0,-38.55,148367,1621617324.03946
503.96,-1.28,0,0,-38.6,148386,1621617324.06101
503.96,-1.28,0,0,-38.67,148407,1621617324.08143
503.96,-1.28,0,0,-38.73,148426,1621617324.10181
503.96,-1.28,0,0,-38.8,148447,1621617324.12214
503.96,-1.28,0,0,-38.87,148466,1621617324.14263
503.96,-1.28,0,0,-38.95,148487,1621617324.16305
503.96,-1.28,0,0,-39,148506,1621617324.18356
503.96,-1.28,0,0,-39.07,148527,1621617324.19948
503.96,-1.28,0,0,-39.12,148546,1621617324.21955
503.96,-1.28,0,0,-39.18,148567,1621617324.25031
503.96,-1.28,0,0,-39.23,148586,1621617324.26298
503.96,-1.28,0,0,-39.28,148606,1621617324.28169
503.96,-1.28,0,0,-39.33,148627,1621617324.30099
503.96,-1.28,0,0,-39.38,148646,1621617324.32193
503.96,-1.28,0,0,-39.42,148667,1621617324.34785
503.96,-1.28,0,0,-39.45,148686,1621617324.36354
503.96,-1.28,0,0,-39.48,148707,1621617324.37959
503.96,-1.28,0,0,-39.53,148726,1621617324.40043
503.96,-1.28,0,0,-39.57,148747,1621617324.42049
503.96,-1.28,0,0,-39.6,148766,1621617324.44109
503.96,-1.28,0,0,-39.63,148787,1621617324.46152
503.96,-1.28,0,0,-39.67,148806,1621617324.48187
503.96,-1.28,0,0,-39.68,148827,1621617324.50391
503.96,-1.28,0,0,-39.72,148846,1621617324.53313
503.96,-1.28,0,0,-39.75,148867,1621617324.54702
503.96,-1.28,0,0,-39.77,148886,1621617324.55935
503.96,-1.28,0,0,-39.8,148907,1621617324.57974
503.96,-1.28,0,0,-39.82,148926,1621617324.59978
503.96,-1.28,0,0,-39.85,148946,1621617324.63047
503.96,-1.28,0,0,-39.88,148967,1621617324.64322
503.96,-1.28,0,0,-39.9,148986,1621617324.66426
503.96,-1.28,0,0,-39.93,149007,1621617324.68191
503.96,-1.28,0,0,-39.95,149026,1621617324.70668
503.96,-1.28,0,0,-39.97,149046,1621617324.72436
503.96,-1.28,0,0,-39.98,149066,1621617324.74032
503.96,-1.28,0,0,-39.98,149087,1621617324.75952
503.96,-1.28,0,0,-40.02,149107,1621617324.78642
503.96,-1.28,0,0,-40.03,149127,1621617324.80532
503.96,-1.28,0,0,-40.05,149146,1621617324.82222
503.96,-1.28,0,0,-40.07,149167,1621617324.84169
503.96,-1.28,0,0,-40.1,149186,1621617324.86268
503.96,-1.28,0,0,-40.12,149207,1621617324.88299
503.96,-1.28,0,0,-40.15,149227,1621617324.90397
503.96,-1.28,0,0,-40.17,149246,1621617324.92063
503.96,-1.28,0,0,-40.2,149267,1621617324.94155
503.96,-1.28,0,0,-40.23,149286,1621617324.96205
503.96,-1.28,0,0,-40.25,149306,1621617324.98212
503.96,-1.28,0,0,-40.28,149326,1621617325.00269
503.96,-1.28,0,0,-40.3,149346,1621617325.02369
503.96,-1.28,0,0,-40.33,149366,1621617325.04377
503.96,-1.28,0,0,-40.37,149387,1621617325.06412
503.96,-1.28,0,0,-40.4,149406,1621617325.08484
503.96,-1.28,0,0,-40.42,149427,1621617325.11122
503.96,-1.28,0,0,-40.45,149446,1621617325.12183
503.96,-1.28,0,0,-40.5,149467,1621617325.1446
503.96,-1.28,0,0,-40.53,149487,1621617325.16222
503.96,-1.28,0,0,-40.58,149507,1621617325.18226
503.96,-1.28,0,0,-40.63,149526,1621617325.20352
503.96,-1.28,0,0,-40.68,149547,1621617325.22381
503.96,-1.28,0,0,-40.73,149566,1621617325.24375
503.96,-1.28,0,0,-40.77,149586,1621617325.26474
503.96,-1.28,0,0,-40.82,149607,1621617325.28504
503.96,-1.28,0,0,-40.85,149626,1621617325.3015
503.96,-1.28,0,0,-40.9,149646,1621617325.32157
503.96,-1.28,0,0,-40.93,149666,1621617325.34262
503.96,-1.28,0,0,-40.97,149686,1621617325.36385
503.96,-1.28,0,0,-41,149706,1621617325.3843
503.96,-1.28,0,0,-41.03,149727,1621617325.40494
503.96,-1.28,0,0,-41.07,149746,1621617325.42522
503.96,-1.28,0,0,-41.08,149767,1621617325.44443
503.96,-1.28,0,0,-41.1,149786,1621617325.46487
503.96,-1.28,0,0,-41.13,149807,1621617325.48172
503.96,-1.28,0,0,-41.15,149826,1621617325.50226
503.96,-1.28,0,0,-41.18,149847,1621617325.52319
503.96,-1.28,0,0,-41.2,149867,1621617325.55272
503.96,-1.28,0,0,-41.23,149886,1621617325.56718
503.96,-1.28,0,0,-41.27,149907,1621617325.58299
503.96,-1.28,0,0,-41.28,149926,1621617325.60364
503.96,-1.28,0,0,-41.3,149946,1621617325.62469
503.96,-1.28,0,0,-41.32,149966,1621617325.64491
503.96,-1.28,0,0,-41.33,149987,1621617325.66495
503.96,-1.28,0,0,-41.37,150006,1621617325.68201
503.96,-1.28,0,0,-41.4,150027,1621617325.70259
503.96,-1.28,0,0,-41.42,150046,1621617325.72275
503.96,-1.28,0,0,-41.45,150067,1621617325.74444
503.96,-1.28,0,0,-41.48,150086,1621617325.76384
503.96,-1.28,0,0,-41.52,150107,1621617325.7853
503.96,-1.28,0,0,-41.55,150126,1621617325.80586
503.96,-1.28,0,0,-41.58,150147,1621617325.82675
503.96,-1.28,0,0,-41.62,150167,1621617325.84629
503.96,-1.28,0,0,-41.63,150187,1621617325.86302
503.96,-1.28,0,0,-41.67,150207,1621617325.88371
503.96,-1.28,0,0,-41.7,150226,1621617325.90345
503.96,-1.28,0,0,-41.72,150246,1621617325.9261
503.96,-1.28,0,0,-41.73,150266,1621617325.94532
503.96,-1.28,0,0,-41.75,150287,1621617325.9655
503.96,-1.28,0,0,-41.75,150306,1621617325.98611
503.96,-1.28,0,0,-41.78,150327,1621617326.00629
503.96,-1.28,0,0,-41.8,150346,1621617326.02861
503.96,-1.28,0,0,-41.82,150367,1621617326.04298
503.96,-1.28,0,0,-41.83,150386,1621617326.06314
503.96,-1.28,0,0,-41.85,150407,1621617326.08359
503.96,-1.28,0,0,-41.87,150427,1621617326.10358
503.96,-1.28,0,0,-41.88,150447,1621617326.12519
503.96,-1.28,0,0,-41.9,150466,1621617326.14496
503.96,-1.28,0,0,-41.9,150487,1621617326.16585
503.96,-1.28,0,0,-41.92,150506,1621617326.18629
503.96,-1.28,0,0,-41.93,150526,1621617326.21153
503.96,-1.28,0,0,-41.95,150546,1621617326.22793
503.96,-1.28,0,0,-41.97,150566,1621617326.24517
503.96,-1.28,0,0,-41.98,150586,1621617326.26484
503.96,-1.28,0,0,-41.98,150606,1621617326.28531
503.96,-1.28,0,0,-42,150627,1621617326.30514
503.96,-1.28,0,0,-42.02,150646,1621617326.32785
503.96,-1.28,0,0,-42.02,150667,1621617326.3462
503.96,-1.28,0,0,-42.03,150686,1621617326.36658
503.96,-1.28,0,0,-42.07,150707,1621617326.39352
503.96,-1.28,0,0,-42.08,150727,1621617326.40599
503.96,-1.28,0,0,-42.1,150747,1621617326.42389
503.96,-1.28,0,0,-42.12,150766,1621617326.44409
503.96,-1.28,0,0,-42.13,150787,1621617326.4645
503.96,-1.28,0,0,-42.15,150807,1621617326.48511
503.96,-1.28,0,0,-42.17,150827,1621617326.50546
503.96,-1.28,0,0,-42.18,150846,1621617326.52635
503.96,-1.28,0,0,-42.22,150866,1621617326.54638
503.96,-1.28,0,0,-42.23,150886,1621617326.5632
503.96,-1.28,0,0,-42.27,150906,1621617326.5836
503.96,-1.28,0,0,-42.3,150926,1621617326.60518
503.96,-1.28,0,0,-42.33,150946,1621617326.62677
503.96,-1.28,0,0,-42.37,150967,1621617326.64737
503.96,-1.28,0,0,-42.4,150986,1621617326.66552
503.96,-1.28,0,0,-42.43,151006,1621617326.68517
503.96,-1.28,0,0,-42.47,151027,1621617326.70533
503.96,-1.28,0,0,-42.52,151047,1621617326.72654
503.96,-1.28,0,0,-42.55,151067,1621617326.74709
503.96,-1.28,0,0,-42.58,151087,1621617326.76308
503.96,-1.28,0,0,-42.62,151106,1621617326.78434
503.96,-1.28,0,0,-42.65,151127,1621617326.80496
503.96,-1.28,0,0,-42.7,151146,1621617326.82643
503.96,-1.28,0,0,-42.73,151166,1621617326.8499
503.96,-1.28,0,0,-42.77,151186,1621617326.86497
503.96,-1.28,0,0,-42.8,151206,1621617326.88515
503.96,-1.28,0,0,-42.83,151226,1621617326.90651
503.96,-1.28,0,0,-42.87,151246,1621617326.92662
503.96,-1.28,0,0,-42.9,151266,1621617326.94376
503.96,-1.28,0,0,-42.92,151286,1621617326.96448
503.96,-1.28,0,0,-42.93,151307,1621617326.9848
503.96,-1.28,0,0,-42.93,151327,1621617327.00471
503.96,-1.28,0,0,-42.95,151347,1621617327.02554
503.96,-1.28,0,0,-42.95,151366,1621617327.04665
503.96,-1.28,0,0,-42.95,151387,1621617327.06723
503.96,-1.28,0,0,-42.97,151406,1621617327.08775
503.96,-1.28,0,0,-42.97,151427,1621617327.10839
503.96,-1.28,0,0,-42.98,151446,1621617327.12561
503.96,-1.28,0,0,-42.98,151467,1621617327.14536
503.96,-1.28,0,0,-42.98,151486,1621617327.16568
503.96,-1.28,0,0,-43,151506,1621617327.18575
503.96,-1.28,0,0,-43,151527,1621617327.2069
503.96,-1.28,0,0,-43,151546,1621617327.22794
503.96,-1.28,0,0,-43.02,151567,1621617327.24733
503.96,-1.28,0,0,-43.02,151586,1621617327.26782
503.96,-1.28,0,0,-43.02,151606,1621617327.28811
503.96,-1.28,0,0,-43.03,151626,1621617327.30621
503.96,-1.28,0,0,-43.03,151646,1621617327.326
503.96,-1.28,0,0,-43.05,151666,1621617327.34604
503.96,-1.28,0,0,-43.07,151687,1621617327.36611
503.96,-1.28,0,0,-43.07,151707,1621617327.38627
503.96,-1.28,0,0,-43.08,151727,1621617327.40957
503.96,-1.28,0,0,-43.08,151746,1621617327.42823
503.96,-1.28,0,0,-43.1,151767,1621617327.4481
503.96,-1.28,0,0,-43.1,151786,1621617327.46846
503.96,-1.28,0,0,-43.1,151806,1621617327.48456
503.96,-1.28,0,0,-43.12,151826,1621617327.50593
503.96,-1.28,0,0,-43.12,151846,1621617327.52602
503.96,-1.28,0,0,-43.13,151867,1621617327.54618
503.96,-1.28,0,0,-43.13,151886,1621617327.5664
503.96,-1.28,0,0,-43.15,151906,1621617327.58669
503.96,-1.28,0,0,-43.15,151926,1621617327.60853
503.96,-1.28,0,0,-43.17,151946,1621617327.6273
503.96,-1.28,0,0,-43.17,151966,1621617327.64394
503.96,-1.28,0,0,-43.18,151987,1621617327.66535
503.96,-1.28,0,0,-43.18,152006,1621617327.68578
503.96,-1.28,0,0,-43.18,152027,1621617327.70834
503.96,-1.28,0,0,-43.2,152047,1621617327.72803
503.96,-1.28,0,0,-43.2,152067,1621617327.74823
503.96,-1.28,0,0,-43.22,152086,1621617327.76871
503.96,-1.28,0,0,-43.23,152107,1621617327.78935
503.96,-1.28,0,0,-43.23,152126,1621617327.80811
503.96,-1.28,0,0,-43.25,152146,1621617327.82818
503.96,-1.28,0,0,-43.27,152167,1621617327.84867
503.96,-1.28,0,0,-43.27,152186,1621617327.8645
503.96,-1.28,0,0,-43.28,152206,1621617327.88569
503.96,-1.28,0,0,-43.3,152226,1621617327.90782
503.96,-1.28,0,0,-43.32,152247,1621617327.92799
503.96,-1.28,0,0,-43.33,152266,1621617327.94819
503.96,-1.28,0,0,-43.35,152287,1621617327.96879
503.96,-1.28,0,0,-43.35,152306,1621617327.98825
503.96,-1.28,0,0,-43.35,152327,1621617328.01038
503.96,-1.28,0,0,-43.37,152346,1621617328.0261
503.96,-1.28,0,0,-43.37,152366,1621617328.04613
503.96,-1.28,0,0,-43.37,152386,1621617328.06669
503.96,-1.28,0,0,-43.38,152407,1621617328.08696
503.96,-1.28,0,0,-43.38,152426,1621617328.10797
503.96,-1.28,0,0,-43.4,152446,1621617328.13041
503.96,-1.28,0,0,-43.4,152467,1621617328.14918
503.96,-1.28,0,0,-43.4,152486,1621617328.16843
503.96,-1.28,0,0,-43.42,152506,1621617328.18917
503.96,-1.28,0,0,-43.42,152526,1621617328.20603
503.96,-1.28,0,0,-43.43,152546,1621617328.22614
503.96,-1.28,0,0,-43.45,152566,1621617328.24654
503.96,-1.28,0,0,-43.47,152587,1621617328.267
503.96,-1.28,0,0,-43.48,152606,1621617328.28766
503.96,-1.28,0,0,-43.5,152626,1621617328.3079
503.96,-1.28,0,0,-43.53,152646,1621617328.32807
503.96,-1.28,0,0,-43.55,152667,1621617328.34824
503.96,-1.28,0,0,-43.57,152686,1621617328.36971
503.96,-1.28,0,0,-43.57,152707,1621617328.38563
503.96,-1.28,0,0,-43.58,152726,1621617328.40723
503.96,-1.28,0,0,-43.6,152747,1621617328.42712
503.96,-1.28,0,0,-43.62,152767,1621617328.44736
503.96,-1.28,0,0,-43.63,152786,1621617328.46785
503.96,-1.28,0,0,-43.65,152806,1621617328.48847
503.96,-1.28,0,0,-43.67,152826,1621617328.50878
503.96,-1.28,0,0,-43.68,152846,1621617328.52927
503.96,-1.28,0,0,-43.72,152866,1621617328.55062
503.96,-1.28,0,0,-43.73,152887,1621617328.56952
503.96,-1.28,0,0,-43.75,152906,1621617328.58632
503.96,-1.28,0,0,-43.77,152926,1621617328.60654
503.96,-1.28,0,0,-43.8,152946,1621617328.62795
503.96,-1.28,0,0,-43.82,152967,1621617328.64847
503.96,-1.28,0,0,-43.85,152986,1621617328.66781
503.96,-1.28,0,0,-43.88,153007,1621617328.68933
503.96,-1.28,0,0,-43.92,153026,1621617328.71026
503.96,-1.28,0,0,-43.97,153047,1621617328.72964
503.96,-1.28,0,0,-44,153066,1621617328.74985
503.96,-1.28,0,0,-44.02,153086,1621617328.76664
503.96,-1.28,0,0,-44.03,153106,1621617328.78675
503.96,-1.28,0,0,-44.03,153126,1621617328.80877
503.96,-1.28,0,0,-44.05,153146,1621617328.82871
503.96,-1.28,0,0,-44.05,153166,1621617328.84872
503.96,-1.28,0,0,-44.05,153186,1621617328.86915
503.96,-1.28,0,0,-44.05,153206,1621617328.88996
503.96,-1.28,0,0,-44.05,153227,1621617328.91089
503.96,-1.28,0,0,-44.05,153246,1621617328.92664
503.96,-1.28,0,0,-44.05,153267,1621617328.94653
503.96,-1.28,0,0,-44.03,153286,1621617328.96699
503.96,-1.28,0,0,-43.98,153307,1621617328.98735
503.96,-1.28,0,0,-43.9,153326,1621617329.00786
503.96,-1.28,0,0,-43.8,153347,1621617329.02956
503.96,-1.28,0,0,-43.67,153366,1621617329.04929
503.96,-1.28,0,0,-43.53,153387,1621617329.06977
503.96,-1.28,0,0,-43.38,153407,1621617329.08995
503.96,-1.28,0,0,-43.2,153426,1621617329.11135
503.96,-1.28,0,0,-43.03,153447,1621617329.12788
503.96,-1.28,0,0,-42.85,153466,1621617329.14745
503.96,-1.28,0,0,-42.65,153487,1621617329.16801
503.96,-1.28,0,0,-42.45,153506,1621617329.18901
503.96,-1.28,0,0,-42.27,153527,1621617329.20952
503.96,-1.28,0,0,-42.07,153546,1621617329.22986
503.96,-1.28,0,0,-41.87,153567,1621617329.24988
503.96,-1.28,0,0,-41.67,153586,1621617329.27583
503.96,-1.28,0,0,-41.48,153607,1621617329.29024
503.96,-1.28,0,0,-41.33,153626,1621617329.30812
503.96,-1.28,0,0,-41.17,153647,1621617329.32757
503.96,-1.28,0,0,-41,153667,1621617329.34788
503.96,-1.28,0,0,-40.83,153687,1621617329.36834
503.96,-1.28,0,0,-40.7,153706,1621617329.38923
503.96,-1.28,0,0,-40.58,153726,1621617329.40995
503.96,-1.28,0,0,-40.48,153747,1621617329.4302
503.96,-1.28,0,0,-40.4,153766,1621617329.45016
503.96,-1.28,0,0,-40.33,153787,1621617329.47131
503.96,-1.28,0,0,-40.27,153806,1621617329.48718
503.96,-1.28,0,0,-40.22,153826,1621617329.50784
503.96,-1.28,0,0,-40.2,153847,1621617329.52897
503.96,-1.28,0,0,-40.2,153867,1621617329.54944
503.96,-1.28,0,0,-40.2,153887,1621617329.56953
503.96,-1.28,0,0,-40.18,153907,1621617329.5901
503.96,-1.28,0,0,-40.18,153926,1621617329.61009
503.96,-1.28,0,0,-40.18,153947,1621617329.63095
503.96,-1.28,0,0,-40.18,153966,1621617329.65089
503.96,-1.28,0,0,-40.18,153987,1621617329.66778
503.96,-1.28,0,0,-40.18,154006,1621617329.68833
503.96,-1.28,0,0,-40.18,154027,1621617329.70948
503.96,-1.28,0,0,-40.18,154046,1621617329.73158
503.96,-1.28,0,0,-40.18,154066,1621617329.75139
503.96,-1.28,0,0,-40.17,154086,1621617329.77113
503.96,-1.28,0,0,-40.17,154106,1621617329.79374
503.96,-1.28,0,0,-40.17,154126,1621617329.81121
503.96,-1.28,0,0,-40.17,154146,1621617329.8319
503.96,-1.28,0,0,-40.17,154166,1621617329.84706
503.96,-1.28,0,0,-40.17,154186,1621617329.8676
503.96,-1.28,0,0,-40.17,154206,1621617329.88823
503.96,-1.28,0,0,-40.17,154226,1621617329.90914
503.96,-1.28,0,0,-40.17,154247,1621617329.9292
503.96,-1.28,0,0,-40.17,154266,1621617329.94961
503.96,-1.28,0,0,-40.17,154287,1621617329.97019
503.96,-1.28,0,0,-40.17,154306,1621617329.99063
503.96,-1.28,0,0,-40.17,154327,1621617330.01104
503.96,-1.28,0,0,-40.17,154346,1621617330.02813
503.96,-1.28,0,0,-40.17,154366,1621617330.04826
503.96,-1.28,0,0,-40.17,154386,1621617330.06974
503.96,-1.28,0,0,-40.17,154406,1621617330.08987
503.96,-1.28,0,0,-40.17,154426,1621617330.11093
503.96,-1.28,0,0,-40.17,154446,1621617330.13054
503.96,-1.28,0,0,-40.17,154466,1621617330.15342
503.96,-1.28,0,0,-40.17,154486,1621617330.17154
503.96,-1.28,0,0,-40.17,154506,1621617330.19114
503.96,-1.28,0,0,-40.17,154526,1621617330.20804
503.96,-1.28,0,0,-40.15,154547,1621617330.22855
503.96,-1.28,0,0,-40.15,154566,1621617330.24954
503.96,-1.28,0,0,-40.15,154587,1621617330.26913
503.96,-1.28,0,0,-40.15,154606,1621617330.29165
503.96,-1.28,0,0,-40.15,154627,1621617330.31626
503.96,-1.28,0,0,-40.15,154646,1621617330.3311
503.96,-1.28,0,0,-40.15,154667,1621617330.35159
503.96,-1.28,0,0,-40.15,154686,1621617330.37213
503.96,-1.28,0,0,-40.15,154706,1621617330.39228
503.96,-1.28,0,0,-40.15,154726,1621617330.41165
503.96,-1.28,0,0,-40.15,154746,1621617330.42971
503.96,-1.28,0,0,-40.15,154767,1621617330.44975
503.96,-1.28,0,0,-40.15,154786,1621617330.4712
503.96,-1.28,0,0,-40.15,154806,1621617330.49267
503.96,-1.28,0,0,-40.15,154826,1621617330.51189
503.96,-1.28,0,0,-40.15,154847,1621617330.53254
503.96,-1.28,0,0,-40.15,154866,1621617330.55258
503.96,-1.28,0,0,-40.15,154887,1621617330.57327
503.96,-1.28,0,0,-40.15,154906,1621617330.59023
503.96,-1.28,0,0,-40.15,154927,1621617330.61024
503.96,-1.28,0,0,-40.15,154946,1621617330.63073
503.96,-1.28,0,0,-40.15,154967,1621617330.65067
503.96,-1.28,0,0,-40.15,154986,1621617330.67224
503.96,-1.28,0,0,-40.15,155006,1621617330.69373
503.96,-1.28,0,0,-40.15,155026,1621617330.71272
503.96,-1.28,0,0,-40.15,155046,1621617330.7328
503.96,-1.28,0,0,-40.15,155066,1621617330.74882
503.96,-1.28,0,0,-40.15,155086,1621617330.77037
503.96,-1.28,0,0,-40.15,155106,1621617330.7899
503.96,-1.28,0,0,-40.15,155126,1621617330.81195
503.96,-1.28,0,0,-40.15,155147,1621617330.83176
503.96,-1.28,0,0,-40.15,155166,1621617330.85207
503.96,-1.28,0,0,-40.15,155187,1621617330.87267
503.96,-1.28,0,0,-40.15,155206,1621617330.89227
503.96,-1.28,0,0,-40.15,155227,1621617330.91302
503.96,-1.28,0,0,-40.15,155246,1621617330.9331
503.96,-1.28,0,0,-40.15,155267,1621617330.94895
503.96,-1.28,0,0,-40.15,155286,1621617330.97044
503.96,-1.28,0,0,-40.15,155307,1621617330.98985
503.96,-1.28,0,0,-40.15,155326,1621617331.01121
503.96,-1.28,0,0,-40.15,155346,1621617331.03086
503.96,-1.28,0,0,-40.15,155366,1621617331.05666
503.96,-1.28,0,0,-40.15,155386,1621617331.07774
503.96,-1.28,0,0,-40.15,155406,1621617331.09453
503.96,-1.28,0,0,-40.15,155426,1621617331.11254
503.96,-1.28,0,0,-40.15,155447,1621617331.13454
503.96,-1.28,0,0,-40.15,155466,1621617331.15298
503.96,-1.28,0,0,-40.15,155487,1621617331.17042
503.96,-1.28,0,0,-40.13,155506,1621617331.19085
503.96,-1.28,0,0,-40.13,155527,1621617331.21144
503.96,-1.28,0,0,-40.13,155547,1621617331.23116
503.96,-1.28,0,0,-40.13,155567,1621617331.25264
503.96,-1.28,0,0,-40.13,155587,1621617331.27227
503.96,-1.28,0,0,-40.13,155607,1621617331.29352
503.96,-1.28,0,0,-40.13,155627,1621617331.31335
503.96,-1.28,0,0,-40.13,155646,1621617331.33123
503.96,-1.28,0,0,-40.13,155667,1621617331.35029
503.96,-1.28,0,0,-40.13,155686,1621617331.37038
503.96,-1.28,0,0,-40.13,155707,1621617331.39126
503.96,-1.28,0,0,-40.13,155726,1621617331.41186
503.96,-1.28,0,0,-40.13,155747,1621617331.43244
503.96,-1.28,0,0,-40.13,155767,1621617331.4522
503.96,-1.28,0,0,-40.13,155787,1621617331.47263
503.96,-1.28,0,0,-40.13,155807,1621617331.49316
503.96,-1.28,0,0,-40.13,155827,1621617331.5099
503.96,-1.28,0,0,-40.13,155847,1621617331.53026
503.96,-1.28,0,0,-40.13,155867,1621617331.55392
503.96,-1.28,0,0,-40.13,155887,1621617331.57309
503.96,-1.28,0,0,-40.13,155907,1621617331.59273
503.96,-1.28,0,0,-40.13,155927,1621617331.61319
503.96,-1.28,0,0,-40.13,155947,1621617331.63225
503.96,-1.28,0,0,-40.13,155967,1621617331.65316
503.96,-1.28,0,0,-40.13,155986,1621617331.67404
503.96,-1.28,0,0,-40.13,156007,1621617331.70775
503.96,-1.28,0,0,-40.13,156026,1621617331.71669
503.96,-1.28,0,0,-40.13,156047,1621617331.7317
503.96,-1.28,0,0,-40.13,156067,1621617331.75174
503.96,-1.28,0,0,-40.13,156087,1621617331.77177
503.96,-1.28,0,0,-40.13,156107,1621617331.79561
503.96,-1.28,0,0,-40.13,156127,1621617331.81356
503.96,-1.28,0,0,-40.13,156147,1621617331.83405
503.96,-1.28,0,0,-40.13,156167,1621617331.85459
503.96,-1.28,0,0,-40.13,156187,1621617331.87014
503.96,-1.28,0,0,-40.13,156207,1621617331.89158
503.96,-1.28,0,0,-40.13,156227,1621617331.91088
503.96,-1.28,0,0,-40.13,156247,1621617331.93241
503.96,-1.28,0,0,-40.13,156267,1621617331.95286
503.96,-1.28,0,0,-40.13,156286,1621617331.97286
503.96,-1.28,0,0,-40.13,156307,1621617331.99404
503.96,-1.28,0,0,-40.13,156326,1621617332.01934
503.96,-1.28,0,0,-40.13,156347,1621617332.03672
503.96,-1.28,0,0,-40.13,156366,1621617332.05513
503.96,-1.28,0,0,-40.13,156387,1621617332.07063
503.96,-1.28,0,0,-40.13,156407,1621617332.09279
503.96,-1.28,0,0,-40.13,156427,1621617332.11146
503.96,-1.28,0,0,-40.13,156447,1621617332.13301
