610.28,5.72,-0.35,0,31.37,740852,1622128444.61232
610.28,5.72,-0.35,0,31.37,740872,1622128444.61547
610.28,5.72,-0.35,0,31.37,740892,1622128444.61662
610.28,5.72,-0.35,0,31.37,740912,1622128444.61735
610.28,5.72,-0.35,0,31.37,740932,1622128444.61807
610.28,5.72,-0.35,0,31.37,740952,1622128444.61874
610.28,5.72,-0.35,0,31.37,740972,1622128444.61944
610.28,5.72,-0.35,0,31.37,740993,1622128444.64432
610.28,5.72,-0.35,0,31.37,741012,1622128444.66668
610.28,5.72,-0.35,0,31.37,741032,1622128444.67455
610.28,5.72,-0.35,0,31.37,741052,1622128444.69523
610.28,5.72,-0.35,0,31.37,741072,1622128444.7158
610.28,5.72,-0.35,0,31.37,741092,1622128444.73425
610.28,5.72,-0.35,0,31.37,741112,1622128444.76157
610.28,5.72,-0.35,0,31.37,741132,1622128444.77151
610.28,5.72,-0.35,0,31.37,741152,1622128444.79106
610.28,5.72,-0.35,0,31.37,741172,1622128444.81139
610.28,5.72,-0.35,0,31.37,741192,1622128444.83261
610.28,5.72,-0.35,0,31.37,741212,1622128444.85224
610.28,5.72,-0.35,0,31.37,741232,1622128444.87244
610.28,5.72,-0.35,0,31.37,741252,1622128444.89268
610.28,5.72,-0.35,0,31.37,741272,1622128444.91437
610.28,5.72,-0.35,0,31.37,741293,1622128444.93014
610.28,5.72,-0.35,0,31.37,741312,1622128444.95026
610.28,5.72,-0.35,0,31.37,741332,1622128444.97165
610.28,5.72,-0.35,0,31.37,741352,1622128444.9988
610.28,5.72,-0.35,0,31.37,741372,1622128445.02401
610.28,5.72,-0.35,0,31.37,741392,1622128445.03846
610.28,5.72,-0.35,0,31.37,741412,1622128445.05775
610.28,5.72,-0.35,0,31.37,741432,1622128445.0826
610.28,5.72,-0.35,0,31.37,741452,1622128445.09774
610.28,5.72,-0.35,0,31.37,741472,1622128445.12025
610.28,5.72,-0.35,0,31.37,741492,1622128445.13478
610.28,5.72,-0.35,0,31.37,741512,1622128445.15643
610.28,5.72,-0.35,0,31.37,741532,1622128445.17278
610.28,5.72,-0.35,0,31.37,741552,1622128445.19312
610.28,5.72,-0.35,0,31.37,741572,1622128445.21474
610.28,5.72,-0.35,0,31.37,741592,1622128445.23436
610.28,5.72,-0.35,0,31.37,741612,1622128445.25454
610.28,5.72,-0.35,0,31.37,741633,1622128445.27509
610.28,5.72,-0.35,0,31.37,741652,1622128445.29596
610.28,5.72,-0.35,0,31.37,741672,1622128445.3117
610.28,5.72,-0.35,0,31.37,741692,1622128445.33287
610.28,5.72,-0.35,0,31.37,741712,1622128445.35295
610.28,5.72,-0.35,0,31.37,741732,1622128445.3737
610.28,5.72,-0.35,0,31.37,741752,1622128445.39401
610.28,5.72,-0.35,0,31.37,741772,1622128445.41469
610.28,5.72,-0.35,0,31.37,741792,1622128445.43458
610.28,5.72,-0.35,0,31.37,741812,1622128445.45437
610.28,5.72,-0.35,0,31.37,741832,1622128445.475
610.28,5.72,-0.35,0,31.37,741852,1622128445.49109
610.28,5.72,-0.35,0,31.37,741872,1622128445.51265
610.28,5.72,-0.35,0,31.37,741892,1622128445.53184
610.28,5.72,-0.35,0,31.37,741912,1622128445.55343
610.28,5.72,-0.35,0,31.37,741933,1622128445.57424
610.28,5.72,-0.35,0,31.37,741952,1622128445.59655
610.28,5.72,-0.35,0,31.37,741972,1622128445.61519
610.28,5.72,-0.35,0,31.37,741992,1622128445.63505
610.28,5.72,-0.35,0,31.37,742012,1622128445.65626
610.28,5.72,-0.35,0,31.37,742032,1622128445.67233
610.28,5.72,-0.35,0,31.37,742052,1622128445.69388
610.28,5.72,-0.35,0,31.37,742072,1622128445.71398
610.28,5.72,-0.35,0,31.37,742092,1622128445.73341
610.28,5.72,-0.35,0,31.37,742112,1622128445.75404
610.28,5.72,-0.35,0,31.37,742132,1622128445.77434
610.28,5.72,-0.35,0,31.37,742152,1622128445.79575
610.28,5.72,-0.35,0,31.37,742172,1622128445.81571
610.28,5.72,-0.35,0,31.37,742192,1622128445.83544
610.28,5.72,-0.35,0,31.37,742212,1622128445.85244
610.28,5.72,-0.35,0,31.37,742232,1622128445.87193
610.28,5.72,-0.35,0,31.37,742252,1622128445.89487
610.28,5.72,-0.35,0,31.37,742273,1622128445.91494
610.28,5.72,-0.35,0,31.37,742292,1622128445.9346
610.28,5.72,-0.35,0,31.37,742312,1622128445.95519
610.28,5.72,-0.35,0,31.37,742332,1622128445.97537
610.28,5.72,-0.35,0,31.37,742352,1622128445.99687
610.28,5.72,-0.35,0,31.37,742372,1622128446.01523
610.28,5.72,-0.35,0,31.37,742392,1622128446.0317
610.28,5.72,-0.35,0,31.37,742412,1622128446.05233
610.28,5.72,-0.35,0,31.37,742432,1622128446.07291
610.28,5.72,-0.35,0,31.37,742452,1622128446.09844
610.28,5.72,-0.35,0,31.37,742472,1622128446.11769
610.28,5.72,-0.35,0,31.37,742492,1622128446.13424
610.28,5.72,-0.35,0,31.37,742512,1622128446.15452
610.28,5.72,-0.35,0,31.37,742532,1622128446.175
610.28,5.72,-0.35,0,31.37,742552,1622128446.1963
610.28,5.72,-0.35,0,31.37,742573,1622128446.21162
610.28,5.72,-0.35,0,31.37,742592,1622128446.23417
610.28,5.72,-0.35,0,31.37,742612,1622128446.25864
610.28,5.72,-0.35,0,31.37,742632,1622128446.27541
610.28,5.72,-0.35,0,31.37,742652,1622128446.29456
610.28,5.72,-0.35,0,31.37,742672,1622128446.31461
610.28,5.72,-0.35,0,31.37,742692,1622128446.33567
610.28,5.72,-0.35,0,31.37,742712,1622128446.35548
610.28,5.72,-0.35,0,31.37,742732,1622128446.37635
610.28,5.72,-0.35,0,31.37,742752,1622128446.39205
610.28,5.72,-0.35,0,31.37,742772,1622128446.41432
610.28,5.72,-0.35,0,31.37,742792,1622128446.43297
610.28,5.72,-0.35,0,31.37,742812,1622128446.45441
610.28,5.72,-0.35,0,31.37,742832,1622128446.47406
610.28,5.72,-0.35,0,31.37,742852,1622128446.49553
610.28,5.72,-0.35,0,31.37,742872,1622128446.51535
610.28,5.72,-0.35,0,31.37,742892,1622128446.53568
610.28,5.72,-0.35,0,31.37,742913,1622128446.55618
610.28,5.72,-0.35,0,31.37,742932,1622128446.57342
610.28,5.72,-0.35,0,31.37,742952,1622128446.59341
610.28,5.72,-0.35,0,31.37,742972,1622128446.6139
610.28,5.72,-0.35,0,31.37,742992,1622128446.63546
610.28,5.72,-0.35,0,31.37,743012,1622128446.65818
610.28,5.72,-0.35,0,31.37,743032,1622128446.67499
610.28,5.72,-0.35,0,31.37,743052,1622128446.69453
610.28,5.72,-0.35,0,31.37,743072,1622128446.71603
610.28,5.72,-0.35,0,31.37,743092,1622128446.73627
610.28,5.72,-0.35,0,31.37,743112,1622128446.75648
610.28,5.72,-0.35,0,31.37,743132,1622128446.77383
610.28,5.72,-0.35,0,31.37,743152,1622128446.79383
610.28,5.72,-0.35,0,31.37,743172,1622128446.81426
610.28,5.72,-0.35,0,31.37,743192,1622128446.83457
610.28,5.72,-0.35,0,31.37,743213,1622128446.85477
610.28,5.72,-0.35,0,31.37,743232,1622128446.87487
610.28,5.72,-0.35,0,31.37,743252,1622128446.89571
610.28,5.72,-0.35,0,31.37,743272,1622128446.91643
610.28,5.72,-0.35,0,31.37,743292,1622128446.93685
610.28,5.72,-0.35,0,31.37,743312,1622128446.95382
610.28,5.72,-0.35,0,31.37,743332,1622128446.97473
610.28,5.72,-0.35,0,31.37,743352,1622128447.00469
610.28,5.72,-0.35,0,31.37,743372,1622128447.01734
610.28,5.72,-0.35,0,31.37,743392,1622128447.03478
610.28,5.72,-0.35,0,31.37,743412,1622128447.0555
610.28,5.72,-0.35,0,31.37,743432,1622128447.07589
610.28,5.72,-0.35,0,31.37,743452,1622128447.09674
610.28,5.72,-0.35,0,31.37,743472,1622128447.11725
610.28,5.72,-0.35,0,31.37,743492,1622128447.13405
610.28,5.72,-0.35,0,31.37,743512,1622128447.1543
610.28,5.72,-0.35,0,31.37,743532,1622128447.17458
610.28,5.72,-0.35,0,31.37,743553,1622128447.1949
610.28,5.72,-0.35,0,31.37,743572,1622128447.21588
610.28,5.72,-0.35,0,31.37,743592,1622128447.23668
610.28,5.72,-0.35,0,31.37,743612,1622128447.25691
610.28,5.72,-0.35,0,31.37,743632,1622128447.27821
610.28,5.72,-0.35,0,31.37,743652,1622128447.2977
610.28,5.72,-0.35,0,31.37,743672,1622128447.31436
610.28,5.72,-0.35,0,31.37,743692,1622128447.3348
610.28,5.72,-0.35,0,31.37,743712,1622128447.35515
610.28,5.72,-0.35,0,31.37,743732,1622128447.37634
610.28,5.72,-0.35,0,31.37,743752,1622128447.39709
610.28,5.72,-0.35,0,31.37,743772,1622128447.41698
610.28,5.72,-0.35,0,31.37,743792,1622128447.43803
610.28,5.72,-0.35,0,31.37,743812,1622128447.45764
610.28,5.72,-0.35,0,31.37,743832,1622128447.47701
610.28,5.72,-0.35,0,31.37,743853,1622128447.49381
610.28,5.72,-0.35,0,31.37,743872,1622128447.51391
610.28,5.72,-0.35,0,31.37,743892,1622128447.53514
610.28,5.72,-0.35,0,31.37,743912,1622128447.55647
610.28,5.72,-0.35,0,31.37,743932,1622128447.57599
610.28,5.72,-0.35,0,31.37,743952,1622128447.5963
610.28,5.72,-0.35,0,31.37,743972,1622128447.61646
610.28,5.72,-0.35,0,31.37,743992,1622128447.6366
610.28,5.72,-0.35,0,31.37,744012,1622128447.65784
610.28,5.72,-0.35,0,31.37,744032,1622128447.67374
610.28,5.72,-0.35,0,31.37,744052,1622128447.69398
610.28,5.72,-0.35,0,31.37,744072,1622128447.71549
610.28,5.72,-0.35,0,31.37,744092,1622128447.73565
610.28,5.72,-0.35,0,31.37,744112,1622128447.75626
610.28,5.72,-0.35,0,31.37,744132,1622128447.77673
610.28,5.72,-0.35,0,31.37,744152,1622128447.79716
610.28,5.72,-0.35,0,31.37,744172,1622128447.81719
610.28,5.72,-0.35,0,31.37,744193,1622128447.83804
610.28,5.72,-0.35,0,31.37,744212,1622128447.85474
610.28,5.72,-0.35,0,31.37,744232,1622128447.87599
610.28,5.72,-0.35,0,31.37,744252,1622128447.8961
610.28,5.72,-0.35,0,31.37,744272,1622128447.91798
610.28,5.72,-0.35,0,31.37,744292,1622128447.93757
610.28,5.72,-0.35,0,31.37,744312,1622128447.95791
610.28,5.72,-0.35,0,31.37,744332,1622128447.97974
610.28,5.72,-0.35,0,31.37,744352,1622128447.99957
610.28,5.72,-0.35,0,31.37,744372,1622128448.01961
610.28,5.72,-0.35,0,31.37,744392,1622128448.03524
610.28,5.72,-0.35,0,31.37,744412,1622128448.05693
610.28,5.72,-0.35,0,31.37,744432,1622128448.07717
610.28,5.72,-0.35,0,31.37,744452,1622128448.09887
610.28,5.72,-0.35,0,31.37,744472,1622128448.11659
610.28,5.72,-0.35,0,31.37,744493,1622128448.13693
610.28,5.72,-0.35,0,31.37,744512,1622128448.15723
610.28,5.72,-0.35,0,31.37,744532,1622128448.17777
610.28,5.72,-0.35,0,31.37,744552,1622128448.19891
610.28,5.72,-0.35,0,31.37,744572,1622128448.21547
610.28,5.72,-0.35,0,31.37,744592,1622128448.2353
610.28,5.72,-0.35,0,31.37,744612,1622128448.25621
610.28,5.72,-0.35,0,31.37,744632,1622128448.27702
610.28,5.72,-0.35,0,31.37,744652,1622128448.29765
610.28,5.72,-0.35,0,31.37,744672,1622128448.32429
610.28,5.72,-0.35,0,31.37,744692,1622128448.34042
610.28,5.72,-0.35,0,31.37,744712,1622128448.35813
610.28,5.72,-0.35,0,31.37,744732,1622128448.3782
610.28,5.72,-0.35,0,31.37,744752,1622128448.39511
610.28,5.72,-0.35,0,31.37,744772,1622128448.41542
610.28,5.72,-0.35,0,31.37,744792,1622128448.43601
610.28,5.72,-0.35,0,31.37,744812,1622128448.46618
610.28,5.72,-0.35,0,31.37,744833,1622128448.48112
610.28,5.72,-0.35,0,31.37,744852,1622128448.50029
610.28,5.72,-0.35,0,31.37,744872,1622128448.51887
610.28,5.72,-0.35,0,31.37,744892,1622128448.53963
610.28,5.72,-0.35,0,31.37,744912,1622128448.56006
610.28,5.72,-0.35,0,31.37,744932,1622128448.58033
610.28,5.72,-0.35,0,31.37,744952,1622128448.59856
610.28,5.72,-0.35,0,31.37,744972,1622128448.61757
610.28,5.72,-0.35,0,31.37,744992,1622128448.63711
610.28,5.72,-0.35,0,31.37,745012,1622128448.65856
610.28,5.72,-0.35,0,31.37,745032,1622128448.6789
610.28,5.72,-0.35,0,31.37,745052,1622128448.69976
610.28,5.72,-0.35,0,31.37,745072,1622128448.72385
610.28,5.72,-0.35,0,31.37,745092,1622128448.73857
610.28,5.72,-0.35,0,31.37,745112,1622128448.75907
610.28,5.72,-0.35,0,31.37,745133,1622128448.77596
610.28,5.72,-0.35,0,31.37,745152,1622128448.79726
610.28,5.72,-0.35,0,31.37,745172,1622128448.8186
610.28,5.72,-0.35,0,31.37,745192,1622128448.83759
610.28,5.72,-0.35,0,31.37,745212,1622128448.85822
610.28,5.72,-0.35,0,31.37,745232,1622128448.87851
610.28,5.72,-0.35,0,31.37,745252,1622128448.89923
610.28,5.72,-0.35,0,31.37,745272,1622128448.91935
610.28,5.72,-0.35,0,31.37,745292,1622128448.93988
610.28,5.72,-0.35,0,31.37,745312,1622128448.95685
610.28,5.72,-0.35,0,31.37,745332,1622128448.97728
610.28,5.72,-0.35,0,31.37,745352,1622128448.99823
610.28,5.72,-0.35,0,31.37,745372,1622128449.02094
610.28,5.72,-0.35,0,31.37,745392,1622128449.04261
610.28,5.72,-0.35,0,31.37,745412,1622128449.05853
610.28,5.72,-0.35,0,31.37,745432,1622128449.07927
610.28,5.72,-0.35,0,31.37,745452,1622128449.10534
610.28,5.72,-0.35,0,31.37,745473,1622128449.12014
610.28,5.72,-0.35,0,31.37,745492,1622128449.13635
610.28,5.72,-0.35,0,31.37,745512,1622128449.15696
610.28,5.72,-0.35,0,31.37,745532,1622128449.17804
610.28,5.72,-0.35,0,31.37,745552,1622128449.20248
610.28,5.72,-0.35,0,31.38,745572,1622128449.22096
610.28,5.72,-0.35,0,31.38,745591,1622128449.23925
610.28,5.72,-0.35,0,31.38,745612,1622128449.26051
610.28,5.72,-0.35,0,31.38,745631,1622128449.28073
610.28,5.72,-0.35,0,31.38,745652,1622128449.29749
610.28,5.72,-0.35,0,31.38,745671,1622128449.31726
610.28,5.72,-0.35,0,31.38,745692,1622128449.33785
610.28,5.72,-0.35,0,31.38,745712,1622128449.35838
610.28,5.72,-0.35,0,31.38,745732,1622128449.37888
610.28,5.72,-0.35,0,31.38,745752,1622128449.39989
610.28,5.72,-0.35,0,31.4,745772,1622128449.42534
610.28,5.72,-0.35,0,31.4,745791,1622128449.44109
610.28,5.72,-0.35,0,31.48,745811,1622128449.46078
610.28,5.72,-0.35,0,31.55,745832,1622128449.47742
610.28,5.72,-0.35,0,31.57,745852,1622128449.49783
610.28,5.72,-0.35,0,31.57,745872,1622128449.51799
610.28,5.72,-0.35,0,31.28,745891,1622128449.53838
610.28,5.72,-0.35,0,30.65,745912,1622128449.56476
610.28,5.72,-0.35,0,30.18,745932,1622128449.5801
610.28,5.72,-0.35,0,30.15,745952,1622128449.60133
610.28,5.72,-0.35,0,30.18,745972,1622128449.61944
610.28,5.72,-0.35,0,30.17,745992,1622128449.64117
610.28,5.72,-0.35,0,30.17,746012,1622128449.66152
610.28,5.72,-0.35,0,30.18,746032,1622128449.67701
610.28,5.72,-0.35,0,30.23,746052,1622128449.69796
610.28,5.72,-0.35,0,30.33,746072,1622128449.71875
610.28,5.72,-0.35,0,30.47,746092,1622128449.73871
610.28,5.72,-0.35,0,30.6,746112,1622128449.76048
610.28,5.72,-0.35,0,30.7,746132,1622128449.77998
610.28,5.72,-0.35,0,30.75,746151,1622128449.80143
610.28,5.72,-0.35,0,30.77,746172,1622128449.8214
610.28,5.72,-0.35,0,30.77,746192,1622128449.8423
610.28,5.72,-0.35,0,30.77,746212,1622128449.85834
610.28,5.72,-0.35,0,30.77,746232,1622128449.87869
610.28,5.72,-0.35,0,30.77,746252,1622128449.89933
610.28,5.72,-0.35,0,30.77,746272,1622128449.91914
610.28,5.72,-0.35,0,30.77,746292,1622128449.93945
610.28,5.72,-0.35,0,30.77,746312,1622128449.96097
610.28,5.72,-0.35,0,30.77,746332,1622128449.98173
610.28,5.72,-0.35,0,30.75,746352,1622128450.00199
610.28,5.72,-0.35,0,30.73,746372,1622128450.01769
610.28,5.72,-0.35,0,30.7,746392,1622128450.03826
610.28,5.72,-0.35,0,30.65,746412,1622128450.05862
610.28,5.72,-0.35,0,30.6,746432,1622128450.07989
610.28,5.72,-0.35,0,30.55,746451,1622128450.10851
610.28,5.72,-0.35,0,30.48,746472,1622128450.12069
610.28,5.72,-0.35,0,30.43,746491,1622128450.14083
610.28,5.72,-0.35,0,30.38,746512,1622128450.16103
610.28,5.72,-0.35,0,30.28,746531,1622128450.18183
610.28,5.72,-0.35,0,30.17,746552,1622128450.20146
610.28,5.72,-0.35,0,30.03,746571,1622128450.21722
610.28,5.72,-0.35,0,29.88,746592,1622128450.23877
610.28,5.72,-0.35,0,29.73,746611,1622128450.25935
610.28,5.72,-0.35,0,29.55,746632,1622128450.28075
610.28,5.72,-0.35,0,29.32,746652,1622128450.2993
610.28,5.72,-0.35,0,29.05,746672,1622128450.32604
610.28,5.72,-0.35,0,28.72,746692,1622128450.34049
610.28,5.72,-0.35,0,28.33,746712,1622128450.36182
610.28,5.72,-0.35,0,27.85,746732,1622128450.38213
610.28,5.72,-0.35,0,27.22,746752,1622128450.39846
610.28,5.72,-0.35,0,26.42,746772,1622128450.41825
610.28,5.72,-0.35,0,25.4,746791,1622128450.43972
610.28,5.72,-0.35,0,24.2,746812,1622128450.46037
610.28,5.72,-0.35,0,22.9,746831,1622128450.48278
610.28,5.72,-0.35,0,21.53,746852,1622128450.50096
610.28,5.72,-0.35,0,20.15,746871,1622128450.52118
610.28,5.72,-0.35,0,18.82,746892,1622128450.54219
610.28,5.72,-0.35,0,17.62,746912,1622128450.56227
610.28,5.72,-0.35,0,16.52,746932,1622128450.58043
610.28,5.72,-0.35,0,15.53,746952,1622128450.59876
610.28,5.72,-0.35,0,14.72,746972,1622128450.61927
610.28,5.72,-0.35,0,14.17,746992,1622128450.63994
610.28,5.72,-0.35,0,13.83,747012,1622128450.66032
610.28,5.72,-0.35,0,13.58,747032,1622128450.68079
610.28,5.72,-0.35,0,13.35,747052,1622128450.70632
610.28,5.72,-0.35,0,13.07,747072,1622128450.72308
610.28,5.72,-0.35,0,12.75,747091,1622128450.74157
610.28,5.72,-0.35,0,12.4,747112,1622128450.75853
610.28,5.72,-0.35,0,12.05,747131,1622128450.78124
610.28,5.72,-0.35,0,11.72,747152,1622128450.80391
610.28,5.72,-0.35,0,11.45,747171,1622128450.82007
610.28,5.72,-0.35,0,11.23,747192,1622128450.84096
610.28,5.72,-0.35,0,11.02,747211,1622128450.86029
610.28,5.72,-0.35,0,10.78,747232,1622128450.88184
610.28,5.72,-0.35,0,10.53,747251,1622128450.90125
610.28,5.72,-0.35,0,10.23,747272,1622128450.92774
610.28,5.72,-0.35,0,9.88,747291,1622128450.94805
610.28,5.72,-0.35,0,9.45,747312,1622128450.96412
610.28,5.72,-0.35,0,8.95,747331,1622128450.9795
610.28,5.72,-0.35,0,8.37,747352,1622128451.00104
610.28,5.72,-0.35,0,7.73,747372,1622128451.0211
610.28,5.72,-0.35,0,7.1,747392,1622128451.04194
610.28,5.72,-0.35,0,6.47,747412,1622128451.06204
610.28,5.72,-0.35,0,5.83,747431,1622128451.08214
610.28,5.72,-0.35,0,5.23,747452,1622128451.10221
610.28,5.72,-0.35,0,4.65,747471,1622128451.11959
610.28,5.72,-0.35,0,4.05,747492,1622128451.13967
610.28,5.72,-0.35,0,3.43,747511,1622128451.15971
610.28,5.72,-0.35,0,2.83,747532,1622128451.1806
610.28,5.72,-0.35,0,2.2,747551,1622128451.20329
610.28,5.72,-0.35,0,1.55,747572,1622128451.22283
610.28,5.72,-0.35,0,0.83,747591,1622128451.24227
610.28,5.72,-0.35,0,0.13,747612,1622128451.26255
610.28,5.72,-0.35,0,-0.58,747632,1622128451.28696
610.28,5.72,-0.35,0,-1.28,747652,1622128451.29929
610.28,5.72,-0.35,0,-1.95,747672,1622128451.31936
610.28,5.72,-0.35,0,-2.6,747692,1622128451.33983
610.28,5.72,-0.35,0,-3.27,747712,1622128451.36131
610.28,5.72,-0.35,0,-3.88,747731,1622128451.38175
610.28,5.72,-0.35,0,-4.48,747752,1622128451.40304
610.28,5.72,-0.35,0,-5.08,747771,1622128451.42226
610.28,5.72,-0.35,0,-5.68,747792,1622128451.44254
610.28,5.72,-0.35,0,-6.28,747811,1622128451.46316
610.28,5.72,-0.35,0,-6.93,747832,1622128451.48043
610.28,5.72,-0.35,0,-7.65,747851,1622128451.50172
610.28,5.72,-0.35,0,-8.37,747872,1622128451.52077
610.28,5.72,-0.35,0,-9.12,747891,1622128451.54135
610.28,5.72,-0.35,0,-9.92,747912,1622128451.56159
610.28,5.72,-0.35,0,-10.7,747932,1622128451.58607
610.28,5.72,-0.35,0,-11.45,747952,1622128451.6027
610.28,5.72,-0.35,0,-12.15,747972,1622128451.62325
610.28,5.72,-0.35,0,-12.83,747992,1622128451.6438
610.28,5.72,-0.35,0,-13.5,748012,1622128451.66341
610.28,5.72,-0.35,0,-14.15,748032,1622128451.68124
610.28,5.72,-0.35,0,-14.8,748052,1622128451.70968
610.28,5.72,-0.35,0,-15.4,748071,1622128451.72244
610.28,5.72,-0.35,0,-15.97,748092,1622128451.74193
610.28,5.72,-0.35,0,-16.5,748111,1622128451.76161
610.28,5.72,-0.35,0,-17,748132,1622128451.78232
610.28,5.72,-0.35,0,-17.52,748151,1622128451.80283
610.28,5.72,-0.35,0,-18,748172,1622128451.8231
610.28,5.72,-0.35,0,-18.48,748192,1622128451.84374
610.28,5.72,-0.35,0,-18.95,748212,1622128451.86086
610.28,5.72,-0.35,0,-19.42,748232,1622128451.88166
610.28,5.72,-0.35,0,-19.88,748252,1622128451.90101
610.28,5.72,-0.35,0,-20.37,748272,1622128451.92144
610.28,5.72,-0.35,0,-20.9,748292,1622128451.94157
610.28,5.72,-0.35,0,-21.45,748312,1622128451.96305
610.28,5.72,-0.35,0,-22,748332,1622128451.98322
610.28,5.72,-0.35,0,-22.55,748352,1622128452.00437
610.28,5.72,-0.35,0,-23.13,748371,1622128452.02453
610.28,5.72,-0.35,0,-23.72,748392,1622128452.04013
610.28,5.72,-0.35,0,-24.3,748411,1622128452.06188
610.28,5.72,-0.35,0,-24.87,748432,1622128452.08141
610.28,5.72,-0.35,0,-25.37,748451,1622128452.10158
610.28,5.72,-0.35,0,-25.8,748472,1622128452.12301
610.28,5.72,-0.35,0,-26.13,748491,1622128452.14336
610.28,5.72,-0.35,0,-26.42,748512,1622128452.16324
610.28,5.72,-0.35,0,-26.62,748531,1622128452.18382
610.28,5.72,-0.35,0,-26.78,748552,1622128452.20405
610.28,5.72,-0.35,0,-26.97,748572,1622128452.22087
610.28,5.72,-0.35,0,-27.15,748592,1622128452.24139
610.28,5.72,-0.35,0,-27.35,748612,1622128452.26202
610.28,5.72,-0.35,0,-27.57,748632,1622128452.28208
610.28,5.72,-0.35,0,-27.8,748652,1622128452.3034
610.28,5.72,-0.35,0,-28.07,748672,1622128452.32366
610.28,5.72,-0.35,0,-28.38,748692,1622128452.34393
610.28,5.72,-0.35,0,-28.7,748711,1622128452.36421
610.28,5.72,-0.35,0,-29,748732,1622128452.38458
610.28,5.72,-0.35,0,-29.25,748752,1622128452.40124
610.28,5.72,-0.35,0,-29.47,748772,1622128452.4218
610.28,5.72,-0.35,0,-29.68,748791,1622128452.44205
610.28,5.72,-0.35,0,-29.9,748812,1622128452.46314
610.28,5.72,-0.35,0,-30.1,748832,1622128452.48337
610.28,5.72,-0.35,0,-30.32,748852,1622128452.50344
610.28,5.72,-0.35,0,-30.57,748872,1622128452.52386
610.28,5.72,-0.35,0,-30.82,748892,1622128452.54513
610.28,5.72,-0.35,0,-31.03,748912,1622128452.56551
610.28,5.72,-0.35,0,-31.23,748932,1622128452.5818
610.28,5.72,-0.35,0,-31.43,748952,1622128452.60194
610.28,5.72,-0.35,0,-31.63,748972,1622128452.62299
610.28,5.72,-0.35,0,-31.87,748992,1622128452.64246
610.28,5.72,-0.35,0,-32.13,749011,1622128452.66309
610.28,5.72,-0.35,0,-32.42,749032,1622128452.68434
610.28,5.72,-0.35,0,-32.7,749051,1622128452.70475
610.28,5.72,-0.35,0,-32.98,749072,1622128452.72499
610.28,5.72,-0.35,0,-33.27,749091,1622128452.74539
610.28,5.72,-0.35,0,-33.57,749112,1622128452.76223
610.28,5.72,-0.35,0,-33.85,749131,1622128452.78254
610.28,5.72,-0.35,0,-34.17,749152,1622128452.80241
610.28,5.72,-0.35,0,-34.55,749172,1622128452.82351
610.28,5.72,-0.35,0,-34.92,749192,1622128452.84378
610.28,5.72,-0.35,0,-35.25,749212,1622128452.86412
610.28,5.72,-0.35,0,-35.55,749232,1622128452.88406
610.28,5.72,-0.35,0,-35.78,749252,1622128452.90558
610.28,5.72,-0.35,0,-35.98,749272,1622128452.92557
610.28,5.72,-0.35,0,-36.13,749292,1622128452.94244
610.28,5.72,-0.35,0,-36.25,749312,1622128452.96274
610.28,5.72,-0.35,0,-36.35,749332,1622128452.98299
610.28,5.72,-0.35,0,-36.47,749351,1622128453.00283
610.28,5.72,-0.35,0,-36.6,749372,1622128453.02436
610.28,5.72,-0.35,0,-36.78,749391,1622128453.04462
610.28,5.72,-0.35,0,-37.02,749412,1622128453.06502
610.28,5.72,-0.35,0,-37.27,749431,1622128453.08649
610.28,5.72,-0.35,0,-37.52,749452,1622128453.10536
610.28,5.72,-0.35,0,-37.78,749472,1622128453.12234
610.28,5.72,-0.35,0,-38.02,749492,1622128453.14281
610.28,5.72,-0.35,0,-38.25,749512,1622128453.16316
610.28,5.72,-0.35,0,-38.47,749532,1622128453.18426
610.28,5.72,-0.35,0,-38.68,749551,1622128453.20413
610.28,5.72,-0.35,0,-38.88,749572,1622128453.22428
610.28,5.72,-0.35,0,-39.08,749592,1622128453.24533
610.28,5.72,-0.35,0,-39.25,749612,1622128453.26585
610.28,5.72,-0.35,0,-39.42,749632,1622128453.28632
610.28,5.72,-0.35,0,-39.58,749651,1622128453.31219
610.28,5.72,-0.35,0,-39.77,749672,1622128453.32291
610.28,5.72,-0.35,0,-39.95,749691,1622128453.34285
610.28,5.72,-0.35,0,-40.13,749712,1622128453.36309
610.28,5.72,-0.35,0,-40.3,749731,1622128453.38515
610.28,5.72,-0.35,0,-40.45,749752,1622128453.40536
610.28,5.72,-0.35,0,-40.6,749771,1622128453.42548
610.28,5.72,-0.35,0,-40.75,749792,1622128453.44577
610.28,5.72,-0.35,0,-40.88,749811,1622128453.46554
610.28,5.72,-0.35,0,-41.02,749832,1622128453.48584
610.28,5.72,-0.35,0,-41.13,749852,1622128453.50278
610.28,5.72,-0.35,0,-41.23,749872,1622128453.52236
610.28,5.72,-0.35,0,-41.32,749892,1622128453.54357
610.28,5.72,-0.35,0,-41.4,749912,1622128453.56421
610.28,5.72,-0.35,0,-41.48,749931,1622128453.5844
610.28,5.72,-0.35,0,-41.57,749952,1622128453.60592
610.28,5.72,-0.35,0,-41.65,749972,1622128453.6261
610.28,5.72,-0.35,0,-41.75,749991,1622128453.64654
610.28,5.72,-0.35,0,-41.85,750012,1622128453.66682
610.28,5.72,-0.35,0,-41.95,750031,1622128453.6827
610.28,5.72,-0.35,0,-42.08,750052,1622128453.7034
610.28,5.72,-0.35,0,-42.22,750071,1622128453.7253
610.28,5.72,-0.35,0,-42.37,750092,1622128453.74621
610.28,5.72,-0.35,0,-42.5,750111,1622128453.76526
610.28,5.72,-0.35,0,-42.63,750132,1622128453.78513
610.28,5.72,-0.35,0,-42.78,750151,1622128453.80625
610.28,5.72,-0.35,0,-42.93,750172,1622128453.82661
610.28,5.72,-0.35,0,-43.1,750192,1622128453.84719
610.28,5.72,-0.35,0,-43.23,750212,1622128453.86392
610.28,5.72,-0.35,0,-43.38,750232,1622128453.88404
610.28,5.72,-0.35,0,-43.53,750252,1622128453.90457
610.28,5.72,-0.35,0,-43.67,750272,1622128453.92533
610.28,5.72,-0.35,0,-43.8,750291,1622128453.94564
610.28,5.72,-0.35,0,-43.93,750312,1622128453.96619
610.28,5.72,-0.35,0,-44.08,750331,1622128453.98647
610.28,5.72,-0.35,0,-44.25,750352,1622128454.00678
610.28,5.72,-0.35,0,-44.4,750371,1622128454.0269
610.28,5.72,-0.35,0,-44.57,750392,1622128454.04406
610.28,5.72,-0.35,0,-44.7,750411,1622128454.06452
610.28,5.72,-0.35,0,-44.85,750432,1622128454.08498
610.28,5.72,-0.35,0,-44.97,750451,1622128454.10521
610.28,5.72,-0.35,0,-45.07,750472,1622128454.12546
610.28,5.72,-0.35,0,-45.17,750492,1622128454.14696
610.28,5.72,-0.35,0,-45.27,750512,1622128454.16691
610.28,5.72,-0.35,0,-45.37,750532,1622128454.18728
610.28,5.72,-0.35,0,-45.45,750552,1622128454.20879
610.28,5.72,-0.35,0,-45.55,750572,1622128454.22401
610.28,5.72,-0.35,0,-45.63,750592,1622128454.24372
610.28,5.72,-0.35,0,-45.72,750612,1622128454.26418
610.28,5.72,-0.35,0,-45.8,750631,1622128454.28573
610.28,5.72,-0.35,0,-45.88,750652,1622128454.30716
610.28,5.72,-0.35,0,-45.98,750671,1622128454.32595
610.28,5.72,-0.35,0,-46.05,750692,1622128454.34629
610.28,5.72,-0.35,0,-46.13,750712,1622128454.36652
610.28,5.72,-0.35,0,-46.2,750732,1622128454.38813
610.28,5.72,-0.35,0,-46.27,750751,1622128454.41727
610.28,5.72,-0.35,0,-46.33,750772,1622128454.42586
610.28,5.72,-0.35,0,-46.42,750791,1622128454.44528
610.28,5.72,-0.35,0,-46.48,750812,1622128454.46556
610.28,5.72,-0.35,0,-46.55,750831,1622128454.48598
610.28,5.72,-0.35,0,-46.62,750852,1622128454.51484
610.28,5.72,-0.35,0,-46.7,750872,1622128454.52719
610.28,5.72,-0.35,0,-46.77,750892,1622128454.5475
610.28,5.72,-0.35,0,-46.85,750912,1622128454.56759
610.28,5.72,-0.35,0,-46.93,750931,1622128454.58454
610.28,5.72,-0.35,0,-47.03,750952,1622128454.6052
610.28,5.72,-0.35,0,-47.12,750971,1622128454.62527
610.28,5.72,-0.35,0,-47.22,750992,1622128454.64568
610.28,5.72,-0.35,0,-47.3,751011,1622128454.6659
610.28,5.72,-0.35,0,-47.37,751032,1622128454.68617
610.28,5.72,-0.35,0,-47.45,751052,1622128454.70796
610.28,5.72,-0.35,0,-47.52,751072,1622128454.7309
610.28,5.72,-0.35,0,-47.57,751091,1622128454.74783
610.28,5.72,-0.35,0,-47.62,751112,1622128454.76368
610.28,5.72,-0.35,0,-47.65,751132,1622128454.78407
610.28,5.72,-0.35,0,-47.68,751152,1622128454.80463
610.28,5.72,-0.35,0,-47.7,751172,1622128454.82628
610.28,5.72,-0.35,0,-47.72,751192,1622128454.84624
610.28,5.72,-0.35,0,-47.73,751211,1622128454.86689
610.28,5.72,-0.35,0,-47.75,751232,1622128454.88738
610.28,5.72,-0.35,0,-47.75,751252,1622128454.9077
610.28,5.72,-0.35,0,-47.75,751271,1622128454.92788
610.28,5.72,-0.35,0,-47.77,751292,1622128454.94912
610.28,5.72,-0.35,0,-47.77,751312,1622128454.96532
610.28,5.72,-0.35,0,-47.77,751332,1622128454.98506
610.28,5.72,-0.35,0,-47.77,751352,1622128455.00638
610.28,5.72,-0.35,0,-47.77,751372,1622128455.03593
610.28,5.72,-0.35,0,-47.77,751392,1622128455.04975
610.28,5.72,-0.35,0,-47.77,751412,1622128455.06706
610.28,5.72,-0.35,0,-47.77,751432,1622128455.08747
610.28,5.72,-0.35,0,-47.77,751452,1622128455.10777
610.28,5.72,-0.35,0,-47.78,751471,1622128455.13367
610.28,5.72,-0.35,0,-47.78,751492,1622128455.14713
610.28,5.72,-0.35,0,-47.78,751511,1622128455.16525
610.28,5.72,-0.35,0,-47.78,751532,1622128455.18567
610.28,5.72,-0.35,0,-47.78,751552,1622128455.20843
610.28,5.72,-0.35,0,-47.78,751571,1622128455.2319
610.28,5.72,-0.35,0,-47.78,751592,1622128455.24724
610.28,5.72,-0.35,0,-47.78,751611,1622128455.26742
610.28,5.72,-0.35,0,-47.78,751632,1622128455.2878
610.28,5.72,-0.35,0,-47.78,751651,1622128455.30482
610.28,5.72,-0.35,0,-47.8,751672,1622128455.32461
610.28,5.72,-0.35,0,-47.8,751691,1622128455.34616
610.28,5.72,-0.35,0,-47.8,751712,1622128455.37589
610.28,5.72,-0.35,0,-47.8,751731,1622128455.39068
610.28,5.72,-0.35,0,-47.8,751752,1622128455.40646
610.28,5.72,-0.35,0,-47.8,751771,1622128455.4276
610.28,5.72,-0.35,0,-47.8,751792,1622128455.44844
610.28,5.72,-0.35,0,-47.8,751811,1622128455.46775
610.28,5.72,-0.35,0,-47.8,751832,1622128455.48565
610.28,5.72,-0.35,0,-47.8,751851,1622128455.50528
610.28,5.72,-0.35,0,-47.8,751872,1622128455.52571
610.28,5.72,-0.35,0,-47.8,751891,1622128455.5549
610.28,5.72,-0.35,0,-47.8,751911,1622128455.57406
610.28,5.72,-0.35,0,-47.8,751932,1622128455.58805
610.28,5.72,-0.35,0,-47.8,751951,1622128455.60823
610.28,5.72,-0.35,0,-47.8,751972,1622128455.62761
610.28,5.72,-0.35,0,-47.8,751991,1622128455.64832
610.28,5.72,-0.35,0,-47.8,752012,1622128455.66563
610.28,5.72,-0.35,0,-47.8,752031,1622128455.68772
610.28,5.72,-0.35,0,-47.8,752052,1622128455.7082
610.28,5.72,-0.35,0,-47.8,752071,1622128455.72903
610.28,5.72,-0.35,0,-47.8,752092,1622128455.74866
610.28,5.72,-0.35,0,-47.8,752111,1622128455.76832
610.28,5.72,-0.35,0,-47.8,752132,1622128455.78832
610.28,5.72,-0.35,0,-47.8,752151,1622128455.80866
610.28,5.72,-0.35,0,-47.8,752172,1622128455.8292
610.28,5.72,-0.35,0,-47.8,752191,1622128455.84501
610.28,5.72,-0.35,0,-47.8,752211,1622128455.86556
610.28,5.72,-0.35,0,-47.8,752232,1622128455.88705
610.28,5.72,-0.35,0,-47.8,752251,1622128455.90697
610.28,5.72,-0.35,0,-47.8,752272,1622128455.9276
610.28,5.72,-0.35,0,-47.8,752291,1622128455.94785
610.28,5.72,-0.35,0,-47.8,752312,1622128455.96843
610.28,5.72,-0.35,0,-47.8,752331,1622128455.99053
610.28,5.72,-0.35,0,-47.8,752352,1622128456.0103
610.28,5.72,-0.35,0,-47.8,752371,1622128456.02661
610.28,5.72,-0.35,0,-47.8,752392,1622128456.04698
610.28,5.72,-0.35,0,-47.8,752411,1622128456.06796
610.28,5.72,-0.35,0,-47.8,752432,1622128456.08911
610.28,5.72,-0.35,0,-47.8,752451,1622128456.10834
610.28,5.72,-0.35,0,-47.8,752472,1622128456.12888
610.28,5.72,-0.35,0,-47.8,752491,1622128456.14894
610.28,5.72,-0.35,0,-47.8,752512,1622128456.17347
610.28,5.72,-0.35,0,-47.8,752531,1622128456.18924
610.28,5.72,-0.35,0,-47.8,752551,1622128456.20965
610.28,5.72,-0.35,0,-47.8,752572,1622128456.22634
610.28,5.72,-0.35,0,-47.8,752591,1622128456.24703
610.28,5.72,-0.35,0,-47.8,752612,1622128456.26868
610.28,5.72,-0.35,0,-47.8,752631,1622128456.29059
610.28,5.72,-0.35,0,-47.8,752652,1622128456.31028
610.28,5.72,-0.35,0,-47.8,752671,1622128456.32924
610.28,5.72,-0.35,0,-47.8,752692,1622128456.34993
610.28,5.72,-0.35,0,-47.8,752711,1622128456.37014
610.28,5.72,-0.35,0,-47.8,752732,1622128456.39051
610.28,5.72,-0.35,0,-47.8,752751,1622128456.4073
610.28,5.72,-0.35,0,-47.8,752772,1622128456.42755
610.28,5.72,-0.35,0,-47.8,752791,1622128456.45745
610.28,5.72,-0.35,0,-47.8,752812,1622128456.46935
610.28,5.72,-0.35,0,-47.8,752831,1622128456.48861
610.28,5.72,-0.35,0,-47.8,752851,1622128456.51401
610.28,5.72,-0.35,0,-47.8,752872,1622128456.53151
610.28,5.72,-0.35,0,-47.8,752891,1622128456.55005
610.28,5.72,-0.35,0,-47.8,752912,1622128456.57027
610.28,5.72,-0.35,0,-47.8,752931,1622128456.58726
610.28,5.72,-0.35,0,-47.8,752952,1622128456.60754
610.28,5.72,-0.35,0,-47.8,752971,1622128456.62834
610.28,5.72,-0.35,0,-47.8,752992,1622128456.65053
610.28,5.72,-0.35,0,-47.8,753011,1622128456.67103
610.28,5.72,-0.35,0,-47.8,753032,1622128456.69055
610.28,5.72,-0.35,0,-47.8,753051,1622128456.71096
610.28,5.72,-0.35,0,-47.8,753072,1622128456.73139
610.28,5.72,-0.35,0,-47.8,753091,1622128456.75181
610.28,5.72,-0.35,0,-47.8,753112,1622128456.76775
610.28,5.72,-0.35,0,-47.8,753131,1622128456.78789
610.28,5.72,-0.35,0,-47.8,753152,1622128456.80806
610.28,5.72,-0.35,0,-47.8,753172,1622128456.82952
610.28,5.72,-0.35,0,-47.8,753191,1622128456.85345
610.28,5.72,-0.35,0,-47.8,753212,1622128456.86965
610.28,5.72,-0.35,0,-47.8,753231,1622128456.88915
610.28,5.72,-0.35,0,-47.8,753252,1622128456.91015
610.28,5.72,-0.35,0,-47.8,753271,1622128456.93061
610.28,5.72,-0.35,0,-47.8,753292,1622128456.94646
610.28,5.72,-0.35,0,-47.8,753311,1622128456.97778
610.28,5.72,-0.35,0,-47.8,753332,1622128456.98853
610.28,5.72,-0.35,0,-47.8,753351,1622128457.00887
610.28,5.72,-0.35,0,-47.8,753372,1622128457.02909
610.28,5.72,-0.35,0,-47.8,753391,1622128457.04956
610.28,5.72,-0.35,0,-47.8,753412,1622128457.06965
610.28,5.72,-0.35,0,-47.8,753431,1622128457.09531
610.28,5.72,-0.35,0,-47.8,753452,1622128457.11082
610.28,5.72,-0.35,0,-47.8,753471,1622128457.12708
610.28,5.72,-0.35,0,-47.8,753491,1622128457.14774
610.28,5.72,-0.35,0,-47.8,753511,1622128457.168
610.28,5.72,-0.35,0,-47.8,753531,1622128457.18931
610.28,5.72,-0.35,0,-47.8,753552,1622128457.20938
610.28,5.72,-0.35,0,-47.8,753571,1622128457.23002
610.28,5.72,-0.35,0,-47.8,753592,1622128457.25029
610.28,5.72,-0.35,0,-47.8,753611,1622128457.27037
610.28,5.72,-0.35,0,-47.8,753632,1622128457.29122
610.28,5.72,-0.35,0,-47.8,753651,1622128457.30729
610.28,5.72,-0.35,0,-47.8,753672,1622128457.32802
610.28,5.72,-0.35,0,-47.8,753691,1622128457.34951
610.28,5.72,-0.35,0,-47.8,753712,1622128457.3701
610.28,5.72,-0.35,0,-47.8,753731,1622128457.39862
610.28,5.72,-0.35,0,-47.8,753752,1622128457.41409
610.28,5.72,-0.35,0,-47.8,753771,1622128457.43319
610.28,5.72,-0.35,0,-47.8,753792,1622128457.45484
610.28,5.72,-0.35,0,-47.8,753811,1622128457.47164
610.28,5.72,-0.35,0,-47.8,753831,1622128457.48835
610.28,5.72,-0.35,0,-47.8,753852,1622128457.50791
610.28,5.72,-0.35,0,-47.8,753871,1622128457.52918
610.28,5.72,-0.35,0,-47.8,753892,1622128457.55187
610.28,5.72,-0.35,0,-47.8,753911,1622128457.57743
610.28,5.72,-0.35,0,-47.8,753932,1622128457.59083
610.28,5.72,-0.35,0,-47.8,753951,1622128457.61087
610.28,5.72,-0.35,0,-47.8,753972,1622128457.63102
610.28,5.72,-0.35,0,-47.8,753991,1622128457.65193
610.28,5.72,-0.35,0,-47.8,754012,1622128457.66804
610.28,5.72,-0.35,0,-47.8,754031,1622128457.68901
610.28,5.72,-0.35,0,-47.8,754052,1622128457.70992
610.28,5.72,-0.35,0,-47.8,754071,1622128457.72961
610.28,5.72,-0.35,0,-47.8,754092,1622128457.75189
610.28,5.72,-0.35,0,-47.8,754111,1622128457.77294
610.28,5.72,-0.35,0,-47.8,754131,1622128457.79294
610.28,5.72,-0.35,0,-47.8,754151,1622128457.81214
610.28,5.72,-0.35,0,-47.8,754171,1622128457.83219
610.28,5.72,-0.35,0,-47.8,754192,1622128457.85248
610.28,5.72,-0.35,0,-47.8,754211,1622128457.86921
610.28,5.72,-0.35,0,-47.8,754232,1622128457.88974
610.28,5.72,-0.35,0,-47.8,754251,1622128457.91072
610.28,5.72,-0.35,0,-47.8,754272,1622128457.93112
610.28,5.72,-0.35,0,-47.8,754291,1622128457.95116
610.28,5.72,-0.35,0,-47.8,754312,1622128457.9715
610.28,5.72,-0.35,0,-47.8,754331,1622128457.99198
610.28,5.72,-0.35,0,-47.8,754352,1622128458.01307
610.28,5.72,-0.35,0,-47.8,754371,1622128458.03701
610.28,5.72,-0.35,0,-47.8,754392,1622128458.05251
610.28,5.72,-0.35,0,-47.8,754411,1622128458.07281
610.28,5.72,-0.35,0,-47.8,754432,1622128458.09214
610.28,5.72,-0.35,0,-47.8,754451,1622128458.11207
610.28,5.72,-0.35,0,-47.8,754471,1622128458.13799
610.28,5.72,-0.35,0,-47.8,754492,1622128458.15195
610.28,5.72,-0.35,0,-47.8,754511,1622128458.1728
610.28,5.72,-0.35,0,-47.8,754532,1622128458.19299
610.28,5.72,-0.35,0,-47.8,754551,1622128458.2129
610.28,5.72,-0.35,0,-47.8,754572,1622128458.22954
610.28,5.72,-0.35,0,-47.8,754591,1622128458.25037
610.28,5.72,-0.35,0,-47.8,754612,1622128458.27093
610.28,5.72,-0.35,0,-47.8,754631,1622128458.29143
610.28,5.72,-0.35,0,-47.8,754652,1622128458.31225
610.28,5.72,-0.35,0,-47.8,754671,1622128458.33309
610.28,5.72,-0.35,0,-47.8,754692,1622128458.35226
610.28,5.72,-0.35,0,-47.8,754711,1622128458.37399
610.28,5.72,-0.35,0,-47.8,754732,1622128458.39421
610.28,5.72,-0.35,0,-47.8,754751,1622128458.4094
610.28,5.72,-0.35,0,-47.8,754771,1622128458.43095
610.28,5.72,-0.35,0,-47.8,754791,1622128458.45098
610.28,5.72,-0.35,0,-47.8,754811,1622128458.47111
610.28,5.72,-0.35,0,-47.8,754832,1622128458.49167
610.28,5.72,-0.35,0,-47.8,754851,1622128458.51233
610.28,5.72,-0.35,0,-47.8,754872,1622128458.53825
610.28,5.72,-0.35,0,-47.8,754891,1622128458.55358
610.28,5.72,-0.35,0,-47.8,754912,1622128458.57336
610.28,5.72,-0.35,0,-47.8,754931,1622128458.58912
610.28,5.72,-0.35,0,-47.8,754952,1622128458.61044
610.28,5.72,-0.35,0,-47.8,754971,1622128458.63079
610.28,5.72,-0.35,0,-47.8,754992,1622128458.65121
610.28,5.72,-0.35,0,-47.8,755011,1622128458.67418
610.28,5.72,-0.35,0,-47.8,755032,1622128458.69269
610.28,5.72,-0.35,0,-47.8,755051,1622128458.71633
610.28,5.72,-0.35,0,-47.8,755072,1622128458.73366
610.28,5.72,-0.35,0,-47.8,755091,1622128458.75306
610.28,5.72,-0.35,0,-47.8,755111,1622128458.77011
610.28,5.72,-0.35,0,-47.8,755132,1622128458.79126
610.28,5.72,-0.35,0,-47.8,755151,1622128458.81166
610.28,5.72,-0.35,0,-47.8,755172,1622128458.83153
610.28,5.72,-0.35,0,-47.8,755191,1622128458.85202
610.28,5.72,-0.35,0,-47.8,755212,1622128458.87284
610.28,5.72,-0.35,0,-47.8,755231,1622128458.89396
610.28,5.72,-0.35,0,-47.8,755252,1622128458.9134
610.28,5.72,-0.35,0,-47.8,755271,1622128458.9341
610.28,5.72,-0.35,0,-47.82,755292,1622128458.9544
610.28,5.72,-0.35,0,-47.82,755312,1622128458.97045
610.28,5.72,-0.35,0,-47.85,755332,1622128459.00283
610.28,5.72,-0.35,0,-47.87,755351,1622128459.01534
610.28,5.72,-0.35,0,-47.9,755372,1622128459.03272
610.28,5.72,-0.35,0,-47.92,755392,1622128459.05446
610.28,5.72,-0.35,0,-47.93,755411,1622128459.0744
610.28,5.72,-0.35,0,-47.97,755432,1622128459.09534
610.28,5.72,-0.35,0,-47.97,755452,1622128459.11416
610.28,5.72,-0.35,0,-47.98,755472,1622128459.13413
610.28,5.72,-0.35,0,-48.02,755491,1622128459.15144
610.28,5.72,-0.35,0,-48.05,755512,1622128459.1715
610.28,5.72,-0.35,0,-48.08,755531,1622128459.19486
610.28,5.72,-0.35,0,-48.1,755552,1622128459.21457
610.28,5.72,-0.35,0,-48.15,755571,1622128459.23421
610.28,5.72,-0.35,0,-48.18,755592,1622128459.25527
610.28,5.72,-0.35,0,-48.23,755612,1622128459.27537
610.28,5.72,-0.35,0,-48.28,755632,1622128459.29509
610.28,5.72,-0.35,0,-48.32,755652,1622128459.31565
610.28,5.72,-0.35,0,-48.33,755672,1622128459.33165
610.28,5.72,-0.35,0,-48.37,755692,1622128459.35186
610.28,5.72,-0.35,0,-48.38,755712,1622128459.37253
610.28,5.72,-0.35,0,-48.4,755731,1622128459.39438
610.28,5.72,-0.35,0,-48.43,755752,1622128459.41443
610.28,5.72,-0.35,0,-48.48,755772,1622128459.43642
610.28,5.72,-0.35,0,-48.53,755791,1622128459.45381
610.28,5.72,-0.35,0,-48.58,755812,1622128459.47449
610.28,5.72,-0.35,0,-48.63,755831,1622128459.49505
610.28,5.72,-0.35,0,-48.67,755852,1622128459.51107
610.28,5.72,-0.35,0,-48.7,755872,1622128459.53103
610.28,5.72,-0.35,0,-48.72,755892,1622128459.55205
610.28,5.72,-0.35,0,-48.73,755911,1622128459.57386
610.28,5.72,-0.35,0,-48.73,755932,1622128459.59434
610.28,5.72,-0.35,0,-48.75,755951,1622128459.6148
610.28,5.72,-0.35,0,-48.75,755972,1622128459.63485
610.28,5.72,-0.35,0,-48.75,755992,1622128459.6552
610.28,5.72,-0.35,0,-48.75,756012,1622128459.67962
610.28,5.72,-0.35,0,-48.75,756032,1622128459.69189
610.28,5.72,-0.35,0,-48.75,756051,1622128459.71192
610.28,5.72,-0.35,0,-48.75,756072,1622128459.73236
610.28,5.72,-0.35,0,-48.75,756091,1622128459.7533
610.28,5.72,-0.35,0,-48.77,756112,1622128459.7737
610.28,5.72,-0.35,0,-48.77,756132,1622128459.79643
610.28,5.72,-0.35,0,-48.77,756152,1622128459.81694
610.28,5.72,-0.35,0,-48.77,756172,1622128459.83487
610.28,5.72,-0.35,0,-48.77,756192,1622128459.85537
610.28,5.72,-0.35,0,-48.77,756212,1622128459.87596
610.28,5.72,-0.35,0,-48.77,756232,1622128459.89188
610.28,5.72,-0.35,0,-48.77,756252,1622128459.91343
610.28,5.72,-0.35,0,-48.77,756272,1622128459.93285
610.28,5.72,-0.35,0,-48.77,756292,1622128459.95477
610.28,5.72,-0.35,0,-48.77,756313,1622128459.97478
610.28,5.72,-0.35,0,-48.77,756332,1622128459.9953
610.28,5.72,-0.35,0,-48.77,756353,1622128460.01573
610.28,5.72,-0.35,0,-48.77,756372,1622128460.0366
610.28,5.72,-0.35,0,-48.77,756392,1622128460.05671
610.28,5.72,-0.35,0,-48.77,756412,1622128460.07475
610.28,5.72,-0.35,0,-48.78,756431,1622128460.09417
610.28,5.72,-0.35,0,-48.78,756452,1622128460.11403
610.28,5.72,-0.35,0,-48.78,756471,1622128460.13457
610.28,5.72,-0.35,0,-48.78,756492,1622128460.15519
610.28,5.72,-0.35,0,-48.78,756511,1622128460.17582
610.28,5.72,-0.35,0,-48.78,756532,1622128460.19647
610.28,5.72,-0.35,0,-48.78,756551,1622128460.21651
610.28,5.72,-0.35,0,-48.78,756572,1622128460.23229
610.28,5.72,-0.35,0,-48.78,756591,1622128460.25339
610.28,5.72,-0.35,0,-48.78,756612,1622128460.27358
610.28,5.72,-0.35,0,-48.78,756632,1622128460.29458
610.28,5.72,-0.35,0,-48.78,756652,1622128460.31535
610.28,5.72,-0.35,0,-48.78,756672,1622128460.33539
610.28,5.72,-0.35,0,-48.78,756691,1622128460.35584
610.28,5.72,-0.35,0,-48.78,756712,1622128460.37647
610.28,5.72,-0.35,0,-48.78,756731,1622128460.39775
610.28,5.72,-0.35,0,-48.78,756752,1622128460.41261
610.28,5.72,-0.35,0,-48.78,756771,1622128460.43403
610.28,5.72,-0.35,0,-48.78,756792,1622128460.45394
610.28,5.72,-0.35,0,-48.78,756811,1622128460.47418
610.28,5.72,-0.35,0,-48.78,756832,1622128460.4951
610.28,5.72,-0.35,0,-48.78,756851,1622128460.51958
610.28,5.72,-0.35,0,-48.78,756872,1622128460.53557
610.28,5.72,-0.35,0,-48.78,756891,1622128460.55547
610.28,5.72,-0.35,0,-48.78,756912,1622128460.5766
610.28,5.72,-0.35,0,-48.78,756932,1622128460.59679
610.28,5.72,-0.35,0,-48.78,756952,1622128460.6134
610.28,5.72,-0.35,0,-48.78,756972,1622128460.63459
610.28,5.72,-0.35,0,-48.78,756992,1622128460.6583
610.28,5.72,-0.35,0,-48.78,757012,1622128460.67981
610.28,5.72,-0.35,0,-48.78,757031,1622128460.69495
610.28,5.72,-0.35,0,-48.78,757052,1622128460.7151
610.28,5.72,-0.35,0,-48.78,757071,1622128460.7364
610.28,5.72,-0.35,0,-48.78,757092,1622128460.75678
610.28,5.72,-0.35,0,-48.78,757111,1622128460.77695
610.28,5.72,-0.35,0,-48.78,757132,1622128460.79463
610.28,5.72,-0.35,0,-48.78,757151,1622128460.81469
610.28,5.72,-0.35,0,-48.78,757172,1622128460.83463
610.28,5.72,-0.35,0,-48.78,757192,1622128460.85499
610.28,5.72,-0.35,0,-48.78,757212,1622128460.87596
610.28,5.72,-0.35,0,-48.78,757232,1622128460.89649
610.28,5.72,-0.35,0,-48.8,757252,1622128460.91719
610.28,5.72,-0.35,0,-48.8,757271,1622128460.93665
610.28,5.72,-0.35,0,-48.8,757292,1622128460.96278
610.28,5.72,-0.35,0,-48.8,757311,1622128460.98112
610.28,5.72,-0.35,0,-48.8,757331,1622128460.9975
610.28,5.72,-0.35,0,-48.8,757351,1622128461.0151
610.28,5.72,-0.35,0,-48.8,757371,1622128461.03648
610.28,5.72,-0.35,0,-48.8,757392,1622128461.05675
610.28,5.72,-0.35,0,-48.8,757411,1622128461.07685
610.28,5.72,-0.35,0,-48.8,757432,1622128461.0968
610.28,5.72,-0.35,0,-48.8,757451,1622128461.11714
610.28,5.72,-0.35,0,-48.8,757472,1622128461.13401
610.28,5.72,-0.35,0,-48.8,757491,1622128461.15442
610.28,5.72,-0.35,0,-48.8,757512,1622128461.17463
610.28,5.72,-0.35,0,-48.8,757531,1622128461.19538
610.28,5.72,-0.35,0,-48.8,757552,1622128461.21939
610.28,5.72,-0.35,0,-48.8,757571,1622128461.23697
610.28,5.72,-0.35,0,-48.8,757592,1622128461.25604
610.28,5.72,-0.35,0,-48.8,757611,1622128461.27687
610.28,5.72,-0.35,0,-48.8,757632,1622128461.29718
610.28,5.72,-0.35,0,-48.8,757651,1622128461.31725
610.28,5.72,-0.35,0,-48.8,757671,1622128461.33405
610.28,5.72,-0.35,0,-48.8,757692,1622128461.35434
610.28,5.72,-0.35,0,-48.8,757711,1622128461.37694
610.28,5.72,-0.35,0,-48.8,757732,1622128461.39749
610.28,5.72,-0.35,0,-48.8,757751,1622128461.41947
610.28,5.72,-0.35,0,-48.8,757772,1622128461.43821
610.28,5.72,-0.35,0,-48.8,757791,1622128461.45882
610.28,5.72,-0.35,0,-48.8,757812,1622128461.47729
610.28,5.72,-0.35,0,-48.8,757831,1622128461.49764
610.28,5.72,-0.35,0,-48.8,757852,1622128461.51449
610.28,5.72,-0.35,0,-48.8,757871,1622128461.53521
610.28,5.72,-0.35,0,-48.8,757892,1622128461.55643
610.28,5.72,-0.35,0,-48.8,757911,1622128461.57701
610.28,5.72,-0.35,0,-48.8,757932,1622128461.59757
610.28,5.72,-0.35,0,-48.8,757951,1622128461.61789
610.28,5.72,-0.35,0,-48.8,757971,1622128461.6381
610.28,5.72,-0.35,0,-48.8,757991,1622128461.65882
610.28,5.72,-0.35,0,-48.8,758011,1622128461.67933
610.28,5.72,-0.35,0,-48.8,758032,1622128461.69736
610.28,5.72,-0.35,0,-48.8,758051,1622128461.71604
610.28,5.72,-0.35,0,-48.8,758072,1622128461.73632
610.28,5.72,-0.35,0,-48.8,758091,1622128461.75699
610.28,5.72,-0.35,0,-48.8,758112,1622128461.77748
610.28,5.72,-0.35,0,-48.8,758131,1622128461.79904
610.28,5.72,-0.35,0,-48.8,758152,1622128461.81841
610.28,5.72,-0.35,0,-48.8,758171,1622128461.83763
610.28,5.72,-0.35,0,-48.8,758192,1622128461.85824
610.28,5.72,-0.35,0,-48.8,758211,1622128461.87417
610.28,5.72,-0.35,0,-48.8,758232,1622128461.89653
610.28,5.72,-0.35,0,-48.8,758251,1622128461.91595
610.28,5.72,-0.35,0,-48.8,758272,1622128461.94624
610.28,5.72,-0.35,0,-48.8,758291,1622128461.95645
610.28,5.72,-0.35,0,-48.8,758311,1622128461.97714
610.28,5.72,-0.35,0,-48.8,758332,1622128461.99732
610.28,5.72,-0.35,0,-48.8,758351,1622128462.01709
610.28,5.72,-0.35,0,-48.8,758372,1622128462.03829
610.28,5.72,-0.35,0,-48.8,758391,1622128462.0545
610.28,5.72,-0.35,0,-48.8,758412,1622128462.07487
610.28,5.72,-0.35,0,-48.8,758431,1622128462.10149
610.28,5.72,-0.35,0,-48.8,758452,1622128462.12322
610.28,5.72,-0.35,0,-48.8,758471,1622128462.13844
610.28,5.72,-0.35,0,-48.8,758492,1622128462.15854
610.28,5.72,-0.35,0,-48.8,758511,1622128462.17796
610.28,5.72,-0.35,0,-48.8,758532,1622128462.19878
610.28,5.72,-0.35,0,-48.8,758551,1622128462.22366
610.28,5.72,-0.35,0,-48.8,758572,1622128462.23574
610.28,5.72,-0.35,0,-48.8,758591,1622128462.25533
610.28,5.72,-0.35,0,-48.8,758611,1622128462.27578
610.28,5.72,-0.35,0,-48.8,758631,1622128462.29804
610.28,5.72,-0.35,0,-48.8,758651,1622128462.32232
610.28,5.72,-0.35,0,-48.8,758672,1622128462.33805
610.28,5.72,-0.35,0,-48.8,758691,1622128462.35795
610.28,5.72,-0.35,0,-48.8,758712,1622128462.3781
610.28,5.72,-0.35,0,-48.8,758731,1622128462.39854
610.28,5.72,-0.35,0,-48.8,758752,1622128462.41541
610.28,5.72,-0.35,0,-48.8,758771,1622128462.43564
610.28,5.72,-0.35,0,-48.8,758792,1622128462.45632
610.28,5.72,-0.35,0,-48.8,758811,1622128462.47714
610.28,5.72,-0.35,0,-48.8,758832,1622128462.49799
610.28,5.72,-0.35,0,-48.8,758851,1622128462.51785
610.28,5.72,-0.35,0,-48.8,758872,1622128462.53831
610.28,5.72,-0.35,0,-48.8,758891,1622128462.55885
610.28,5.72,-0.35,0,-48.8,758912,1622128462.58403
610.28,5.72,-0.35,0,-48.8,758932,1622128462.59687
610.28,5.72,-0.35,0,-48.82,758951,1622128462.61612
610.28,5.72,-0.35,0,-48.82,758972,1622128462.63655
610.28,5.72,-0.35,0,-48.83,758992,1622128462.65623
610.28,5.72,-0.35,0,-48.88,759012,1622128462.6775
610.28,5.72,-0.35,0,-48.92,759031,1622128462.69933
610.28,5.72,-0.35,0,-48.93,759052,1622128462.71985
610.28,5.72,-0.35,0,-48.93,759071,1622128462.74022
610.28,5.72,-0.35,0,-48.95,759092,1622128462.76044
610.28,5.72,-0.35,0,-48.95,759112,1622128462.78065
610.28,5.72,-0.35,0,-48.97,759132,1622128462.80232
610.28,5.72,-0.35,0,-49.02,759151,1622128462.819
610.28,5.72,-0.35,0,-49.05,759172,1622128462.8373
610.28,5.72,-0.35,0,-49.07,759191,1622128462.85794
610.28,5.72,-0.35,0,-49.08,759212,1622128462.8782
610.28,5.72,-0.35,0,-49.1,759232,1622128462.89865
610.28,5.72,-0.35,0,-49.13,759251,1622128462.91962
610.28,5.72,-0.35,0,-49.15,759272,1622128462.94024
610.28,5.72,-0.35,0,-49.18,759291,1622128462.96077
610.28,5.72,-0.35,0,-49.22,759312,1622128462.98594
610.28,5.72,-0.35,0,-49.25,759332,1622128462.99879
610.28,5.72,-0.35,0,-49.28,759352,1622128463.0174
610.28,5.72,-0.35,0,-49.3,759372,1622128463.03845
610.28,5.72,-0.35,0,-49.33,759392,1622128463.05893
610.28,5.72,-0.35,0,-49.35,759411,1622128463.07923
610.28,5.72,-0.35,0,-49.38,759432,1622128463.09978
610.28,5.72,-0.35,0,-49.4,759451,1622128463.12105
610.28,5.72,-0.35,0,-49.42,759472,1622128463.14038
610.28,5.72,-0.35,0,-49.43,759492,1622128463.16128
610.28,5.72,-0.35,0,-49.47,759512,1622128463.17812
610.28,5.72,-0.35,0,-49.5,759532,1622128463.19887
610.28,5.72,-0.35,0,-49.53,759552,1622128463.21879
610.28,5.72,-0.35,0,-49.57,759572,1622128463.23826
610.28,5.72,-0.35,0,-49.58,759591,1622128463.25929
610.28,5.72,-0.35,0,-49.6,759612,1622128463.28069
610.28,5.72,-0.35,0,-49.63,759632,1622128463.29998
610.28,5.72,-0.35,0,-49.65,759652,1622128463.32068
610.28,5.72,-0.35,0,-49.67,759671,1622128463.3372
610.28,5.72,-0.35,0,-49.68,759692,1622128463.35738
610.28,5.72,-0.35,0,-49.72,759712,1622128463.37811
610.28,5.72,-0.35,0,-49.73,759732,1622128463.39938
610.28,5.72,-0.35,0,-49.77,759752,1622128463.4194
610.28,5.72,-0.35,0,-49.78,759772,1622128463.43998
610.28,5.72,-0.35,0,-49.82,759791,1622128463.461
610.28,5.72,-0.35,0,-49.83,759812,1622128463.48253
610.28,5.72,-0.35,0,-49.85,759832,1622128463.50176
610.28,5.72,-0.35,0,-49.87,759852,1622128463.51811
610.28,5.72,-0.35,0,-49.9,759872,1622128463.54647
610.28,5.72,-0.35,0,-49.92,759891,1622128463.55814
610.28,5.72,-0.35,0,-49.93,759911,1622128463.57952
610.28,5.72,-0.35,0,-49.95,759931,1622128463.59898
610.28,5.72,-0.35,0,-49.97,759952,1622128463.61999
610.28,5.72,-0.35,0,-49.98,759971,1622128463.64026
610.28,5.72,-0.35,0,-50.02,759992,1622128463.66053
610.28,5.72,-0.35,0,-50.03,760012,1622128463.68147
610.28,5.72,-0.35,0,-50.05,760032,1622128463.69738
610.28,5.72,-0.35,0,-50.08,760051,1622128463.71747
610.28,5.72,-0.35,0,-50.1,760072,1622128463.73832
610.28,5.72,-0.35,0,-50.12,760092,1622128463.76935
610.28,5.72,-0.35,0,-50.13,760112,1622128463.78185
610.28,5.72,-0.35,0,-50.17,760132,1622128463.79969
610.28,5.72,-0.35,0,-50.18,760152,1622128463.82085
610.28,5.72,-0.35,0,-50.22,760172,1622128463.84063
610.28,5.72,-0.35,0,-50.23,760193,1622128463.86732
610.28,5.72,-0.35,0,-50.27,760212,1622128463.88995
610.28,5.72,-0.35,0,-50.28,760231,1622128463.89877
610.28,5.72,-0.35,0,-50.32,760252,1622128463.9191
610.28,5.72,-0.35,0,-50.35,760271,1622128463.93929
610.28,5.72,-0.35,0,-50.38,760292,1622128463.9608
610.28,5.72,-0.35,0,-50.4,760311,1622128463.98196
610.28,5.72,-0.35,0,-50.43,760332,1622128464.00181
610.28,5.72,-0.35,0,-50.45,760352,1622128464.02217
610.28,5.72,-0.35,0,-50.47,760372,1622128464.04237
610.28,5.72,-0.35,0,-50.5,760392,1622128464.06325
610.28,5.72,-0.35,0,-50.52,760412,1622128464.07933
610.28,5.72,-0.35,0,-50.53,760431,1622128464.09964
610.28,5.72,-0.35,0,-50.55,760452,1622128464.11994
610.28,5.72,-0.35,0,-50.57,760472,1622128464.14071
610.28,5.72,-0.35,0,-50.6,760492,1622128464.16075
610.28,5.72,-0.35,0,-50.62,760512,1622128464.18103
610.28,5.72,-0.35,0,-50.63,760532,1622128464.20165
610.28,5.72,-0.35,0,-50.65,760552,1622128464.22132
610.28,5.72,-0.35,0,-50.67,760571,1622128464.2379
610.28,5.72,-0.35,0,-50.68,760592,1622128464.25837
610.28,5.72,-0.35,0,-50.7,760612,1622128464.27873
610.28,5.72,-0.35,0,-50.72,760632,1622128464.29931
610.28,5.72,-0.35,0,-50.72,760652,1622128464.32533
610.28,5.72,-0.35,0,-50.73,760672,1622128464.34241
610.28,5.72,-0.35,0,-50.75,760691,1622128464.36132
610.28,5.72,-0.35,0,-50.75,760712,1622128464.38116
610.28,5.72,-0.35,0,-50.77,760732,1622128464.40899
610.28,5.72,-0.35,0,-50.77,760752,1622128464.42425
610.28,5.72,-0.35,0,-50.78,760771,1622128464.4384
610.28,5.72,-0.35,0,-50.8,760792,1622128464.45969
610.28,5.72,-0.35,0,-50.82,760812,1622128464.47916
610.28,5.72,-0.35,0,-50.83,760832,1622128464.50108
610.28,5.72,-0.35,0,-50.83,760852,1622128464.52183
610.28,5.72,-0.35,0,-50.85,760871,1622128464.54229
610.28,5.72,-0.35,0,-50.87,760892,1622128464.5627
610.28,5.72,-0.35,0,-50.9,760912,1622128464.5829
610.28,5.72,-0.35,0,-50.92,760932,1622128464.60434
610.28,5.72,-0.35,0,-50.93,760951,1622128464.61983
610.28,5.72,-0.35,0,-50.93,760972,1622128464.64858
610.28,5.72,-0.35,0,-50.93,760991,1622128464.66098
610.28,5.72,-0.35,0,-50.95,761012,1622128464.68064
610.28,5.72,-0.35,0,-50.95,761031,1622128464.70173
610.28,5.72,-0.35,0,-50.97,761052,1622128464.72581
610.28,5.72,-0.35,0,-50.98,761072,1622128464.74175
610.28,5.72,-0.35,0,-50.98,761092,1622128464.76213
610.28,5.72,-0.35,0,-51,761111,1622128464.78644
610.28,5.72,-0.35,0,-51,761132,1622128464.80235
610.28,5.72,-0.35,0,-51.02,761152,1622128464.8193
610.28,5.72,-0.35,0,-51.03,761172,1622128464.84848
610.28,5.72,-0.35,0,-51.03,761192,1622128464.86381
610.28,5.72,-0.35,0,-51.05,761211,1622128464.88462
610.28,5.72,-0.35,0,-51.07,761232,1622128464.90198
610.28,5.72,-0.35,0,-51.07,761251,1622128464.92182
610.28,5.72,-0.35,0,-51.08,761272,1622128464.94745
610.28,5.72,-0.35,0,-51.08,761291,1622128464.96323
610.28,5.72,-0.35,0,-51.1,761312,1622128464.98338
610.28,5.72,-0.35,0,-51.12,761332,1622128464.99967
610.28,5.72,-0.35,0,-51.12,761352,1622128465.02074
610.28,5.72,-0.35,0,-51.13,761371,1622128465.04101
610.28,5.72,-0.35,0,-51.15,761392,1622128465.06187
610.28,5.72,-0.35,0,-51.15,761412,1622128465.08274
610.28,5.72,-0.35,0,-51.15,761432,1622128465.10228
610.28,5.72,-0.35,0,-51.17,761452,1622128465.12274
610.28,5.72,-0.35,0,-51.17,761473,1622128465.14401
610.28,5.72,-0.35,0,-51.17,761492,1622128465.16446
610.28,5.72,-0.35,0,-51.18,761511,1622128465.18023
610.28,5.72,-0.35,0,-51.18,761532,1622128465.20079
610.28,5.72,-0.35,0,-51.2,761551,1622128465.22208
610.28,5.72,-0.35,0,-51.2,761572,1622128465.24246
610.28,5.72,-0.35,0,-51.22,761591,1622128465.26281
610.28,5.72,-0.35,0,-51.23,761612,1622128465.28323
610.28,5.72,-0.35,0,-51.25,761632,1622128465.30327
610.28,5.72,-0.35,0,-51.27,761652,1622128465.32382
610.28,5.72,-0.35,0,-51.28,761671,1622128465.34095
610.28,5.72,-0.35,0,-51.28,761692,1622128465.36122
610.28,5.72,-0.35,0,-51.3,761712,1622128465.38131
610.28,5.72,-0.35,0,-51.3,761732,1622128465.40195
610.28,5.72,-0.35,0,-51.3,761752,1622128465.42229
610.28,5.72,-0.35,0,-51.32,761772,1622128465.44268
610.28,5.72,-0.35,0,-51.33,761792,1622128465.46225
610.28,5.72,-0.35,0,-51.33,761811,1622128465.48233
610.28,5.72,-0.35,0,-51.35,761832,1622128465.50359
610.28,5.72,-0.35,0,-51.37,761851,1622128465.52418
610.28,5.72,-0.35,0,-51.37,761872,1622128465.5396
610.28,5.72,-0.35,0,-51.37,761892,1622128465.56118
610.28,5.72,-0.35,0,-51.38,761912,1622128465.58215
610.28,5.72,-0.35,0,-51.38,761932,1622128465.60233
610.28,5.72,-0.35,0,-51.38,761952,1622128465.62276
610.28,5.72,-0.35,0,-51.4,761971,1622128465.64307
610.28,5.72,-0.35,0,-51.4,761992,1622128465.67425
610.28,5.72,-0.35,0,-51.42,762011,1622128465.68727
610.28,5.72,-0.35,0,-51.42,762032,1622128465.7073
610.28,5.72,-0.35,0,-51.43,762052,1622128465.72098
610.28,5.72,-0.35,0,-51.45,762072,1622128465.745
610.28,5.72,-0.35,0,-51.45,762092,1622128465.76265
610.28,5.72,-0.35,0,-51.47,762112,1622128465.78394
610.28,5.72,-0.35,0,-51.47,762131,1622128465.80274
610.28,5.72,-0.35,0,-51.48,762151,1622128465.823
610.28,5.72,-0.35,0,-51.48,762172,1622128465.84431
610.28,5.72,-0.35,0,-51.48,762191,1622128465.8646
610.28,5.72,-0.35,0,-51.5,762212,1622128465.88875
610.28,5.72,-0.35,0,-51.5,762232,1622128465.90491
610.28,5.72,-0.35,0,-51.5,762252,1622128465.92068
610.28,5.72,-0.35,0,-51.5,762272,1622128465.94199
610.28,5.72,-0.35,0,-51.52,762292,1622128465.96201
610.28,5.72,-0.35,0,-51.53,762311,1622128465.98217
610.28,5.72,-0.35,0,-51.55,762332,1622128466.00296
610.28,5.72,-0.35,0,-51.57,762352,1622128466.02296
610.28,5.72,-0.35,0,-51.57,762372,1622128466.04445
610.28,5.72,-0.35,0,-51.58,762392,1622128466.06477
610.28,5.72,-0.35,0,-51.6,762412,1622128466.08181
610.28,5.72,-0.35,0,-51.6,762432,1622128466.10191
610.28,5.72,-0.35,0,-51.62,762451,1622128466.12205
610.28,5.72,-0.35,0,-51.62,762472,1622128466.14252
610.28,5.72,-0.35,0,-51.62,762491,1622128466.16431
610.28,5.72,-0.35,0,-51.62,762512,1622128466.18366
610.28,5.72,-0.35,0,-51.63,762532,1622128466.2039
610.28,5.72,-0.35,0,-51.63,762552,1622128466.22431
610.28,5.72,-0.35,0,-51.63,762572,1622128466.24591
610.28,5.72,-0.35,0,-51.65,762592,1622128466.26165
610.28,5.72,-0.35,0,-51.65,762612,1622128466.28206
610.28,5.72,-0.35,0,-51.65,762632,1622128466.30251
610.28,5.72,-0.35,0,-51.65,762652,1622128466.3249
610.28,5.72,-0.35,0,-51.65,762672,1622128466.34883
610.28,5.72,-0.35,0,-51.67,762691,1622128466.36422
610.28,5.72,-0.35,0,-51.68,762712,1622128466.3838
610.28,5.72,-0.35,0,-51.7,762732,1622128466.404
610.28,5.72,-0.35,0,-51.72,762752,1622128466.42433
610.28,5.72,-0.35,0,-51.73,762772,1622128466.44172
610.28,5.72,-0.35,0,-51.75,762791,1622128466.46416
610.28,5.72,-0.35,0,-51.77,762812,1622128466.48602
610.28,5.72,-0.35,0,-51.77,762832,1622128466.5052
610.28,5.72,-0.35,0,-51.77,762852,1622128466.52557
610.28,5.72,-0.35,0,-51.78,762872,1622128466.54575
610.28,5.72,-0.35,0,-51.78,762892,1622128466.57003
610.28,5.72,-0.35,0,-51.78,762912,1622128466.58765
610.28,5.72,-0.35,0,-51.78,762932,1622128466.60563
610.28,5.72,-0.35,0,-51.78,762952,1622128466.62261
610.28,5.72,-0.35,0,-51.8,762972,1622128466.64316
610.28,5.72,-0.35,0,-51.8,762991,1622128466.66449
610.28,5.72,-0.35,0,-51.82,763012,1622128466.68728
610.28,5.72,-0.35,0,-51.83,763032,1622128466.70375
610.28,5.72,-0.35,0,-51.85,763052,1622128466.72355
610.28,5.72,-0.35,0,-51.87,763072,1622128466.74432
610.28,5.72,-0.35,0,-51.87,763091,1622128466.76454
610.28,5.72,-0.35,0,-51.88,763112,1622128466.78565
610.28,5.72,-0.35,0,-51.9,763132,1622128466.80587
610.28,5.72,-0.35,0,-51.9,763152,1622128466.82234
610.28,5.72,-0.35,0,-51.92,763172,1622128466.84267
610.28,5.72,-0.35,0,-51.92,763192,1622128466.86349
610.28,5.72,-0.35,0,-51.92,763211,1622128466.88739
610.28,5.72,-0.35,0,-51.93,763232,1622128466.90783
610.28,5.72,-0.35,0,-51.95,763252,1622128466.92534
610.28,5.72,-0.35,0,-51.95,763272,1622128466.94455
610.28,5.72,-0.35,0,-51.97,763292,1622128466.96506
610.28,5.72,-0.35,0,-51.97,763312,1622128466.98618
610.28,5.72,-0.35,0,-51.98,763332,1622128467.00182
610.28,5.72,-0.35,0,-51.98,763352,1622128467.02249
610.28,5.72,-0.35,0,-51.98,763372,1622128467.04347
610.28,5.72,-0.35,0,-51.98,763392,1622128467.06881
610.28,5.72,-0.35,0,-52,763412,1622128467.08744
610.28,5.72,-0.35,0,-52,763431,1622128467.10498
610.28,5.72,-0.35,0,-52.02,763452,1622128467.12591
610.28,5.72,-0.35,0,-52.02,763471,1622128467.14647
610.28,5.72,-0.35,0,-52.02,763492,1622128467.16582
610.28,5.72,-0.35,0,-52.03,763512,1622128467.18278
610.28,5.72,-0.35,0,-52.03,763532,1622128467.20272
610.28,5.72,-0.35,0,-52.03,763552,1622128467.22414
610.28,5.72,-0.35,0,-52.05,763572,1622128467.24489
610.28,5.72,-0.35,0,-52.07,763592,1622128467.26503
610.28,5.72,-0.35,0,-52.07,763612,1622128467.2851
610.28,5.72,-0.35,0,-52.08,763632,1622128467.30602
610.28,5.72,-0.35,0,-52.08,763652,1622128467.32592
610.28,5.72,-0.35,0,-52.08,763672,1622128467.34729
610.28,5.72,-0.35,0,-52.08,763692,1622128467.36357
610.28,5.72,-0.35,0,-52.1,763712,1622128467.38414
610.28,5.72,-0.35,0,-52.1,763732,1622128467.40665
610.28,5.72,-0.35,0,-52.1,763752,1622128467.4263
610.28,5.72,-0.35,0,-52.1,763772,1622128467.4469
610.28,5.72,-0.35,0,-52.1,763792,1622128467.46644
610.28,5.72,-0.35,0,-52.12,763811,1622128467.48627
610.28,5.72,-0.35,0,-52.12,763832,1622128467.50737
610.28,5.72,-0.35,0,-52.12,763851,1622128467.5263
610.28,5.72,-0.35,0,-52.13,763872,1622128467.54303
610.28,5.72,-0.35,0,-52.13,763891,1622128467.56458
610.28,5.72,-0.35,0,-52.15,763912,1622128467.58494
610.28,5.72,-0.35,0,-52.17,763932,1622128467.60631
610.28,5.72,-0.35,0,-52.17,763952,1622128467.63066
610.28,5.72,-0.35,0,-52.18,763971,1622128467.64599
610.28,5.72,-0.35,0,-52.2,763992,1622128467.66632
610.28,5.72,-0.35,0,-52.2,764012,1622128467.68685
610.28,5.72,-0.35,0,-52.22,764032,1622128467.70327
610.28,5.72,-0.35,0,-52.22,764052,1622128467.7235
610.28,5.72,-0.35,0,-52.22,764071,1622128467.74359
610.28,5.72,-0.35,0,-52.22,764092,1622128467.76487
610.28,5.72,-0.35,0,-52.22,764111,1622128467.78511
610.28,5.72,-0.35,0,-52.22,764132,1622128467.80518
610.28,5.72,-0.35,0,-52.22,764151,1622128467.82649
610.28,5.72,-0.35,0,-52.22,764172,1622128467.84652
610.28,5.72,-0.35,0,-52.23,764192,1622128467.86753
610.28,5.72,-0.35,0,-52.23,764212,1622128467.88786
610.28,5.72,-0.35,0,-52.25,764232,1622128467.90433
610.28,5.72,-0.35,0,-52.27,764252,1622128467.92398
610.28,5.72,-0.35,0,-52.27,764271,1622128467.94495
610.28,5.72,-0.35,0,-52.28,764292,1622128467.96521
610.28,5.72,-0.35,0,-52.28,764312,1622128467.98603
610.28,5.72,-0.35,0,-52.28,764332,1622128468.00627
610.28,5.72,-0.35,0,-52.3,764352,1622128468.02718
610.28,5.72,-0.35,0,-52.3,764372,1622128468.04739
610.28,5.72,-0.35,0,-52.3,764392,1622128468.06789
610.28,5.72,-0.35,0,-52.3,764412,1622128468.08796
610.28,5.72,-0.35,0,-52.3,764432,1622128468.10492
610.28,5.72,-0.35,0,-52.32,764451,1622128468.13541
610.28,5.72,-0.35,0,-52.32,764472,1622128468.14616
610.28,5.72,-0.35,0,-52.32,764492,1622128468.1673
610.28,5.72,-0.35,0,-52.32,764512,1622128468.18654
610.28,5.72,-0.35,0,-52.32,764532,1622128468.20687
610.28,5.72,-0.35,0,-52.32,764552,1622128468.22673
610.28,5.72,-0.35,0,-52.32,764572,1622128468.2483
610.28,5.72,-0.35,0,-52.32,764592,1622128468.26403
610.28,5.72,-0.35,0,-52.33,764611,1622128468.28437
610.28,5.72,-0.35,0,-52.33,764632,1622128468.30648
610.28,5.72,-0.35,0,-52.33,764651,1622128468.32673
610.28,5.72,-0.35,0,-52.33,764672,1622128468.35131
610.28,5.72,-0.35,0,-52.33,764692,1622128468.36749
610.28,5.72,-0.35,0,-52.33,764711,1622128468.38698
610.28,5.72,-0.35,0,-52.33,764732,1622128468.40675
610.28,5.72,-0.35,0,-52.33,764751,1622128468.42832
610.28,5.72,-0.35,0,-52.33,764772,1622128468.44363
610.28,5.72,-0.35,0,-52.33,764791,1622128468.46533
610.28,5.72,-0.35,0,-52.33,764812,1622128468.48606
610.28,5.72,-0.35,0,-52.33,764831,1622128468.50635
610.28,5.72,-0.35,0,-52.33,764852,1622128468.52803
610.28,5.72,-0.35,0,-52.33,764871,1622128468.54815
610.28,5.72,-0.35,0,-52.33,764892,1622128468.56781
610.28,5.72,-0.35,0,-52.33,764911,1622128468.58771
610.28,5.72,-0.35,0,-52.33,764932,1622128468.60897
610.28,5.72,-0.35,0,-52.33,764952,1622128468.62465
610.28,5.72,-0.35,0,-52.35,764972,1622128468.6459
610.28,5.72,-0.35,0,-52.35,764992,1622128468.66599
610.28,5.72,-0.35,0,-52.35,765011,1622128468.68657
610.28,5.72,-0.35,0,-52.35,765032,1622128468.70654
610.28,5.72,-0.35,0,-52.35,765051,1622128468.72782
610.28,5.72,-0.35,0,-52.35,765072,1622128468.74835
610.28,5.72,-0.35,0,-52.35,765091,1622128468.76882
610.28,5.72,-0.35,0,-52.37,765112,1622128468.78928
610.28,5.72,-0.35,0,-52.37,765132,1622128468.80932
610.28,5.72,-0.35,0,-52.37,765152,1622128468.8258
610.28,5.72,-0.35,0,-52.37,765172,1622128468.846
610.28,5.72,-0.35,0,-52.38,765192,1622128468.86723
610.28,5.72,-0.35,0,-52.38,765212,1622128468.88741
610.28,5.72,-0.35,0,-52.38,765232,1622128468.90754
610.28,5.72,-0.35,0,-52.4,765251,1622128468.92777
610.28,5.72,-0.35,0,-52.4,765272,1622128468.94833
610.28,5.72,-0.35,0,-52.4,765291,1622128468.96884
610.28,5.72,-0.35,0,-52.4,765312,1622128468.98581
610.28,5.72,-0.35,0,-52.4,765331,1622128469.00607
610.28,5.72,-0.35,0,-52.42,765351,1622128469.03461
610.28,5.72,-0.35,0,-52.42,765372,1622128469.04874
610.28,5.72,-0.35,0,-52.42,765391,1622128469.0669
610.28,5.72,-0.35,0,-52.43,765412,1622128469.08735
610.28,5.72,-0.35,0,-52.43,765432,1622128469.10839
610.28,5.72,-0.35,0,-52.45,765452,1622128469.1286
610.28,5.72,-0.35,0,-52.45,765472,1622128469.15828
610.28,5.72,-0.35,0,-52.45,765492,1622128469.16976
610.28,5.72,-0.35,0,-52.45,765512,1622128469.18739
610.28,5.72,-0.35,0,-52.45,765532,1622128469.20711
610.28,5.72,-0.35,0,-52.47,765551,1622128469.22677
610.28,5.72,-0.35,0,-52.47,765572,1622128469.2473
610.28,5.72,-0.35,0,-52.47,765591,1622128469.2677
610.28,5.72,-0.35,0,-52.48,765612,1622128469.28868
610.28,5.72,-0.35,0,-52.48,765632,1622128469.30793
610.28,5.72,-0.35,0,-52.48,765651,1622128469.32896
610.28,5.72,-0.35,0,-52.5,765672,1622128469.34952
610.28,5.72,-0.35,0,-52.5,765692,1622128469.37042
610.28,5.72,-0.35,0,-52.52,765712,1622128469.38844
610.28,5.72,-0.35,0,-52.52,765731,1622128469.40789
610.28,5.72,-0.35,0,-52.52,765752,1622128469.42783
610.28,5.72,-0.35,0,-52.52,765771,1622128469.44865
610.28,5.72,-0.35,0,-52.52,765792,1622128469.4688
610.28,5.72,-0.35,0,-52.52,765812,1622128469.48973
610.28,5.72,-0.35,0,-52.52,765832,1622128469.5107
610.28,5.72,-0.35,0,-52.52,765852,1622128469.5342
610.28,5.72,-0.35,0,-52.52,765872,1622128469.55645
610.28,5.72,-0.35,0,-52.52,765892,1622128469.56757
610.28,5.72,-0.35,0,-52.52,765912,1622128469.58639
610.28,5.72,-0.35,0,-52.52,765932,1622128469.6069
610.28,5.72,-0.35,0,-52.53,765952,1622128469.62848
610.28,5.72,-0.35,0,-52.53,765972,1622128469.64779
610.28,5.72,-0.35,0,-52.53,765991,1622128469.66957
610.28,5.72,-0.35,0,-52.53,766012,1622128469.69
610.28,5.72,-0.35,0,-52.53,766031,1622128469.70627
610.28,5.72,-0.35,0,-52.53,766052,1622128469.72669
610.28,5.72,-0.35,0,-52.53,766071,1622128469.74719
610.28,5.72,-0.35,0,-52.55,766092,1622128469.76795
610.28,5.72,-0.35,0,-52.55,766112,1622128469.79063
610.28,5.72,-0.35,0,-52.57,766132,1622128469.80893
610.28,5.72,-0.35,0,-52.57,766152,1622128469.83033
610.28,5.72,-0.35,0,-52.58,766172,1622128469.85051
610.28,5.72,-0.35,0,-52.58,766192,1622128469.8701
610.28,5.72,-0.35,0,-52.6,766212,1622128469.8907
610.28,5.72,-0.35,0,-52.6,766231,1622128469.9073
610.28,5.72,-0.35,0,-52.6,766252,1622128469.92748
610.28,5.72,-0.35,0,-52.6,766271,1622128469.94776
610.28,5.72,-0.35,0,-52.6,766291,1622128469.96907
610.28,5.72,-0.35,0,-52.6,766312,1622128469.98913
610.28,5.72,-0.35,0,-52.6,766331,1622128470.00933
610.28,5.72,-0.35,0,-52.62,766352,1622128470.02989
610.28,5.72,-0.35,0,-52.62,766371,1622128470.05034
610.28,5.72,-0.35,0,-52.62,766392,1622128470.07062
610.28,5.72,-0.35,0,-52.62,766412,1622128470.08728
610.28,5.72,-0.35,0,-52.62,766432,1622128470.10774
610.28,5.72,-0.35,0,-52.62,766452,1622128470.12803
610.28,5.72,-0.35,0,-52.62,766472,1622128470.14971
610.28,5.72,-0.35,0,-52.62,766492,1622128470.1698
610.28,5.72,-0.35,0,-52.62,766512,1622128470.19021
610.28,5.72,-0.35,0,-52.62,766532,1622128470.2105
610.28,5.72,-0.35,0,-52.62,766552,1622128470.2303
610.28,5.72,-0.35,0,-52.62,766572,1622128470.25109
610.28,5.72,-0.35,0,-52.62,766592,1622128470.26789
610.28,5.72,-0.35,0,-52.62,766612,1622128470.28793
610.28,5.72,-0.35,0,-52.62,766631,1622128470.30813
610.28,5.72,-0.35,0,-52.62,766652,1622128470.33766
610.28,5.72,-0.35,0,-52.63,766672,1622128470.35033
610.28,5.72,-0.35,0,-52.63,766692,1622128470.36897
610.28,5.72,-0.35,0,-52.63,766712,1622128470.39336
610.28,5.72,-0.35,0,-52.63,766732,1622128470.41044
610.28,5.72,-0.35,0,-52.63,766752,1622128470.43053
610.28,5.72,-0.35,0,-52.63,766772,1622128470.45535
610.28,5.72,-0.35,0,-52.63,766792,1622128470.47196
610.28,5.72,-0.35,0,-52.63,766812,1622128470.48889
610.28,5.72,-0.35,0,-52.63,766832,1622128470.50814
610.28,5.72,-0.35,0,-52.63,766852,1622128470.52963
610.28,5.72,-0.35,0,-52.63,766872,1622128470.54962
610.28,5.72,-0.35,0,-52.63,766893,1622128470.57015
610.28,5.72,-0.35,0,-52.63,766912,1622128470.59085
610.28,5.72,-0.35,0,-52.63,766932,1622128470.61095
610.28,5.72,-0.35,0,-52.63,766952,1622128470.63108
610.28,5.72,-0.35,0,-52.63,766972,1622128470.64795
610.28,5.72,-0.35,0,-52.63,766992,1622128470.6687
610.28,5.72,-0.35,0,-52.63,767012,1622128470.68952
610.28,5.72,-0.35,0,-52.63,767032,1622128470.71131
610.28,5.72,-0.35,0,-52.63,767052,1622128470.73185
610.28,5.72,-0.35,0,-52.63,767072,1622128470.7518
610.28,5.72,-0.35,0,-52.63,767092,1622128470.77872
610.28,5.72,-0.35,0,-52.63,767112,1622128470.79253
610.28,5.72,-0.35,0,-52.63,767132,1622128470.81155
610.28,5.72,-0.35,0,-52.63,767152,1622128470.82851
610.28,5.72,-0.35,0,-52.63,767172,1622128470.85857
610.28,5.72,-0.35,0,-52.63,767192,1622128470.87075
610.28,5.72,-0.35,0,-52.63,767212,1622128470.89046
610.28,5.72,-0.35,0,-52.63,767233,1622128470.91791
610.28,5.72,-0.35,0,-52.63,767252,1622128470.93445
610.28,5.72,-0.35,0,-52.63,767272,1622128470.95669
610.28,5.72,-0.35,0,-52.63,767292,1622128470.974
610.28,5.72,-0.35,0,-52.63,767312,1622128470.99161
610.28,5.72,-0.35,0,-52.63,767332,1622128471.01353
610.28,5.72,-0.35,0,-52.63,767352,1622128471.0292
610.28,5.72,-0.35,0,-52.65,767372,1622128471.0497
610.28,5.72,-0.35,0,-52.65,767392,1622128471.0699
610.28,5.72,-0.35,0,-52.65,767412,1622128471.091
610.28,5.72,-0.35,0,-52.65,767432,1622128471.11996
610.28,5.72,-0.35,0,-52.65,767452,1622128471.13214
610.28,5.72,-0.35,0,-52.65,767472,1622128471.15162
610.28,5.72,-0.35,0,-52.65,767492,1622128471.1718
610.28,5.72,-0.35,0,-52.65,767512,1622128471.18845
610.28,5.72,-0.35,0,-52.65,767532,1622128471.2087
610.28,5.72,-0.35,0,-52.65,767552,1622128471.22992
610.28,5.72,-0.35,0,-52.65,767571,1622128471.24995
610.28,5.72,-0.35,0,-52.65,767592,1622128471.27045
610.28,5.72,-0.35,0,-52.65,767611,1622128471.29193
610.28,5.72,-0.35,0,-52.65,767632,1622128471.31242
610.28,5.72,-0.35,0,-52.65,767651,1622128471.33764
610.28,5.72,-0.35,0,-52.65,767672,1622128471.35292
610.28,5.72,-0.35,0,-52.65,767692,1622128471.36823
610.28,5.72,-0.35,0,-52.65,767712,1622128471.38889
610.28,5.72,-0.35,0,-52.67,767731,1622128471.41953
610.28,5.72,-0.35,0,-52.67,767752,1622128471.43263
610.28,5.72,-0.35,0,-52.67,767771,1622128471.45025
610.28,5.72,-0.35,0,-52.67,767792,1622128471.47142
610.28,5.72,-0.35,0,-52.67,767811,1622128471.49092
610.28,5.72,-0.35,0,-52.67,767832,1622128471.51259
610.28,5.72,-0.35,0,-52.67,767851,1622128471.53205
610.28,5.72,-0.35,0,-52.67,767872,1622128471.55121
610.28,5.72,-0.35,0,-52.67,767891,1622128471.57362
610.28,5.72,-0.35,0,-52.67,767911,1622128471.58936
610.28,5.72,-0.35,0,-52.67,767932,1622128471.61614
610.28,5.72,-0.35,0,-52.67,767951,1622128471.63184
610.28,5.72,-0.35,0,-52.67,767972,1622128471.65119
610.28,5.72,-0.35,0,-52.67,767991,1622128471.67185
610.28,5.72,-0.35,0,-52.67,768012,1622128471.69299
610.28,5.72,-0.35,0,-52.67,768031,1622128471.70838
610.28,5.72,-0.35,0,-52.67,768052,1622128471.73031
610.28,5.72,-0.35,0,-52.67,768071,1622128471.74957
610.28,5.72,-0.35,0,-52.67,768092,1622128471.76996
610.28,5.72,-0.35,0,-52.67,768111,1622128471.79156
610.28,5.72,-0.35,0,-52.67,768132,1622128471.81196
610.28,5.72,-0.35,0,-52.67,768151,1622128471.83154
610.28,5.72,-0.35,0,-52.67,768172,1622128471.8526
610.28,5.72,-0.35,0,-52.67,768192,1622128471.87425
610.28,5.72,-0.35,0,-52.67,768211,1622128471.8934
610.28,5.72,-0.35,0,-52.67,768232,1622128471.91025
610.28,5.72,-0.35,0,-52.67,768251,1622128471.93325
610.28,5.72,-0.35,0,-52.67,768272,1622128471.95819
610.28,5.72,-0.35,0,-52.67,768291,1622128471.97117
610.28,5.72,-0.35,0,-52.67,768312,1622128471.99506
610.28,5.72,-0.35,0,-52.68,768331,1622128472.01165
610.28,5.72,-0.35,0,-52.68,768352,1622128472.0326
610.28,5.72,-0.35,0,-52.68,768372,1622128472.05265
610.28,5.72,-0.35,0,-52.68,768392,1622128472.07291
610.28,5.72,-0.35,0,-52.68,768412,1622128472.08998
610.28,5.72,-0.35,0,-52.68,768432,1622128472.10964
610.28,5.72,-0.35,0,-52.68,768452,1622128472.13098
610.28,5.72,-0.35,0,-52.68,768472,1622128472.15151
610.28,5.72,-0.35,0,-52.68,768492,1622128472.172
610.28,5.72,-0.35,0,-52.68,768512,1622128472.1934
610.28,5.72,-0.35,0,-52.68,768532,1622128472.21259
610.28,5.72,-0.35,0,-52.68,768551,1622128472.23347
610.28,5.72,-0.35,0,-52.68,768572,1622128472.25377
610.28,5.72,-0.35,0,-52.68,768591,1622128472.27424
610.28,5.72,-0.35,0,-52.68,768612,1622128472.29202
610.28,5.72,-0.35,0,-52.68,768631,1622128472.32164
610.28,5.72,-0.35,0,-52.68,768652,1622128472.33334
610.28,5.72,-0.35,0,-52.68,768671,1622128472.35277
610.28,5.72,-0.35,0,-52.68,768692,1622128472.37391
610.28,5.72,-0.35,0,-52.68,768712,1622128472.39339
610.28,5.72,-0.35,0,-52.68,768732,1622128472.41372
610.28,5.72,-0.35,0,-52.68,768752,1622128472.43415
610.28,5.72,-0.35,0,-52.68,768772,1622128472.45488
610.28,5.72,-0.35,0,-52.68,768792,1622128472.47116
610.28,5.72,-0.35,0,-52.68,768812,1622128472.49166
610.28,5.72,-0.35,0,-52.68,768832,1622128472.51254
610.28,5.72,-0.35,0,-52.68,768851,1622128472.53272
610.28,5.72,-0.35,0,-52.68,768872,1622128472.55327
610.28,5.72,-0.35,0,-52.68,768891,1622128472.57336
610.28,5.72,-0.35,0,-52.68,768912,1622128472.59331
610.28,5.72,-0.35,0,-52.68,768931,1622128472.61481
610.28,5.72,-0.35,0,-52.68,768952,1622128472.63476
610.28,5.72,-0.35,0,-52.68,768972,1622128472.65109
610.28,5.72,-0.35,0,-52.68,768992,1622128472.67232
610.28,5.72,-0.35,0,-52.68,769012,1622128472.69241
610.28,5.72,-0.35,0,-52.68,769032,1622128472.71279
610.28,5.72,-0.35,0,-52.68,769052,1622128472.73287
610.28,5.72,-0.35,0,-52.68,769072,1622128472.75344
610.28,5.72,-0.35,0,-52.68,769092,1622128472.77373
610.28,5.72,-0.35,0,-52.68,769112,1622128472.79466
610.28,5.72,-0.35,0,-52.68,769132,1622128472.81492
610.28,5.72,-0.35,0,-52.68,769152,1622128472.83162
610.28,5.72,-0.35,0,-52.68,769172,1622128472.85243
610.28,5.72,-0.35,0,-52.68,769191,1622128472.87266
610.28,5.72,-0.35,0,-52.68,769212,1622128472.89303
610.28,5.72,-0.35,0,-52.68,769231,1622128472.91469
610.28,5.72,-0.35,0,-52.68,769252,1622128472.93459
610.28,5.72,-0.35,0,-52.68,769271,1622128472.95486
610.28,5.72,-0.35,0,-52.68,769292,1622128472.9753
610.28,5.72,-0.35,0,-52.68,769311,1622128472.99551
610.28,5.72,-0.35,0,-52.68,769332,1622128473.01146
610.28,5.72,-0.35,0,-52.68,769352,1622128473.03147
610.28,5.72,-0.35,0,-52.68,769372,1622128473.05199
610.28,5.72,-0.35,0,-52.68,769392,1622128473.07307
610.28,5.72,-0.35,0,-52.68,769412,1622128473.09396
610.28,5.72,-0.35,0,-52.68,769432,1622128473.11433
610.28,5.72,-0.35,0,-52.68,769452,1622128473.13421
610.28,5.72,-0.35,0,-52.68,769472,1622128473.15452
610.28,5.72,-0.35,0,-52.68,769491,1622128473.17613
610.28,5.72,-0.35,0,-52.62,769512,1622128473.19262
610.28,5.72,-0.35,0,-52.63,769532,1622128473.22171
610.28,5.72,-0.35,0,-52.63,769552,1622128473.23363
610.28,5.72,-0.35,0,-52.63,769572,1622128473.25337
610.28,5.72,-0.35,0,-52.63,769592,1622128473.27303
610.28,5.72,-0.35,0,-52.65,769612,1622128473.29441
610.28,5.72,-0.35,0,-52.65,769632,1622128473.3148
610.28,5.72,-0.35,0,-52.63,769652,1622128473.33966
610.28,5.72,-0.35,0,-52.63,769672,1622128473.35538
610.28,5.72,-0.35,0,-52.65,769692,1622128473.37571
610.28,5.72,-0.35,0,-52.63,769712,1622128473.3951
610.28,5.72,-0.35,0,-52.63,769732,1622128473.41341
610.28,5.72,-0.35,0,-52.63,769752,1622128473.43333
610.28,5.72,-0.35,0,-52.63,769772,1622128473.45456
610.28,5.72,-0.35,0,-52.63,769793,1622128473.47472
610.28,5.72,-0.35,0,-52.63,769812,1622128473.49525
610.28,5.72,-0.35,0,-52.63,769832,1622128473.51597
610.28,5.72,-0.35,0,-52.63,769852,1622128473.53613
610.28,5.72,-0.35,0,-52.63,769872,1622128473.55637
610.28,5.72,-0.35,0,-52.63,769892,1622128473.57332
610.28,5.72,-0.35,0,-52.63,769912,1622128473.59297
610.28,5.72,-0.35,0,-52.63,769932,1622128473.61404
610.28,5.72,-0.35,0,-52.62,769952,1622128473.63458
610.28,5.72,-0.35,0,-52.6,769972,1622128473.65485
610.28,5.72,-0.35,0,-52.6,769991,1622128473.67607
610.28,5.72,-0.35,0,-52.58,770012,1622128473.69569
610.28,5.72,-0.35,0,-52.58,770032,1622128473.71704
610.28,5.72,-0.35,0,-52.57,770052,1622128473.73718
610.28,5.72,-0.35,0,-52.57,770072,1622128473.75331
610.28,5.72,-0.35,0,-52.55,770092,1622128473.77443
610.28,5.72,-0.35,0,-52.53,770112,1622128473.79463
610.28,5.72,-0.35,0,-52.52,770131,1622128473.81467
610.28,5.72,-0.35,0,-52.5,770152,1622128473.83506
610.28,5.72,-0.35,0,-52.5,770172,1622128473.85538
610.28,5.72,-0.35,0,-52.48,770192,1622128473.87722
610.28,5.72,-0.35,0,-52.48,770211,1622128473.89776
610.28,5.72,-0.35,0,-52.48,770232,1622128473.91296
610.28,5.72,-0.35,0,-52.48,770252,1622128473.93354
610.28,5.72,-0.35,0,-52.48,770272,1622128473.95452
610.28,5.72,-0.35,0,-52.48,770292,1622128473.97518
610.28,5.72,-0.35,0,-52.48,770312,1622128473.99501
610.28,5.72,-0.35,0,-52.48,770332,1622128474.0167
610.28,5.72,-0.35,0,-52.48,770352,1622128474.03624
610.28,5.72,-0.35,0,-52.48,770372,1622128474.06135
610.28,5.72,-0.35,0,-52.48,770392,1622128474.07599
610.28,5.72,-0.35,0,-52.48,770412,1622128474.09654
610.28,5.72,-0.35,0,-52.48,770432,1622128474.11304
610.28,5.72,-0.35,0,-52.48,770452,1622128474.13361
610.28,5.72,-0.35,0,-52.48,770471,1622128474.15408
610.28,5.72,-0.35,0,-52.48,770492,1622128474.17507
610.28,5.72,-0.35,0,-52.48,770511,1622128474.20006
610.28,5.72,-0.35,0,-52.48,770532,1622128474.21705
610.28,5.72,-0.35,0,-52.48,770551,1622128474.24141
610.28,5.72,-0.35,0,-52.48,770572,1622128474.25709
610.28,5.72,-0.35,0,-52.48,770592,1622128474.27694
610.28,5.72,-0.35,0,-52.48,770612,1622128474.29288
610.28,5.72,-0.35,0,-52.48,770632,1622128474.3145
610.28,5.72,-0.35,0,-52.48,770652,1622128474.33465
610.28,5.72,-0.35,0,-52.48,770672,1622128474.3562
610.28,5.72,-0.35,0,-52.48,770692,1622128474.3764
610.28,5.72,-0.35,0,-52.48,770712,1622128474.39712
610.28,5.72,-0.35,0,-52.48,770732,1622128474.41679
610.28,5.72,-0.35,0,-52.48,770752,1622128474.43668
610.28,5.72,-0.35,0,-52.48,770771,1622128474.45746
610.28,5.72,-0.35,0,-52.48,770792,1622128474.47462
610.28,5.72,-0.35,0,-52.48,770811,1622128474.50355
610.28,5.72,-0.35,0,-52.48,770832,1622128474.51546
610.28,5.72,-0.35,0,-52.48,770851,1622128474.53913
610.28,5.72,-0.35,0,-52.48,770872,1622128474.55583
610.28,5.72,-0.35,0,-52.48,770891,1622128474.57642
610.28,5.72,-0.35,0,-52.48,770912,1622128474.59646
610.28,5.72,-0.35,0,-52.48,770932,1622128474.61664
610.28,5.72,-0.35,0,-52.48,770952,1622128474.64147
610.28,5.72,-0.35,0,-52.48,770972,1622128474.65451
610.28,5.72,-0.35,0,-52.47,770992,1622128474.67502
610.28,5.72,-0.35,0,-52.47,771011,1622128474.69481
610.28,5.72,-0.35,0,-52.4,771032,1622128474.71499
610.28,5.72,-0.35,0,-52.33,771052,1622128474.7352
610.28,5.72,-0.35,0,-52.27,771072,1622128474.75569
610.28,5.72,-0.35,0,-52.18,771092,1622128474.77604
610.28,5.72,-0.35,0,-52.07,771111,1622128474.79813
610.28,5.72,-0.35,0,-51.95,771132,1622128474.81789
610.28,5.72,-0.35,0,-51.83,771151,1622128474.83361
610.28,5.72,-0.35,0,-51.72,771172,1622128474.8539
610.28,5.72,-0.35,0,-51.57,771191,1622128474.87529
610.28,5.72,-0.35,0,-51.37,771212,1622128474.89607
610.28,5.72,-0.35,0,-51.12,771232,1622128474.91633
610.28,5.72,-0.35,0,-50.87,771252,1622128474.93648
610.28,5.72,-0.35,0,-50.62,771272,1622128474.95652
610.28,5.72,-0.35,0,-50.33,771292,1622128474.97698
610.28,5.72,-0.35,0,-50.07,771312,1622128474.99767
610.28,5.72,-0.35,0,-49.8,771332,1622128475.01426
610.28,5.72,-0.35,0,-49.58,771352,1622128475.03458
610.28,5.72,-0.35,0,-49.45,771372,1622128475.05663
610.28,5.72,-0.35,0,-49.37,771392,1622128475.07839
610.28,5.72,-0.35,0,-49.32,771411,1622128475.1001
610.28,5.72,-0.35,0,-49.28,771432,1622128475.117
610.28,5.72,-0.35,0,-49.28,771451,1622128475.13663
610.28,5.72,-0.35,0,-49.28,771472,1622128475.15724
610.28,5.72,-0.35,0,-49.28,771491,1622128475.17746
610.28,5.72,-0.35,0,-49.28,771512,1622128475.19399
610.28,5.72,-0.35,0,-49.28,771532,1622128475.21701
610.28,5.72,-0.35,0,-49.28,771552,1622128475.24416
610.28,5.72,-0.35,0,-49.28,771572,1622128475.25835
610.28,5.72,-0.35,0,-49.28,771592,1622128475.27837
610.28,5.72,-0.35,0,-49.27,771611,1622128475.29892
610.28,5.72,-0.35,0,-49.27,771632,1622128475.31808
610.28,5.72,-0.35,0,-49.27,771651,1622128475.33837
610.28,5.72,-0.35,0,-49.27,771672,1622128475.35928
610.28,5.72,-0.35,0,-49.27,771692,1622128475.37507
610.28,5.72,-0.35,0,-49.27,771712,1622128475.39725
610.28,5.72,-0.35,0,-49.27,771732,1622128475.42542
610.28,5.72,-0.35,0,-49.27,771751,1622128475.44338
610.28,5.72,-0.35,0,-49.27,771772,1622128475.45683
610.28,5.72,-0.35,0,-49.27,771791,1622128475.47929
610.28,5.72,-0.35,0,-49.27,771812,1622128475.49915
610.28,5.72,-0.35,0,-49.27,771831,1622128475.52381
610.28,5.72,-0.35,0,-49.27,771852,1622128475.53748
610.28,5.72,-0.35,0,-49.27,771871,1622128475.55473
610.28,5.72,-0.35,0,-49.27,771892,1622128475.57543
610.28,5.72,-0.35,0,-49.27,771911,1622128475.59533
610.28,5.72,-0.35,0,-49.27,771932,1622128475.61862
610.28,5.72,-0.35,0,-49.27,771951,1622128475.63775
610.28,5.72,-0.35,0,-49.27,771972,1622128475.65684
610.28,5.72,-0.35,0,-49.27,771991,1622128475.6777
610.28,5.72,-0.35,0,-49.27,772012,1622128475.70273
610.28,5.72,-0.35,0,-49.27,772031,1622128475.71809
610.28,5.72,-0.35,0,-49.27,772051,1622128475.73492
610.28,5.72,-0.35,0,-49.27,772072,1622128475.75532
610.28,5.72,-0.35,0,-49.27,772091,1622128475.77592
610.28,5.72,-0.35,0,-49.27,772112,1622128475.7965
610.28,5.72,-0.35,0,-49.27,772131,1622128475.81744
610.28,5.72,-0.35,0,-49.27,772152,1622128475.8378
610.28,5.72,-0.35,0,-49.27,772171,1622128475.85781
610.28,5.72,-0.35,0,-49.27,772192,1622128475.87844
610.28,5.72,-0.35,0,-49.27,772211,1622128475.89869
610.28,5.72,-0.35,0,-49.27,772232,1622128475.91521
610.28,5.72,-0.35,0,-49.27,772251,1622128475.93579
610.28,5.72,-0.35,0,-49.27,772272,1622128475.95705
610.28,5.72,-0.35,0,-49.27,772291,1622128475.97884
610.28,5.72,-0.35,0,-49.27,772312,1622128476.00125
610.28,5.72,-0.35,0,-49.27,772331,1622128476.02152
610.28,5.72,-0.35,0,-49.27,772352,1622128476.03926
610.28,5.72,-0.35,0,-49.27,772371,1622128476.05981
610.28,5.72,-0.35,0,-49.25,772391,1622128476.08172
610.28,5.72,-0.35,0,-49.25,772412,1622128476.09955
610.28,5.72,-0.35,0,-49.25,772431,1622128476.11605
610.28,5.72,-0.35,0,-49.25,772452,1622128476.14241
610.28,5.72,-0.35,0,-49.25,772471,1622128476.16414
610.28,5.72,-0.35,0,-49.25,772492,1622128476.1775
610.28,5.72,-0.35,0,-49.25,772512,1622128476.20273
610.28,5.72,-0.35,0,-49.25,772532,1622128476.21881
610.28,5.72,-0.35,0,-49.25,772552,1622128476.23944
610.28,5.72,-0.35,0,-49.25,772572,1622128476.26
610.28,5.72,-0.35,0,-49.25,772592,1622128476.28053
610.28,5.72,-0.35,0,-49.25,772612,1622128476.29618
610.28,5.72,-0.35,0,-49.25,772632,1622128476.31702
610.28,5.72,-0.35,0,-49.25,772652,1622128476.33818
610.28,5.72,-0.35,0,-49.25,772672,1622128476.35873
610.28,5.72,-0.35,0,-49.25,772691,1622128476.37825
610.28,5.72,-0.35,0,-49.25,772712,1622128476.39965
610.28,5.72,-0.35,0,-49.25,772731,1622128476.41929
610.28,5.72,-0.35,0,-49.25,772752,1622128476.44089
610.28,5.72,-0.35,0,-49.25,772771,1622128476.46044
610.28,5.72,-0.35,0,-49.25,772792,1622128476.47675
610.28,5.72,-0.35,0,-49.25,772811,1622128476.498
610.28,5.72,-0.35,0,-49.25,772832,1622128476.51763
610.28,5.72,-0.35,0,-49.25,772852,1622128476.54612
610.28,5.72,-0.35,0,-49.25,772872,1622128476.563
610.28,5.72,-0.35,0,-49.25,772892,1622128476.57982
610.28,5.72,-0.35,0,-49.25,772912,1622128476.60175
610.28,5.72,-0.35,0,-49.25,772932,1622128476.62064
610.28,5.72,-0.35,0,-49.25,772952,1622128476.64114
610.28,5.72,-0.35,0,-49.25,772972,1622128476.65663
610.28,5.72,-0.35,0,-49.25,772992,1622128476.67795
610.28,5.72,-0.35,0,-49.25,773012,1622128476.69868
610.28,5.72,-0.35,0,-49.25,773031,1622128476.71846
610.28,5.72,-0.35,0,-49.25,773052,1622128476.73908
610.28,5.72,-0.35,0,-49.25,773071,1622128476.76425
610.28,5.72,-0.35,0,-49.25,773092,1622128476.78558
610.28,5.72,-0.35,0,-49.25,773111,1622128476.80016
610.28,5.72,-0.35,0,-49.25,773132,1622128476.82485
610.28,5.72,-0.35,0,-49.25,773151,1622128476.83708
610.28,5.72,-0.35,0,-49.25,773172,1622128476.857
610.28,5.72,-0.35,0,-49.25,773192,1622128476.87836
610.28,5.72,-0.35,0,-49.25,773212,1622128476.89857
610.28,5.72,-0.35,0,-49.25,773232,1622128476.91888
610.28,5.72,-0.35,0,-49.25,773252,1622128476.94461
610.28,5.72,-0.35,0,-49.25,773272,1622128476.96105
610.28,5.72,-0.35,0,-49.25,773292,1622128476.989
610.28,5.72,-0.35,0,-49.25,773312,1622128477.00206
610.28,5.72,-0.35,0,-49.25,773331,1622128477.01685
610.28,5.72,-0.35,0,-49.25,773352,1622128477.03748
610.28,5.72,-0.35,0,-49.25,773371,1622128477.05793
610.28,5.72,-0.35,0,-49.25,773392,1622128477.07812
610.28,5.72,-0.35,0,-49.25,773411,1622128477.09843
610.28,5.72,-0.35,0,-49.25,773432,1622128477.12041
610.28,5.72,-0.35,0,-49.25,773452,1622128477.14105
610.28,5.72,-0.35,0,-49.25,773472,1622128477.16078
610.28,5.72,-0.35,0,-49.25,773492,1622128477.18467
610.28,5.72,-0.35,0,-49.25,773512,1622128477.20132
610.28,5.72,-0.35,0,-49.25,773532,1622128477.21813
610.28,5.72,-0.35,0,-49.25,773552,1622128477.23876
610.28,5.72,-0.35,0,-49.25,773572,1622128477.25814
610.28,5.72,-0.35,0,-49.25,773592,1622128477.28004
610.28,5.72,-0.35,0,-49.25,773612,1622128477.29994
610.28,5.72,-0.35,0,-49.25,773632,1622128477.32547
610.28,5.72,-0.35,0,-49.25,773652,1622128477.34426
610.28,5.72,-0.35,0,-49.25,773671,1622128477.3627
610.28,5.72,-0.35,0,-49.25,773692,1622128477.38086
610.28,5.72,-0.35,0,-49.25,773711,1622128477.40787
610.28,5.72,-0.35,0,-49.25,773732,1622128477.41896
610.28,5.72,-0.35,0,-49.25,773751,1622128477.43856
610.28,5.72,-0.35,0,-49.25,773772,1622128477.4591
610.28,5.72,-0.35,0,-49.25,773791,1622128477.47984
610.28,5.72,-0.35,0,-49.25,773812,1622128477.5012
610.28,5.72,-0.35,0,-49.25,773832,1622128477.5205
610.28,5.72,-0.35,0,-49.25,773852,1622128477.5415
610.28,5.72,-0.35,0,-49.25,773872,1622128477.55815
610.28,5.72,-0.35,0,-49.25,773892,1622128477.57772
610.28,5.72,-0.35,0,-49.25,773912,1622128477.59845
610.28,5.72,-0.35,0,-49.25,773932,1622128477.61856
610.28,5.72,-0.35,0,-49.25,773952,1622128477.63863
610.28,5.72,-0.35,0,-49.25,773971,1622128477.66899
610.28,5.72,-0.35,0,-49.25,773992,1622128477.68207
610.28,5.72,-0.35,0,-49.25,774011,1622128477.70146
610.28,5.72,-0.35,0,-49.25,774032,1622128477.72182
610.28,5.72,-0.35,0,-49.25,774051,1622128477.74565
610.28,5.72,-0.35,0,-49.25,774072,1622128477.75864
610.28,5.72,-0.35,0,-49.25,774092,1622128477.77848
610.28,5.72,-0.35,0,-49.25,774112,1622128477.79997
610.28,5.72,-0.35,0,-49.25,774131,1622128477.82005
610.28,5.72,-0.35,0,-49.25,774152,1622128477.84049
610.28,5.72,-0.35,0,-49.25,774172,1622128477.86108
610.28,5.72,-0.35,0,-49.25,774192,1622128477.8813
610.28,5.72,-0.35,0,-49.25,774212,1622128477.90233
610.28,5.72,-0.35,0,-49.25,774232,1622128477.92979
610.28,5.72,-0.35,0,-49.25,774252,1622128477.94029
610.28,5.72,-0.35,0,-49.25,774272,1622128477.95898
610.28,5.72,-0.35,0,-49.25,774292,1622128477.98357
610.28,5.72,-0.35,0,-49.25,774311,1622128478.00116
610.28,5.72,-0.35,0,-49.25,774332,1622128478.02249
610.28,5.72,-0.35,0,-49.25,774351,1622128478.04157
610.28,5.72,-0.35,0,-49.25,774372,1622128478.06193
610.28,5.72,-0.35,0,-49.25,774391,1622128478.0821
610.28,5.72,-0.35,0,-49.25,774412,1622128478.10239
610.28,5.72,-0.35,0,-49.25,774431,1622128478.12371
610.28,5.72,-0.35,0,-49.25,774452,1622128478.14101
610.28,5.72,-0.35,0,-49.25,774472,1622128478.16033
610.28,5.72,-0.35,0,-49.25,774492,1622128478.17989
610.28,5.72,-0.35,0,-49.23,774512,1622128478.20088
610.28,5.72,-0.35,0,-49.23,774532,1622128478.22739
610.28,5.72,-0.35,0,-49.23,774552,1622128478.24361
610.28,5.72,-0.35,0,-49.23,774573,1622128478.2627
610.28,5.72,-0.35,0,-49.23,774592,1622128478.28371
610.28,5.72,-0.35,0,-49.23,774612,1622128478.30297
610.28,5.72,-0.35,0,-49.23,774632,1622128478.31864
610.28,5.72,-0.35,0,-49.23,774652,1622128478.34044
610.28,5.72,-0.35,0,-49.23,774672,1622128478.36083
610.28,5.72,-0.35,0,-49.23,774692,1622128478.38081
610.28,5.72,-0.35,0,-49.23,774712,1622128478.4022
610.28,5.72,-0.35,0,-49.23,774732,1622128478.42322
610.28,5.72,-0.35,0,-49.23,774752,1622128478.44354
610.28,5.72,-0.35,0,-49.23,774772,1622128478.46437
610.28,5.72,-0.35,0,-49.23,774792,1622128478.48497
610.28,5.72,-0.35,0,-49.23,774812,1622128478.50152
610.28,5.72,-0.35,0,-49.23,774832,1622128478.52002
610.28,5.72,-0.35,0,-49.23,774852,1622128478.54101
610.28,5.72,-0.35,0,-49.23,774873,1622128478.56529
610.28,5.72,-0.35,0,-49.23,774892,1622128478.58395
610.28,5.72,-0.35,0,-49.23,774913,1622128478.60266
610.28,5.72,-0.35,0,-49.23,774932,1622128478.62302
610.28,5.72,-0.35,0,-49.23,774952,1622128478.64304
610.28,5.72,-0.35,0,-49.23,774972,1622128478.66323
610.28,5.72,-0.35,0,-49.23,774992,1622128478.6801
610.28,5.72,-0.35,0,-49.23,775012,1622128478.70002
610.28,5.72,-0.35,0,-49.23,775032,1622128478.72143
610.28,5.72,-0.35,0,-49.23,775052,1622128478.74308
610.28,5.72,-0.35,0,-49.23,775072,1622128478.76285
610.28,5.72,-0.35,0,-49.23,775092,1622128478.78138
610.28,5.72,-0.35,0,-49.23,775112,1622128478.80257
610.28,5.72,-0.35,0,-49.23,775132,1622128478.8229
610.28,5.72,-0.35,0,-49.23,775152,1622128478.85638
610.28,5.72,-0.35,0,-49.23,775172,1622128478.86783
610.28,5.72,-0.35,0,-49.23,775192,1622128478.88165
610.28,5.72,-0.35,0,-49.23,775213,1622128478.90162
610.28,5.72,-0.35,0,-49.23,775232,1622128478.92261
610.28,5.72,-0.35,0,-49.23,775252,1622128478.94265
610.28,5.72,-0.35,0,-49.23,775272,1622128478.96309
610.28,5.72,-0.35,0,-49.23,775292,1622128478.98345
610.28,5.72,-0.35,0,-49.23,775312,1622128479.0038
610.28,5.72,-0.35,0,-49.23,775332,1622128479.03029
610.28,5.72,-0.35,0,-49.23,775352,1622128479.04795
610.28,5.72,-0.35,0,-49.23,775372,1622128479.06257
610.28,5.72,-0.35,0,-49.23,775392,1622128479.08186
610.28,5.72,-0.35,0,-49.23,775412,1622128479.10632
610.28,5.72,-0.35,0,-49.23,775432,1622128479.12226
610.28,5.72,-0.35,0,-49.23,775452,1622128479.14339
610.28,5.72,-0.35,0,-49.23,775472,1622128479.16351
610.28,5.72,-0.35,0,-49.23,775492,1622128479.18369
610.28,5.72,-0.35,0,-49.23,775513,1622128479.20476
610.28,5.72,-0.35,0,-49.23,775532,1622128479.2205
610.28,5.72,-0.35,0,-49.23,775553,1622128479.2408
610.28,5.72,-0.35,0,-49.23,775572,1622128479.26255
610.28,5.72,-0.35,0,-49.23,775592,1622128479.28192
610.28,5.72,-0.35,0,-49.23,775612,1622128479.30325
610.28,5.72,-0.35,0,-49.23,775632,1622128479.32372
610.28,5.72,-0.35,0,-49.23,775652,1622128479.34422
610.28,5.72,-0.35,0,-49.23,775672,1622128479.36483
610.28,5.72,-0.35,0,-49.23,775692,1622128479.38644
610.28,5.72,-0.35,0,-49.23,775712,1622128479.40126
610.28,5.72,-0.35,0,-49.23,775732,1622128479.42108
610.28,5.72,-0.35,0,-49.23,775752,1622128479.44155
610.28,5.72,-0.35,0,-49.23,775772,1622128479.46204
610.28,5.72,-0.35,0,-49.23,775792,1622128479.48237
610.28,5.72,-0.35,0,-49.23,775812,1622128479.5035
610.28,5.72,-0.35,0,-49.23,775832,1622128479.5235
610.28,5.72,-0.35,0,-49.23,775853,1622128479.54368
610.28,5.72,-0.35,0,-49.23,775872,1622128479.56458
610.28,5.72,-0.35,0,-49.23,775892,1622128479.58595
