458.48,3.35,-0.44,0,42.62,41669,1621612266.94457
458.48,3.35,-0.44,0,42.62,41690,1621612266.94535
458.48,3.35,-0.44,0,42.62,41709,1621612266.94609
458.48,3.35,-0.44,0,42.62,41730,1621612266.94689
458.48,3.35,-0.44,0,42.62,41749,1621612266.94784
458.48,3.35,-0.44,0,42.62,41769,1621612266.97099
458.48,3.35,-0.44,0,42.62,41789,1621612266.99397
458.48,3.35,-0.44,0,42.62,41809,1621612267.00151
458.48,3.35,-0.44,0,42.62,41829,1621612267.02889
458.48,3.35,-0.44,0,42.62,41849,1621612267.04284
458.48,3.35,-0.44,0,42.62,41869,1621612267.07865
458.48,3.35,-0.44,0,42.62,41889,1621612267.07959
458.48,3.35,-0.44,0,42.62,41910,1621612267.09909
458.48,3.35,-0.44,0,42.62,41929,1621612267.11867
458.48,3.35,-0.44,0,42.62,41950,1621612267.13919
458.48,3.35,-0.44,0,42.62,41969,1621612267.16121
458.48,3.35,-0.44,0,42.62,41990,1621612267.17987
458.48,3.35,-0.44,0,42.62,42009,1621612267.20126
458.48,3.35,-0.44,0,42.62,42030,1621612267.21705
458.48,3.35,-0.44,0,42.62,42049,1621612267.23905
458.48,3.35,-0.44,0,42.62,42070,1621612267.25795
458.48,3.35,-0.44,0,42.62,42089,1621612267.27852
458.48,3.35,-0.44,0,42.62,42109,1621612267.29939
458.48,3.35,-0.44,0,42.62,42129,1621612267.31947
458.48,3.35,-0.44,0,42.62,42149,1621612267.34002
458.48,3.35,-0.44,0,42.62,42169,1621612267.36132
458.48,3.35,-0.44,0,42.62,42189,1621612267.3821
458.48,3.35,-0.44,0,42.62,42210,1621612267.39843
458.48,3.35,-0.44,0,42.62,42229,1621612267.42001
458.48,3.35,-0.44,0,42.62,42249,1621612267.43958
458.48,3.35,-0.44,0,42.62,42269,1621612267.46027
458.48,3.35,-0.44,0,42.62,42290,1621612267.47977
458.48,3.35,-0.44,0,42.62,42309,1621612267.50081
458.48,3.35,-0.44,0,42.62,42330,1621612267.52053
458.48,3.35,-0.44,0,42.62,42349,1621612267.54084
458.48,3.35,-0.44,0,42.62,42370,1621612267.56138
458.48,3.35,-0.44,0,42.62,42389,1621612267.57833
458.48,3.35,-0.44,0,42.62,42409,1621612267.59865
458.48,3.35,-0.44,0,42.62,42429,1621612267.61895
458.48,3.35,-0.44,0,42.62,42449,1621612267.63917
458.48,3.35,-0.44,0,42.62,42469,1621612267.66074
458.48,3.35,-0.44,0,42.62,42489,1621612267.68065
458.48,3.35,-0.44,0,42.62,42509,1621612267.70043
458.48,3.35,-0.44,0,42.62,42529,1621612267.72099
458.48,3.35,-0.44,0,42.62,42550,1621612267.7416
458.48,3.35,-0.44,0,42.62,42569,1621612267.76209
458.48,3.35,-0.44,0,42.62,42590,1621612267.77816
458.48,3.35,-0.44,0,42.62,42609,1621612267.7982
458.48,3.35,-0.44,0,42.62,42630,1621612267.81864
458.48,3.35,-0.44,0,42.62,42649,1621612267.84045
458.48,3.35,-0.44,0,42.62,42670,1621612267.86074
458.48,3.35,-0.44,0,42.62,42689,1621612267.88093
458.48,3.35,-0.44,0,42.62,42710,1621612267.90156
458.48,3.35,-0.44,0,42.62,42729,1621612267.92209
458.48,3.35,-0.44,0,42.62,42749,1621612267.9426
458.48,3.35,-0.44,0,42.62,42769,1621612267.95983
458.48,3.35,-0.44,0,42.62,42789,1621612267.97986
458.48,3.35,-0.44,0,42.62,42809,1621612267.99972
458.48,3.35,-0.44,0,42.62,42829,1621612268.02022
458.48,3.35,-0.44,0,42.62,42850,1621612268.04542
458.48,3.35,-0.44,0,42.62,42869,1621612268.06361
458.48,3.35,-0.44,0,42.62,42890,1621612268.08134
458.48,3.35,-0.44,0,42.62,42909,1621612268.10189
458.48,3.35,-0.44,0,42.62,42930,1621612268.12198
458.48,3.35,-0.44,0,42.62,42949,1621612268.13776
458.48,3.35,-0.44,0,42.62,42970,1621612268.15844
458.48,3.35,-0.44,0,42.62,42989,1621612268.17891
458.48,3.35,-0.44,0,42.62,43010,1621612268.20023
458.48,3.35,-0.44,0,42.62,43029,1621612268.21987
458.48,3.35,-0.44,0,42.62,43049,1621612268.24789
458.48,3.35,-0.44,0,42.62,43069,1621612268.26208
458.48,3.35,-0.44,0,42.62,43089,1621612268.28361
458.48,3.35,-0.44,0,42.62,43109,1621612268.30264
458.48,3.35,-0.44,0,42.62,43129,1621612268.31921
458.48,3.35,-0.44,0,42.62,43149,1621612268.33951
458.48,3.35,-0.44,0,42.62,43169,1621612268.35954
458.48,3.35,-0.44,0,42.62,43190,1621612268.38162
458.48,3.35,-0.44,0,42.62,43209,1621612268.40168
458.48,3.35,-0.44,0,42.62,43230,1621612268.42199
458.48,3.35,-0.44,0,42.62,43249,1621612268.44082
458.48,3.35,-0.44,0,42.62,43270,1621612268.46196
458.48,3.35,-0.44,0,42.62,43289,1621612268.48228
458.48,3.35,-0.44,0,42.62,43310,1621612268.4991
458.48,3.35,-0.44,0,42.62,43329,1621612268.51968
458.48,3.35,-0.44,0,42.62,43350,1621612268.5397
458.48,3.35,-0.44,0,42.62,43369,1621612268.55979
458.48,3.35,-0.44,0,42.62,43389,1621612268.58143
458.48,3.35,-0.44,0,42.62,43409,1621612268.60184
458.48,3.35,-0.44,0,42.62,43429,1621612268.62157
458.48,3.35,-0.44,0,42.62,43449,1621612268.64163
458.48,3.35,-0.44,0,42.62,43469,1621612268.66297
458.48,3.35,-0.44,0,42.62,43490,1621612268.67885
458.48,3.35,-0.44,0,42.62,43509,1621612268.69907
458.48,3.35,-0.44,0,42.62,43530,1621612268.7202
458.48,3.35,-0.44,0,42.62,43549,1621612268.74088
458.48,3.35,-0.44,0,42.62,43570,1621612268.76219
458.48,3.35,-0.44,0,42.62,43589,1621612268.78271
458.48,3.35,-0.44,0,42.62,43610,1621612268.80433
458.48,3.35,-0.44,0,42.62,43629,1621612268.82859
458.48,3.35,-0.44,0,42.62,43650,1621612268.84366
458.48,3.35,-0.44,0,42.62,43669,1621612268.85947
458.48,3.35,-0.44,0,42.62,43689,1621612268.88098
458.48,3.35,-0.44,0,42.62,43709,1621612268.90181
458.48,3.35,-0.44,0,42.62,43729,1621612268.92068
458.48,3.35,-0.44,0,42.62,43749,1621612268.94117
458.48,3.35,-0.44,0,42.62,43769,1621612268.96244
458.48,3.35,-0.44,0,42.62,43789,1621612268.98299
458.48,3.35,-0.44,0,42.62,43809,1621612269.00308
458.48,3.35,-0.44,0,42.62,43830,1621612269.02368
458.48,3.35,-0.44,0,42.62,43849,1621612269.03951
458.48,3.35,-0.44,0,42.62,43870,1621612269.05988
458.48,3.35,-0.44,0,42.62,43889,1621612269.08152
458.48,3.35,-0.44,0,42.62,43910,1621612269.10246
458.48,3.35,-0.44,0,42.62,43929,1621612269.12916
458.48,3.35,-0.44,0,42.62,43950,1621612269.14297
458.48,3.35,-0.44,0,42.62,43969,1621612269.16321
458.48,3.35,-0.44,0,42.62,43990,1621612269.18421
458.48,3.35,-0.44,0,42.62,44009,1621612269.20295
458.48,3.35,-0.44,0,42.62,44029,1621612269.21993
458.48,3.35,-0.44,0,42.62,44049,1621612269.24007
458.48,3.35,-0.44,0,42.62,44069,1621612269.26059
458.48,3.35,-0.44,0,42.62,44089,1621612269.28123
458.48,3.35,-0.44,0,42.62,44109,1621612269.30145
458.48,3.35,-0.44,0,42.62,44130,1621612269.32206
458.48,3.35,-0.44,0,42.62,44149,1621612269.34365
458.48,3.35,-0.44,0,42.62,44170,1621612269.36387
458.48,3.35,-0.44,0,42.62,44189,1621612269.38406
458.48,3.35,-0.44,0,42.62,44210,1621612269.40128
458.48,3.35,-0.44,0,42.62,44229,1621612269.42043
458.48,3.35,-0.44,0,42.62,44250,1621612269.44199
458.48,3.35,-0.44,0,42.62,44269,1621612269.46151
458.48,3.35,-0.44,0,42.62,44290,1621612269.4826
458.48,3.35,-0.44,0,42.62,44309,1621612269.50298
458.48,3.35,-0.44,0,42.62,44329,1621612269.52337
458.48,3.35,-0.44,0,42.62,44349,1621612269.5437
458.48,3.35,-0.44,0,42.62,44369,1621612269.56416
458.48,3.35,-0.44,0,42.62,44389,1621612269.58962
458.48,3.35,-0.44,0,42.62,44409,1621612269.60451
458.48,3.35,-0.44,0,42.62,44429,1621612269.62163
458.48,3.35,-0.44,0,42.62,44449,1621612269.64153
458.48,3.35,-0.44,0,42.62,44470,1621612269.66293
458.48,3.35,-0.44,0,42.62,44489,1621612269.68657
458.48,3.35,-0.44,0,42.62,44510,1621612269.70335
458.48,3.35,-0.44,0,42.62,44529,1621612269.72303
458.48,3.35,-0.44,0,42.62,44550,1621612269.75282
458.48,3.35,-0.44,0,42.62,44569,1621612269.76857
458.48,3.35,-0.44,0,42.62,44590,1621612269.78234
458.48,3.35,-0.44,0,42.62,44609,1621612269.80197
458.48,3.35,-0.44,0,42.62,44630,1621612269.82227
458.48,3.35,-0.44,0,42.62,44649,1621612269.84631
458.48,3.35,-0.44,0,42.62,44669,1621612269.86292
458.48,3.35,-0.44,0,42.62,44689,1621612269.88395
458.48,3.35,-0.44,0,42.62,44709,1621612269.90328
458.48,3.35,-0.44,0,42.62,44729,1621612269.92422
458.48,3.35,-0.44,0,42.62,44749,1621612269.95063
458.48,3.35,-0.44,0,42.62,44769,1621612269.96338
458.48,3.35,-0.44,0,42.62,44789,1621612269.98254
458.48,3.35,-0.44,0,42.62,44810,1621612270.0028
458.48,3.35,-0.44,0,42.62,44829,1621612270.02313
458.48,3.35,-0.44,0,42.62,44850,1621612270.04923
458.48,3.35,-0.44,0,42.62,44869,1621612270.06403
458.48,3.35,-0.44,0,42.62,44890,1621612270.08499
458.48,3.35,-0.44,0,42.62,44909,1621612270.10504
458.48,3.35,-0.44,0,42.62,44930,1621612270.1256
458.48,3.35,-0.44,0,42.62,44949,1621612270.14144
458.48,3.35,-0.44,0,42.62,44969,1621612270.16178
458.48,3.35,-0.44,0,42.62,44989,1621612270.18351
458.48,3.35,-0.44,0,42.62,45009,1621612270.20353
458.48,3.35,-0.44,0,42.62,45029,1621612270.22439
458.48,3.35,-0.44,0,42.62,45049,1621612270.24952
458.48,3.35,-0.44,0,42.62,45069,1621612270.2644
458.48,3.35,-0.44,0,42.62,45089,1621612270.28409
458.48,3.35,-0.44,0,42.62,45110,1621612270.30446
458.48,3.35,-0.44,0,42.62,45129,1621612270.32214
458.48,3.35,-0.44,0,42.62,45150,1621612270.34223
458.48,3.35,-0.44,0,42.62,45169,1621612270.36196
458.48,3.35,-0.44,0,42.62,45190,1621612270.3838
458.48,3.35,-0.44,0,42.62,45209,1621612270.40399
458.48,3.35,-0.44,0,42.62,45230,1621612270.42588
458.48,3.35,-0.44,0,42.62,45249,1621612270.44502
458.48,3.35,-0.44,0,42.62,45270,1621612270.46652
458.48,3.35,-0.44,0,42.62,45289,1621612270.48603
458.48,3.35,-0.44,0,42.62,45309,1621612270.50219
458.48,3.35,-0.44,0,42.62,45329,1621612270.52578
458.48,3.35,-0.44,0,42.62,45349,1621612270.54383
458.48,3.35,-0.44,0,42.62,45369,1621612270.563
458.48,3.35,-0.44,0,42.62,45389,1621612270.5839
458.48,3.35,-0.44,0,42.62,45409,1621612270.60428
458.48,3.35,-0.44,0,42.62,45429,1621612270.62458
458.48,3.35,-0.44,0,42.62,45450,1621612270.64501
458.48,3.35,-0.44,0,42.62,45469,1621612270.66578
458.48,3.35,-0.44,0,42.62,45490,1621612270.68271
458.48,3.35,-0.44,0,42.62,45509,1621612270.70308
458.48,3.35,-0.44,0,42.62,45530,1621612270.72355
458.48,3.35,-0.44,0,42.62,45549,1621612270.74377
458.48,3.35,-0.44,0,42.62,45570,1621612270.76986
458.48,3.35,-0.44,0,42.62,45589,1621612270.78406
458.48,3.35,-0.44,0,42.63,45609,1621612270.80506
458.48,3.35,-0.44,0,42.63,45629,1621612270.83071
458.48,3.35,-0.44,0,42.65,45649,1621612270.85194
458.48,3.35,-0.44,0,42.67,45669,1621612270.86297
458.48,3.35,-0.44,0,42.68,45689,1621612270.88258
458.48,3.35,-0.44,0,42.7,45710,1621612270.90296
458.48,3.35,-0.44,0,42.73,45729,1621612270.92471
458.48,3.35,-0.44,0,42.75,45750,1621612270.94486
458.48,3.35,-0.44,0,42.75,45769,1621612270.96461
458.48,3.35,-0.44,0,42.77,45790,1621612270.98552
458.48,3.35,-0.44,0,42.78,45810,1621612271.00566
458.48,3.35,-0.44,0,42.78,45830,1621612271.02583
458.48,3.35,-0.44,0,42.78,45850,1621612271.04715
458.48,3.35,-0.44,0,42.8,45870,1621612271.0637
458.48,3.35,-0.44,0,42.8,45889,1621612271.08391
458.48,3.35,-0.44,0,42.82,45910,1621612271.10422
458.48,3.35,-0.44,0,42.82,45929,1621612271.12523
458.48,3.35,-0.44,0,42.83,45949,1621612271.14564
458.48,3.35,-0.44,0,42.83,45969,1621612271.16602
458.48,3.35,-0.44,0,42.85,45989,1621612271.18635
458.48,3.35,-0.44,0,42.87,46010,1621612271.21078
458.48,3.35,-0.44,0,42.88,46029,1621612271.22949
458.48,3.35,-0.44,0,42.88,46050,1621612271.24392
458.48,3.35,-0.44,0,42.9,46069,1621612271.26379
458.48,3.35,-0.44,0,42.92,46090,1621612271.28435
458.48,3.35,-0.44,0,42.93,46109,1621612271.30425
458.48,3.35,-0.44,0,42.95,46130,1621612271.32543
458.48,3.35,-0.44,0,42.95,46149,1621612271.34561
458.48,3.35,-0.44,0,42.97,46170,1621612271.366
458.48,3.35,-0.44,0,42.97,46189,1621612271.38637
458.48,3.35,-0.44,0,42.98,46210,1621612271.40702
458.48,3.35,-0.44,0,42.98,46230,1621612271.4244
458.48,3.35,-0.44,0,42.98,46249,1621612271.44425
458.48,3.35,-0.44,0,42.88,46269,1621612271.46472
458.48,3.35,-0.44,0,42.7,46289,1621612271.48547
458.48,3.35,-0.44,0,42.47,46310,1621612271.50556
458.48,3.35,-0.44,0,42.2,46329,1621612271.5259
458.48,3.35,-0.44,0,42.02,46350,1621612271.54717
458.48,3.35,-0.44,0,41.93,46369,1621612271.56746
458.48,3.35,-0.44,0,41.92,46390,1621612271.58793
458.48,3.35,-0.44,0,41.92,46409,1621612271.60402
458.48,3.35,-0.44,0,41.92,46430,1621612271.62492
458.48,3.35,-0.44,0,41.92,46449,1621612271.64524
458.48,3.35,-0.44,0,41.92,46470,1621612271.66584
458.48,3.35,-0.44,0,41.92,46490,1621612271.68639
458.48,3.35,-0.44,0,41.92,46510,1621612271.71386
458.48,3.35,-0.44,0,41.92,46530,1621612271.7282
458.48,3.35,-0.44,0,41.93,46550,1621612271.74819
458.48,3.35,-0.44,0,41.98,46569,1621612271.7687
458.48,3.35,-0.44,0,42.07,46589,1621612271.78495
458.48,3.35,-0.44,0,42.17,46609,1621612271.806
458.48,3.35,-0.44,0,42.27,46629,1621612271.82533
458.48,3.35,-0.44,0,42.35,46649,1621612271.84674
458.48,3.35,-0.44,0,42.43,46669,1621612271.86705
458.48,3.35,-0.44,0,42.47,46690,1621612271.88734
458.48,3.35,-0.44,0,42.5,46709,1621612271.90886
458.48,3.35,-0.44,0,42.5,46730,1621612271.92855
458.48,3.35,-0.44,0,42.52,46750,1621612271.9491
458.48,3.35,-0.44,0,42.55,46770,1621612271.96511
458.48,3.35,-0.44,0,42.57,46789,1621612271.98562
458.48,3.35,-0.44,0,42.58,46810,1621612272.006
458.48,3.35,-0.44,0,42.58,46830,1621612272.02636
458.48,3.35,-0.44,0,42.58,46850,1621612272.04687
458.48,3.35,-0.44,0,42.58,46870,1621612272.06752
458.48,3.35,-0.44,0,42.6,46889,1621612272.088
458.48,3.35,-0.44,0,42.6,46909,1621612272.10857
458.48,3.35,-0.44,0,42.6,46929,1621612272.12796
458.48,3.35,-0.44,0,42.6,46949,1621612272.14527
458.48,3.35,-0.44,0,42.6,46969,1621612272.16537
458.48,3.35,-0.44,0,42.6,46990,1621612272.1936
458.48,3.35,-0.44,0,42.6,47009,1621612272.20819
458.48,3.35,-0.44,0,42.6,47030,1621612272.2265
458.48,3.35,-0.44,0,42.6,47049,1621612272.2518
458.48,3.35,-0.44,0,42.6,47070,1621612272.26956
458.48,3.35,-0.44,0,42.63,47089,1621612272.28884
458.48,3.35,-0.44,0,42.67,47110,1621612272.30774
458.48,3.35,-0.44,0,42.67,47129,1621612272.3248
458.48,3.35,-0.44,0,42.67,47150,1621612272.345
458.48,3.35,-0.44,0,42.67,47169,1621612272.36615
458.48,3.35,-0.44,0,42.67,47190,1621612272.38623
458.48,3.35,-0.44,0,42.67,47209,1621612272.40652
458.48,3.35,-0.44,0,42.67,47229,1621612272.42769
458.48,3.35,-0.44,0,42.67,47249,1621612272.44818
458.48,3.35,-0.44,0,42.67,47269,1621612272.46852
458.48,3.35,-0.44,0,42.67,47289,1621612272.48913
458.48,3.35,-0.44,0,42.67,47309,1621612272.50563
458.48,3.35,-0.44,0,42.67,47330,1621612272.526
458.48,3.35,-0.44,0,42.67,47349,1621612272.55472
458.48,3.35,-0.44,0,42.67,47370,1621612272.5703
458.48,3.35,-0.44,0,42.67,47389,1621612272.58716
458.48,3.35,-0.44,0,42.67,47410,1621612272.60712
458.48,3.35,-0.44,0,42.67,47429,1621612272.62758
458.48,3.35,-0.44,0,42.67,47450,1621612272.64768
458.48,3.35,-0.44,0,42.67,47469,1621612272.66831
458.48,3.35,-0.44,0,42.67,47490,1621612272.68514
458.48,3.35,-0.44,0,42.67,47509,1621612272.70507
458.48,3.35,-0.44,0,42.67,47529,1621612272.72621
458.48,3.35,-0.44,0,42.67,47549,1621612272.75538
458.48,3.35,-0.44,0,42.67,47569,1621612272.76747
458.48,3.35,-0.44,0,42.67,47589,1621612272.78853
458.48,3.35,-0.44,0,42.67,47609,1621612272.80805
458.48,3.35,-0.44,0,42.67,47630,1621612272.82838
458.48,3.35,-0.44,0,42.67,47649,1621612272.84845
458.48,3.35,-0.44,0,42.67,47670,1621612272.86589
458.48,3.35,-0.44,0,42.67,47689,1621612272.88605
458.48,3.35,-0.44,0,42.67,47710,1621612272.9061
458.48,3.35,-0.44,0,42.67,47729,1621612272.92643
458.48,3.35,-0.44,0,42.67,47750,1621612272.94677
458.48,3.35,-0.44,0,42.67,47769,1621612272.9675
458.48,3.35,-0.44,0,42.67,47790,1621612272.98859
458.48,3.35,-0.44,0,42.67,47809,1621612273.00955
458.48,3.35,-0.44,0,42.67,47830,1621612273.02934
458.48,3.35,-0.44,0,42.67,47849,1621612273.05045
458.48,3.35,-0.44,0,42.67,47869,1621612273.07333
458.48,3.35,-0.44,0,42.67,47889,1621612273.08633
458.48,3.35,-0.44,0,42.67,47909,1621612273.10704
458.48,3.35,-0.44,0,42.67,47929,1621612273.12734
458.48,3.35,-0.44,0,42.67,47949,1621612273.14788
458.48,3.35,-0.44,0,42.67,47970,1621612273.168
458.48,3.35,-0.44,0,42.65,47989,1621612273.19559
458.48,3.35,-0.44,0,42.65,48010,1621612273.211
458.48,3.35,-0.44,0,42.65,48030,1621612273.22986
458.48,3.35,-0.44,0,42.65,48050,1621612273.24602
458.48,3.35,-0.44,0,42.65,48070,1621612273.26633
458.48,3.35,-0.44,0,42.65,48090,1621612273.28698
458.48,3.35,-0.44,0,42.65,48110,1621612273.30825
458.48,3.35,-0.44,0,42.65,48130,1621612273.32861
458.48,3.35,-0.44,0,42.65,48150,1621612273.34915
458.48,3.35,-0.44,0,42.63,48169,1621612273.36974
458.48,3.35,-0.44,0,42.58,48190,1621612273.3904
458.48,3.35,-0.44,0,42.48,48209,1621612273.41081
458.48,3.35,-0.44,0,42.35,48229,1621612273.42689
458.48,3.35,-0.44,0,42.17,48249,1621612273.45755
458.48,3.35,-0.44,0,41.9,48270,1621612273.4681
458.48,3.35,-0.44,0,41.58,48289,1621612273.48845
458.48,3.35,-0.44,0,41.23,48310,1621612273.50832
458.48,3.35,-0.44,0,40.88,48329,1621612273.5281
458.48,3.35,-0.44,0,40.53,48350,1621612273.54973
458.48,3.35,-0.44,0,40.18,48369,1621612273.56941
458.48,3.35,-0.44,0,39.82,48390,1621612273.5896
458.48,3.35,-0.44,0,39.4,48409,1621612273.60669
458.48,3.35,-0.44,0,38.93,48430,1621612273.62704
458.48,3.35,-0.44,0,38.4,48449,1621612273.65837
458.48,3.35,-0.44,0,37.75,48470,1621612273.6694
458.48,3.35,-0.44,0,37,48489,1621612273.69452
458.48,3.35,-0.44,0,36.18,48509,1621612273.70957
458.48,3.35,-0.44,0,35.35,48530,1621612273.73007
458.48,3.35,-0.44,0,34.55,48549,1621612273.75067
458.48,3.35,-0.44,0,33.85,48570,1621612273.77013
458.48,3.35,-0.44,0,33.32,48589,1621612273.78702
458.48,3.35,-0.44,0,33,48610,1621612273.80859
458.48,3.35,-0.44,0,32.88,48629,1621612273.83034
458.48,3.35,-0.44,0,32.87,48650,1621612273.8495
458.48,3.35,-0.44,0,32.87,48669,1621612273.86865
458.48,3.35,-0.44,0,32.87,48690,1621612273.88915
458.48,3.35,-0.44,0,32.87,48709,1621612273.9098
458.48,3.35,-0.44,0,32.87,48730,1621612273.93039
458.48,3.35,-0.44,0,32.87,48749,1621612273.9504
458.48,3.35,-0.44,0,32.87,48770,1621612273.96627
458.48,3.35,-0.44,0,32.87,48789,1621612273.98709
458.48,3.35,-0.44,0,32.87,48809,1621612274.00981
458.48,3.35,-0.44,0,32.87,48829,1621612274.03012
458.48,3.35,-0.44,0,32.87,48849,1621612274.05075
458.48,3.35,-0.44,0,32.87,48869,1621612274.0697
458.48,3.35,-0.44,0,32.87,48889,1621612274.0912
458.48,3.35,-0.44,0,32.87,48910,1621612274.11077
458.48,3.35,-0.44,0,32.87,48929,1621612274.13092
458.48,3.35,-0.44,0,32.87,48950,1621612274.14819
458.48,3.35,-0.44,0,32.87,48969,1621612274.16843
458.48,3.35,-0.44,0,32.87,48990,1621612274.18864
458.48,3.35,-0.44,0,32.87,49009,1621612274.20879
458.48,3.35,-0.44,0,32.87,49030,1621612274.22941
458.48,3.35,-0.44,0,32.87,49049,1621612274.25043
458.48,3.35,-0.44,0,32.87,49070,1621612274.27044
458.48,3.35,-0.44,0,32.87,49089,1621612274.29197
458.48,3.35,-0.44,0,32.87,49110,1621612274.3114
458.48,3.35,-0.44,0,32.87,49129,1621612274.32824
458.48,3.35,-0.44,0,32.87,49149,1621612274.34765
458.48,3.35,-0.44,0,32.87,49169,1621612274.36948
458.48,3.35,-0.44,0,32.87,49189,1621612274.38872
458.48,3.35,-0.44,0,32.87,49209,1621612274.40913
458.48,3.35,-0.44,0,32.87,49229,1621612274.43041
458.48,3.35,-0.44,0,32.87,49249,1621612274.45037
458.48,3.35,-0.44,0,32.87,49269,1621612274.47099
458.48,3.35,-0.44,0,32.87,49289,1621612274.50053
458.48,3.35,-0.44,0,32.87,49309,1621612274.51565
458.48,3.35,-0.44,0,32.87,49330,1621612274.52849
458.48,3.35,-0.44,0,32.87,49349,1621612274.54832
458.48,3.35,-0.44,0,32.87,49370,1621612274.56849
458.48,3.35,-0.44,0,32.88,49389,1621612274.58978
458.48,3.35,-0.44,0,32.9,49410,1621612274.61017
458.48,3.35,-0.44,0,32.9,49429,1621612274.63046
458.48,3.35,-0.44,0,32.9,49449,1621612274.65048
458.48,3.35,-0.44,0,32.9,49469,1621612274.67062
458.48,3.35,-0.44,0,32.9,49489,1621612274.68754
458.48,3.35,-0.44,0,32.9,49509,1621612274.70934
458.48,3.35,-0.44,0,32.88,49529,1621612274.72997
458.48,3.35,-0.44,0,32.88,49549,1621612274.7494
458.48,3.35,-0.44,0,32.88,49569,1621612274.77072
458.48,3.35,-0.44,0,32.88,49590,1621612274.79117
458.48,3.35,-0.44,0,32.88,49609,1621612274.81211
458.48,3.35,-0.44,0,32.88,49630,1621612274.83185
458.48,3.35,-0.44,0,32.88,49649,1621612274.85181
458.48,3.35,-0.44,0,32.88,49670,1621612274.86849
458.48,3.35,-0.44,0,32.88,49689,1621612274.88914
458.48,3.35,-0.44,0,32.88,49710,1621612274.91034
458.48,3.35,-0.44,0,32.88,49729,1621612274.92965
458.48,3.35,-0.44,0,32.88,49750,1621612274.95099
458.48,3.35,-0.44,0,32.87,49769,1621612274.97113
458.48,3.35,-0.44,0,32.8,49789,1621612274.99191
458.48,3.35,-0.44,0,32.6,49809,1621612275.01195
458.48,3.35,-0.44,0,32.25,49829,1621612275.03234
458.48,3.35,-0.44,0,31.8,49850,1621612275.05326
458.48,3.35,-0.44,0,31.23,49869,1621612275.06912
458.48,3.35,-0.44,0,30.57,49890,1621612275.08948
458.48,3.35,-0.44,0,29.85,49909,1621612275.11324
458.48,3.35,-0.44,0,29.12,49930,1621612275.13449
458.48,3.35,-0.44,0,28.42,49949,1621612275.15087
458.48,3.35,-0.44,0,27.75,49970,1621612275.17106
458.48,3.35,-0.44,0,27.18,49989,1621612275.1912
458.48,3.35,-0.44,0,26.77,50010,1621612275.21956
458.48,3.35,-0.44,0,26.43,50029,1621612275.24031
458.48,3.35,-0.44,0,26.07,50050,1621612275.2497
458.48,3.35,-0.44,0,25.58,50069,1621612275.26935
458.48,3.35,-0.44,0,24.95,50089,1621612275.2906
458.48,3.35,-0.44,0,24.17,50110,1621612275.31065
458.48,3.35,-0.44,0,23.28,50129,1621612275.33095
458.48,3.35,-0.44,0,22.27,50150,1621612275.35109
458.48,3.35,-0.44,0,21.25,50169,1621612275.37246
458.48,3.35,-0.44,0,20.2,50190,1621612275.39251
458.48,3.35,-0.44,0,19.13,50209,1621612275.41283
458.48,3.35,-0.44,0,18.08,50230,1621612275.42998
458.48,3.35,-0.44,0,17.02,50249,1621612275.45035
458.48,3.35,-0.44,0,15.92,50270,1621612275.47115
458.48,3.35,-0.44,0,14.92,50289,1621612275.4915
458.48,3.35,-0.44,0,13.97,50310,1621612275.51196
458.48,3.35,-0.44,0,13.18,50329,1621612275.53241
458.48,3.35,-0.44,0,12.58,50350,1621612275.55238
458.48,3.35,-0.44,0,12.13,50369,1621612275.57281
458.48,3.35,-0.44,0,11.9,50390,1621612275.59422
458.48,3.35,-0.44,0,11.78,50409,1621612275.6105
458.48,3.35,-0.44,0,11.72,50429,1621612275.63011
458.48,3.35,-0.44,0,11.63,50450,1621612275.65119
458.48,3.35,-0.44,0,11.48,50469,1621612275.67102
458.48,3.35,-0.44,0,11.25,50490,1621612275.6921
458.48,3.35,-0.44,0,10.98,50509,1621612275.71195
458.48,3.35,-0.44,0,10.68,50530,1621612275.73613
458.48,3.35,-0.44,0,10.42,50549,1621612275.7527
458.48,3.35,-0.44,0,10.17,50570,1621612275.77316
458.48,3.35,-0.44,0,9.98,50589,1621612275.78917
458.48,3.35,-0.44,0,9.82,50610,1621612275.81071
458.48,3.35,-0.44,0,9.67,50629,1621612275.83141
458.48,3.35,-0.44,0,9.52,50650,1621612275.85123
458.48,3.35,-0.44,0,9.37,50669,1621612275.87169
458.48,3.35,-0.44,0,9.25,50690,1621612275.89207
458.48,3.35,-0.44,0,9.18,50709,1621612275.91927
458.48,3.35,-0.44,0,9.17,50729,1621612275.93262
458.48,3.35,-0.44,0,9.15,50749,1621612275.95451
458.48,3.35,-0.44,0,9.1,50769,1621612275.96992
458.48,3.35,-0.44,0,9.02,50789,1621612275.99055
458.48,3.35,-0.44,0,8.88,50809,1621612276.01165
458.48,3.35,-0.44,0,8.73,50829,1621612276.03191
458.48,3.35,-0.44,0,8.53,50849,1621612276.05226
458.48,3.35,-0.44,0,8.27,50870,1621612276.07273
458.48,3.35,-0.44,0,7.93,50889,1621612276.09291
458.48,3.35,-0.44,0,7.62,50910,1621612276.11425
458.48,3.35,-0.44,0,7.37,50929,1621612276.1346
458.48,3.35,-0.44,0,7.13,50950,1621612276.15021
458.48,3.35,-0.44,0,6.98,50969,1621612276.17081
458.48,3.35,-0.44,0,6.85,50990,1621612276.19149
458.48,3.35,-0.44,0,6.77,51009,1621612276.2117
458.48,3.35,-0.44,0,6.7,51030,1621612276.2321
458.48,3.35,-0.44,0,6.63,51049,1621612276.25237
458.48,3.35,-0.44,0,6.6,51069,1621612276.27389
458.48,3.35,-0.44,0,6.53,51089,1621612276.29504
458.48,3.35,-0.44,0,6.43,51109,1621612276.31501
458.48,3.35,-0.44,0,6.3,51129,1621612276.33087
458.48,3.35,-0.44,0,6.17,51149,1621612276.35117
458.48,3.35,-0.44,0,6.07,51169,1621612276.37227
458.48,3.35,-0.44,0,6.03,51189,1621612276.39312
458.48,3.35,-0.44,0,6.02,51209,1621612276.41256
458.48,3.35,-0.44,0,6.02,51229,1621612276.43276
458.48,3.35,-0.44,0,6,51249,1621612276.4533
458.48,3.35,-0.44,0,5.97,51269,1621612276.47382
458.48,3.35,-0.44,0,5.93,51290,1621612276.49493
458.48,3.35,-0.44,0,5.9,51309,1621612276.51114
458.48,3.35,-0.44,0,5.83,51330,1621612276.5318
458.48,3.35,-0.44,0,5.73,51349,1621612276.55223
458.48,3.35,-0.44,0,5.58,51369,1621612276.57268
458.48,3.35,-0.44,0,5.47,51389,1621612276.59405
458.48,3.35,-0.44,0,5.37,51409,1621612276.6135
458.48,3.35,-0.44,0,5.25,51429,1621612276.63339
458.48,3.35,-0.44,0,5.12,51449,1621612276.65397
458.48,3.35,-0.44,0,5,51469,1621612276.68005
458.48,3.35,-0.44,0,4.93,51489,1621612276.69888
458.48,3.35,-0.44,0,4.9,51509,1621612276.71132
458.48,3.35,-0.44,0,4.85,51529,1621612276.73311
458.48,3.35,-0.44,0,4.77,51550,1621612276.75156
458.48,3.35,-0.44,0,4.65,51569,1621612276.77834
458.48,3.35,-0.44,0,4.52,51590,1621612276.79391
458.48,3.35,-0.44,0,4.42,51609,1621612276.81336
458.48,3.35,-0.44,0,4.33,51630,1621612276.84183
458.48,3.35,-0.44,0,4.25,51649,1621612276.85809
458.48,3.35,-0.44,0,4.17,51670,1621612276.87182
458.48,3.35,-0.44,0,4.08,51689,1621612276.89159
458.48,3.35,-0.44,0,4.02,51709,1621612276.91166
458.48,3.35,-0.44,0,3.95,51729,1621612276.93404
458.48,3.35,-0.44,0,3.9,51749,1621612276.9537
458.48,3.35,-0.44,0,3.87,51769,1621612276.97356
458.48,3.35,-0.44,0,3.85,51789,1621612276.99417
458.48,3.35,-0.44,0,3.85,51810,1621612277.01418
458.48,3.35,-0.44,0,3.85,51829,1621612277.03549
458.48,3.35,-0.44,0,3.85,51850,1621612277.05985
458.48,3.35,-0.44,0,3.85,51869,1621612277.0723
458.48,3.35,-0.44,0,3.83,51889,1621612277.09233
458.48,3.35,-0.44,0,3.82,51909,1621612277.11324
458.48,3.35,-0.44,0,3.8,51930,1621612277.13316
458.48,3.35,-0.44,0,3.77,51949,1621612277.15384
458.48,3.35,-0.44,0,3.68,51970,1621612277.17424
458.48,3.35,-0.44,0,3.58,51989,1621612277.20028
458.48,3.35,-0.44,0,3.43,52009,1621612277.21649
458.48,3.35,-0.44,0,3.27,52029,1621612277.23548
458.48,3.35,-0.44,0,3.1,52049,1621612277.25127
458.48,3.35,-0.44,0,2.93,52069,1621612277.27254
458.48,3.35,-0.44,0,2.78,52089,1621612277.29406
458.48,3.35,-0.44,0,2.65,52110,1621612277.31387
458.48,3.35,-0.44,0,2.5,52129,1621612277.33597
458.48,3.35,-0.44,0,2.38,52149,1621612277.35533
458.48,3.35,-0.44,0,2.27,52169,1621612277.37524
458.48,3.35,-0.44,0,2.17,52190,1621612277.39571
458.48,3.35,-0.44,0,2.1,52209,1621612277.42492
458.48,3.35,-0.44,0,2.07,52230,1621612277.43372
458.48,3.35,-0.44,0,2.05,52249,1621612277.45216
458.48,3.35,-0.44,0,2.03,52270,1621612277.47255
458.48,3.35,-0.44,0,2.02,52289,1621612277.49371
458.48,3.35,-0.44,0,1.97,52310,1621612277.51406
458.48,3.35,-0.44,0,1.88,52329,1621612277.53456
458.48,3.35,-0.44,0,1.77,52349,1621612277.55509
458.48,3.35,-0.44,0,1.63,52369,1621612277.57533
458.48,3.35,-0.44,0,1.48,52389,1621612277.59618
458.48,3.35,-0.44,0,1.33,52409,1621612277.61225
458.48,3.35,-0.44,0,1.2,52429,1621612277.63251
458.48,3.35,-0.44,0,1.1,52450,1621612277.65348
458.48,3.35,-0.44,0,1.02,52469,1621612277.67733
458.48,3.35,-0.44,0,0.9,52490,1621612277.69703
458.48,3.35,-0.44,0,0.78,52509,1621612277.71691
458.48,3.35,-0.44,0,0.63,52530,1621612277.73477
458.48,3.35,-0.44,0,0.45,52549,1621612277.75528
458.48,3.35,-0.44,0,0.23,52570,1621612277.77561
458.48,3.35,-0.44,0,0.05,52589,1621612277.79265
458.48,3.35,-0.44,0,-0.08,52610,1621612277.81381
458.48,3.35,-0.44,0,-0.18,52629,1621612277.84458
458.48,3.35,-0.44,0,-0.23,52649,1621612277.85714
458.48,3.35,-0.44,0,-0.25,52669,1621612277.87723
458.48,3.35,-0.44,0,-0.25,52689,1621612277.89605
458.48,3.35,-0.44,0,-0.27,52709,1621612277.9173
458.48,3.35,-0.44,0,-0.27,52729,1621612277.93722
458.48,3.35,-0.44,0,-0.27,52749,1621612277.95734
458.48,3.35,-0.44,0,-0.28,52769,1621612277.9777
458.48,3.35,-0.44,0,-0.3,52789,1621612277.99366
458.48,3.35,-0.44,0,-0.3,52809,1621612278.01599
458.48,3.35,-0.44,0,-0.3,52830,1621612278.03534
458.48,3.35,-0.44,0,-0.32,52849,1621612278.05627
458.48,3.35,-0.44,0,-0.32,52870,1621612278.07652
458.48,3.35,-0.44,0,-0.32,52889,1621612278.0965
458.48,3.35,-0.44,0,-0.33,52910,1621612278.11775
458.48,3.35,-0.44,0,-0.33,52929,1621612278.13763
458.48,3.35,-0.44,0,-0.35,52950,1621612278.15782
458.48,3.35,-0.44,0,-0.38,52969,1621612278.17403
458.48,3.35,-0.44,0,-0.4,52989,1621612278.19541
458.48,3.35,-0.44,0,-0.4,53009,1621612278.21647
458.48,3.35,-0.44,0,-0.4,53029,1621612278.2358
458.48,3.35,-0.44,0,-0.4,53049,1621612278.25569
458.48,3.35,-0.44,0,-0.4,53069,1621612278.2773
458.48,3.35,-0.44,0,-0.4,53089,1621612278.29666
458.48,3.35,-0.44,0,-0.4,53109,1621612278.31829
458.48,3.35,-0.44,0,-0.4,53129,1621612278.33472
458.48,3.35,-0.44,0,-0.4,53149,1621612278.35497
458.48,3.35,-0.44,0,-0.4,53170,1621612278.37537
458.48,3.35,-0.44,0,-0.4,53189,1621612278.39602
458.48,3.35,-0.44,0,-0.4,53210,1621612278.41626
458.48,3.35,-0.44,0,-0.4,53229,1621612278.43597
458.48,3.35,-0.44,0,-0.4,53250,1621612278.45637
458.48,3.35,-0.44,0,-0.4,53269,1621612278.47748
458.48,3.35,-0.44,0,-0.4,53289,1621612278.49788
458.48,3.35,-0.44,0,-0.4,53309,1621612278.51498
458.48,3.35,-0.44,0,-0.4,53329,1621612278.53525
458.48,3.35,-0.44,0,-0.4,53349,1621612278.55552
458.48,3.35,-0.44,0,-0.4,53369,1621612278.57576
458.48,3.35,-0.44,0,-0.4,53389,1621612278.59604
458.48,3.35,-0.44,0,-0.4,53409,1621612278.61738
458.48,3.35,-0.44,0,-0.4,53429,1621612278.63716
458.48,3.35,-0.44,0,-0.4,53449,1621612278.65706
458.48,3.35,-0.44,0,-0.4,53470,1621612278.67742
458.48,3.35,-0.44,0,-0.4,53489,1621612278.6945
458.48,3.35,-0.44,0,-0.4,53510,1621612278.71556
458.48,3.35,-0.44,0,-0.4,53529,1621612278.73589
458.48,3.35,-0.44,0,-0.4,53550,1621612278.7559
458.48,3.35,-0.44,0,-0.42,53569,1621612278.77628
458.48,3.35,-0.44,0,-0.42,53590,1621612278.79637
458.48,3.35,-0.44,0,-0.42,53610,1621612278.8183
458.48,3.35,-0.44,0,-0.42,53629,1621612278.83719
458.48,3.35,-0.44,0,-0.42,53650,1621612278.85775
458.48,3.35,-0.44,0,-0.42,53669,1621612278.87843
458.48,3.35,-0.44,0,-0.42,53690,1621612278.8943
458.48,3.35,-0.44,0,-0.43,53709,1621612278.91654
458.48,3.35,-0.44,0,-0.5,53730,1621612278.93555
458.48,3.35,-0.44,0,-0.58,53749,1621612278.95548
458.48,3.35,-0.44,0,-0.68,53770,1621612278.97602
458.48,3.35,-0.44,0,-0.8,53789,1621612278.9979
458.48,3.35,-0.44,0,-0.92,53810,1621612279.0179
458.48,3.35,-0.44,0,-1.08,53829,1621612279.03765
458.48,3.35,-0.44,0,-1.25,53850,1621612279.0578
458.48,3.35,-0.44,0,-1.42,53869,1621612279.07452
458.48,3.35,-0.44,0,-1.6,53890,1621612279.09516
458.48,3.35,-0.44,0,-1.82,53909,1621612279.117
458.48,3.35,-0.44,0,-2.02,53929,1621612279.13602
458.48,3.35,-0.44,0,-2.22,53949,1621612279.15673
458.48,3.35,-0.44,0,-2.43,53969,1621612279.17706
458.48,3.35,-0.44,0,-2.65,53989,1621612279.19812
458.48,3.35,-0.44,0,-2.87,54009,1621612279.22099
458.48,3.35,-0.44,0,-3.1,54030,1621612279.24635
458.48,3.35,-0.44,0,-3.33,54049,1621612279.25644
458.48,3.35,-0.44,0,-3.55,54070,1621612279.27578
458.48,3.35,-0.44,0,-3.75,54089,1621612279.29534
458.48,3.35,-0.44,0,-3.93,54110,1621612279.3167
458.48,3.35,-0.44,0,-4.1,54129,1621612279.33685
458.48,3.35,-0.44,0,-4.25,54150,1621612279.35713
458.48,3.35,-0.44,0,-4.38,54169,1621612279.3773
458.48,3.35,-0.44,0,-4.53,54190,1621612279.39876
458.48,3.35,-0.44,0,-4.68,54209,1621612279.41871
458.48,3.35,-0.44,0,-4.85,54230,1621612279.43465
458.48,3.35,-0.44,0,-5.05,54249,1621612279.4652
458.48,3.35,-0.44,0,-5.28,54269,1621612279.48164
458.48,3.35,-0.44,0,-5.52,54289,1621612279.49667
458.48,3.35,-0.44,0,-5.77,54309,1621612279.51658
458.48,3.35,-0.44,0,-6,54329,1621612279.53764
458.48,3.35,-0.44,0,-6.22,54349,1621612279.5577
458.48,3.35,-0.44,0,-6.43,54370,1621612279.5779
458.48,3.35,-0.44,0,-6.65,54389,1621612279.59904
458.48,3.35,-0.44,0,-6.87,54410,1621612279.61634
458.48,3.35,-0.44,0,-7.07,54429,1621612279.63597
458.48,3.35,-0.44,0,-7.23,54450,1621612279.65612
458.48,3.35,-0.44,0,-7.4,54469,1621612279.67651
458.48,3.35,-0.44,0,-7.55,54490,1621612279.6973
458.48,3.35,-0.44,0,-7.72,54509,1621612279.7229
458.48,3.35,-0.44,0,-7.9,54530,1621612279.73852
458.48,3.35,-0.44,0,-8.07,54549,1621612279.75897
458.48,3.35,-0.44,0,-8.25,54569,1621612279.77907
458.48,3.35,-0.44,0,-8.4,54589,1621612279.79588
458.48,3.35,-0.44,0,-8.57,54609,1621612279.81668
458.48,3.35,-0.44,0,-8.75,54630,1621612279.83635
458.48,3.35,-0.44,0,-8.93,54649,1621612279.85702
458.48,3.35,-0.44,0,-9.13,54670,1621612279.87706
458.48,3.35,-0.44,0,-9.33,54689,1621612279.90195
458.48,3.35,-0.44,0,-9.55,54710,1621612279.91838
458.48,3.35,-0.44,0,-9.77,54729,1621612279.94382
458.48,3.35,-0.44,0,-9.98,54750,1621612279.95939
458.48,3.35,-0.44,0,-10.22,54769,1621612279.97965
458.48,3.35,-0.44,0,-10.45,54790,1621612279.9968
458.48,3.35,-0.44,0,-10.67,54809,1621612280.01724
458.48,3.35,-0.44,0,-10.87,54830,1621612280.03729
458.48,3.35,-0.44,0,-11.08,54849,1621612280.06715
458.48,3.35,-0.44,0,-11.27,54870,1621612280.07964
458.48,3.35,-0.44,0,-11.45,54889,1621612280.10278
458.48,3.35,-0.44,0,-11.62,54909,1621612280.11931
458.48,3.35,-0.44,0,-11.78,54930,1621612280.13954
458.48,3.35,-0.44,0,-11.95,54949,1621612280.15989
458.48,3.35,-0.44,0,-12.1,54970,1621612280.17616
458.48,3.35,-0.44,0,-12.25,54989,1621612280.19676
458.48,3.35,-0.44,0,-12.38,55010,1621612280.21736
458.48,3.35,-0.44,0,-12.53,55029,1621612280.23734
458.48,3.35,-0.44,0,-12.68,55050,1621612280.25839
458.48,3.35,-0.44,0,-12.83,55069,1621612280.27875
458.48,3.35,-0.44,0,-13,55090,1621612280.29887
458.48,3.35,-0.44,0,-13.22,55109,1621612280.32163
458.48,3.35,-0.44,0,-13.48,55130,1621612280.34091
458.48,3.35,-0.44,0,-13.77,55149,1621612280.35642
458.48,3.35,-0.44,0,-14.05,55170,1621612280.37689
458.48,3.35,-0.44,0,-14.32,55189,1621612280.39835
458.48,3.35,-0.44,0,-14.55,55209,1621612280.41977
458.48,3.35,-0.44,0,-14.68,55230,1621612280.43881
458.48,3.35,-0.44,0,-14.77,55249,1621612280.45929
458.48,3.35,-0.44,0,-14.8,55269,1621612280.4797
458.48,3.35,-0.44,0,-14.82,55289,1621612280.50049
458.48,3.35,-0.44,0,-14.82,55310,1621612280.52195
458.48,3.35,-0.44,0,-14.82,55329,1621612280.53621
458.48,3.35,-0.44,0,-14.83,55350,1621612280.55672
458.48,3.35,-0.44,0,-14.87,55369,1621612280.57732
458.48,3.35,-0.44,0,-14.9,55390,1621612280.59804
458.48,3.35,-0.44,0,-14.95,55409,1621612280.61932
458.48,3.35,-0.44,0,-15.05,55430,1621612280.63966
458.48,3.35,-0.44,0,-15.17,55449,1621612280.65974
458.48,3.35,-0.44,0,-15.32,55470,1621612280.67991
458.48,3.35,-0.44,0,-15.5,55489,1621612280.70043
458.48,3.35,-0.44,0,-15.65,55510,1621612280.71748
458.48,3.35,-0.44,0,-15.8,55529,1621612280.73731
458.48,3.35,-0.44,0,-15.93,55549,1621612280.76005
458.48,3.35,-0.44,0,-16.07,55569,1621612280.78643
458.48,3.35,-0.44,0,-16.18,55589,1621612280.80103
458.48,3.35,-0.44,0,-16.3,55610,1621612280.81909
458.48,3.35,-0.44,0,-16.42,55629,1621612280.83981
458.48,3.35,-0.44,0,-16.53,55650,1621612280.85994
458.48,3.35,-0.44,0,-16.65,55669,1621612280.88033
458.48,3.35,-0.44,0,-16.78,55690,1621612280.89763
458.48,3.35,-0.44,0,-16.93,55709,1621612280.91741
458.48,3.35,-0.44,0,-17.08,55730,1621612280.93917
458.48,3.35,-0.44,0,-17.22,55749,1621612280.96397
458.48,3.35,-0.44,0,-17.32,55770,1621612280.98295
458.48,3.35,-0.44,0,-17.38,55789,1621612281.0006
458.48,3.35,-0.44,0,-17.42,55810,1621612281.01967
458.48,3.35,-0.44,0,-17.43,55829,1621612281.04005
458.48,3.35,-0.44,0,-17.47,55849,1621612281.0602
458.48,3.35,-0.44,0,-17.48,55870,1621612281.07694
458.48,3.35,-0.44,0,-17.52,55889,1621612281.09796
458.48,3.35,-0.44,0,-17.53,55909,1621612281.122
458.48,3.35,-0.44,0,-17.55,55929,1621612281.14331
458.48,3.35,-0.44,0,-17.58,55949,1621612281.15881
458.48,3.35,-0.44,0,-17.63,55969,1621612281.18025
458.48,3.35,-0.44,0,-17.67,55990,1621612281.20028
458.48,3.35,-0.44,0,-17.68,56009,1621612281.22029
458.48,3.35,-0.44,0,-17.73,56030,1621612281.24064
458.48,3.35,-0.44,0,-17.78,56049,1621612281.25805
458.48,3.35,-0.44,0,-17.85,56070,1621612281.27846
458.48,3.35,-0.44,0,-17.9,56089,1621612281.29857
458.48,3.35,-0.44,0,-17.93,56110,1621612281.31948
458.48,3.35,-0.44,0,-17.97,56129,1621612281.33927
458.48,3.35,-0.44,0,-18.03,56150,1621612281.36087
458.48,3.35,-0.44,0,-18.08,56169,1621612281.3813
458.48,3.35,-0.44,0,-18.13,56189,1621612281.4018
458.48,3.35,-0.44,0,-18.18,56209,1621612281.42215
458.48,3.35,-0.44,0,-18.27,56229,1621612281.43802
458.48,3.35,-0.44,0,-18.37,56250,1621612281.45988
458.48,3.35,-0.44,0,-18.48,56269,1621612281.48975
458.48,3.35,-0.44,0,-18.65,56290,1621612281.50169
458.48,3.35,-0.44,0,-18.83,56309,1621612281.51949
458.48,3.35,-0.44,0,-19.02,56330,1621612281.54019
458.48,3.35,-0.44,0,-19.18,56349,1621612281.56038
458.48,3.35,-0.44,0,-19.32,56370,1621612281.58105
458.48,3.35,-0.44,0,-19.43,56389,1621612281.60157
458.48,3.35,-0.44,0,-19.55,56410,1621612281.61766
458.48,3.35,-0.44,0,-19.65,56429,1621612281.63934
458.48,3.35,-0.44,0,-19.73,56450,1621612281.66103
458.48,3.35,-0.44,0,-19.8,56469,1621612281.68234
458.48,3.35,-0.44,0,-19.87,56489,1621612281.70142
458.48,3.35,-0.44,0,-19.92,56509,1621612281.71989
458.48,3.35,-0.44,0,-19.98,56529,1621612281.74124
458.48,3.35,-0.44,0,-20.08,56550,1621612281.76054
458.48,3.35,-0.44,0,-20.2,56569,1621612281.78198
458.48,3.35,-0.44,0,-20.37,56590,1621612281.7979
458.48,3.35,-0.44,0,-20.55,56609,1621612281.81915
458.48,3.35,-0.44,0,-20.73,56630,1621612281.84154
458.48,3.35,-0.44,0,-20.92,56649,1621612281.86093
458.48,3.35,-0.44,0,-21.08,56670,1621612281.88063
458.48,3.35,-0.44,0,-21.22,56689,1621612281.90075
458.48,3.35,-0.44,0,-21.33,56710,1621612281.92062
458.48,3.35,-0.44,0,-21.43,56729,1621612281.94104
458.48,3.35,-0.44,0,-21.52,56750,1621612281.96226
458.48,3.35,-0.44,0,-21.62,56769,1621612281.98304
458.48,3.35,-0.44,0,-21.7,56790,1621612281.99994
458.48,3.35,-0.44,0,-21.83,56810,1621612282.01999
458.48,3.35,-0.44,0,-22.02,56829,1621612282.0402
458.48,3.35,-0.44,0,-22.23,56850,1621612282.06064
458.48,3.35,-0.44,0,-22.47,56869,1621612282.08093
458.48,3.35,-0.44,0,-22.72,56890,1621612282.10344
458.48,3.35,-0.44,0,-22.98,56909,1621612282.12262
458.48,3.35,-0.44,0,-23.27,56930,1621612282.1431
458.48,3.35,-0.44,0,-23.52,56949,1621612282.16345
458.48,3.35,-0.44,0,-23.72,56970,1621612282.17924
458.48,3.35,-0.44,0,-23.87,56989,1621612282.21134
458.48,3.35,-0.44,0,-23.98,57010,1621612282.22168
458.48,3.35,-0.44,0,-24.08,57029,1621612282.24018
458.48,3.35,-0.44,0,-24.18,57050,1621612282.26115
458.48,3.35,-0.44,0,-24.28,57069,1621612282.28137
458.48,3.35,-0.44,0,-24.42,57090,1621612282.30189
458.48,3.35,-0.44,0,-24.58,57109,1621612282.32913
458.48,3.35,-0.44,0,-24.77,57129,1621612282.34958
458.48,3.35,-0.44,0,-24.97,57149,1621612282.35958
458.48,3.35,-0.44,0,-25.22,57169,1621612282.37967
458.48,3.35,-0.44,0,-25.48,57190,1621612282.40042
458.48,3.35,-0.44,0,-25.73,57209,1621612282.42809
458.48,3.35,-0.44,0,-25.98,57230,1621612282.4417
458.48,3.35,-0.44,0,-26.18,57249,1621612282.46117
458.48,3.35,-0.44,0,-26.37,57270,1621612282.48254
458.48,3.35,-0.44,0,-26.53,57289,1621612282.50196
458.48,3.35,-0.44,0,-26.65,57310,1621612282.52388
458.48,3.35,-0.44,0,-26.77,57329,1621612282.53934
458.48,3.35,-0.44,0,-26.87,57350,1621612282.56069
458.48,3.35,-0.44,0,-26.95,57369,1621612282.58113
458.48,3.35,-0.44,0,-27.05,57390,1621612282.60141
458.48,3.35,-0.44,0,-27.15,57409,1621612282.62154
458.48,3.35,-0.44,0,-27.23,57430,1621612282.6418
458.48,3.35,-0.44,0,-27.32,57449,1621612282.66312
458.48,3.35,-0.44,0,-27.4,57469,1621612282.68335
458.48,3.35,-0.44,0,-27.47,57490,1621612282.70339
458.48,3.35,-0.44,0,-27.55,57509,1621612282.72057
458.48,3.35,-0.44,0,-27.63,57530,1621612282.74065
458.48,3.35,-0.44,0,-27.72,57549,1621612282.76151
458.48,3.35,-0.44,0,-27.8,57570,1621612282.7818
458.48,3.35,-0.44,0,-27.9,57589,1621612282.80188
458.48,3.35,-0.44,0,-28.02,57610,1621612282.82295
458.48,3.35,-0.44,0,-28.12,57629,1621612282.84336
458.48,3.35,-0.44,0,-28.23,57650,1621612282.86374
458.48,3.35,-0.44,0,-28.32,57669,1621612282.8839
458.48,3.35,-0.44,0,-28.4,57690,1621612282.90111
458.48,3.35,-0.44,0,-28.47,57709,1621612282.92114
458.48,3.35,-0.44,0,-28.53,57730,1621612282.9416
458.48,3.35,-0.44,0,-28.6,57749,1621612282.96237
458.48,3.35,-0.44,0,-28.65,57769,1621612282.98228
458.48,3.35,-0.44,0,-28.7,57789,1621612283.00268
458.48,3.35,-0.44,0,-28.75,57809,1621612283.02301
458.48,3.35,-0.44,0,-28.8,57829,1621612283.04357
458.48,3.35,-0.44,0,-28.85,57849,1621612283.06426
458.48,3.35,-0.44,0,-28.92,57870,1621612283.08086
458.48,3.35,-0.44,0,-28.97,57889,1621612283.10167
458.48,3.35,-0.44,0,-29.05,57910,1621612283.12344
458.48,3.35,-0.44,0,-29.13,57929,1621612283.14423
458.48,3.35,-0.44,0,-29.22,57950,1621612283.16237
458.48,3.35,-0.44,0,-29.3,57969,1621612283.18242
458.48,3.35,-0.44,0,-29.38,57990,1621612283.20229
458.48,3.35,-0.44,0,-29.47,58009,1621612283.23223
458.48,3.35,-0.44,0,-29.53,58030,1621612283.2467
458.48,3.35,-0.44,0,-29.62,58049,1621612283.26125
458.48,3.35,-0.44,0,-29.7,58070,1621612283.28099
458.48,3.35,-0.44,0,-29.8,58089,1621612283.30115
458.48,3.35,-0.44,0,-29.9,58109,1621612283.32182
458.48,3.35,-0.44,0,-30,58129,1621612283.34286
458.48,3.35,-0.44,0,-30.1,58149,1621612283.36317
458.48,3.35,-0.44,0,-30.22,58170,1621612283.38387
458.48,3.35,-0.44,0,-30.32,58189,1621612283.40429
458.48,3.35,-0.44,0,-30.43,58210,1621612283.42472
458.48,3.35,-0.44,0,-30.55,58229,1621612283.44124
458.48,3.35,-0.44,0,-30.67,58250,1621612283.46104
458.48,3.35,-0.44,0,-30.8,58269,1621612283.48226
458.48,3.35,-0.44,0,-30.92,58290,1621612283.5028
458.48,3.35,-0.44,0,-31.03,58309,1621612283.52288
458.48,3.35,-0.44,0,-31.13,58330,1621612283.54321
458.48,3.35,-0.44,0,-31.25,58349,1621612283.56446
458.48,3.35,-0.44,0,-31.33,58370,1621612283.58431
458.48,3.35,-0.44,0,-31.43,58390,1621612283.60499
458.48,3.35,-0.44,0,-31.52,58409,1621612283.62175
458.48,3.35,-0.44,0,-31.62,58430,1621612283.64125
458.48,3.35,-0.44,0,-31.7,58449,1621612283.6619
458.48,3.35,-0.44,0,-31.77,58470,1621612283.68404
458.48,3.35,-0.44,0,-31.82,58489,1621612283.70428
458.48,3.35,-0.44,0,-31.88,58510,1621612283.72598
458.48,3.35,-0.44,0,-31.95,58529,1621612283.74575
458.48,3.35,-0.44,0,-32,58550,1621612283.76668
458.48,3.35,-0.44,0,-32.05,58569,1621612283.78746
458.48,3.35,-0.44,0,-32.1,58590,1621612283.80113
458.48,3.35,-0.44,0,-32.15,58609,1621612283.82164
458.48,3.35,-0.44,0,-32.18,58630,1621612283.8419
458.48,3.35,-0.44,0,-32.23,58649,1621612283.86245
458.48,3.35,-0.44,0,-32.27,58670,1621612283.88272
458.48,3.35,-0.44,0,-32.3,58689,1621612283.90792
458.48,3.35,-0.44,0,-32.33,58710,1621612283.92566
458.48,3.35,-0.44,0,-32.37,58729,1621612283.94388
458.48,3.35,-0.44,0,-32.4,58749,1621612283.96513
458.48,3.35,-0.44,0,-32.43,58770,1621612283.98548
458.48,3.35,-0.44,0,-32.47,58789,1621612284.00131
458.48,3.35,-0.44,0,-32.48,58810,1621612284.0225
458.48,3.35,-0.44,0,-32.5,58829,1621612284.04302
458.48,3.35,-0.44,0,-32.52,58850,1621612284.06454
458.48,3.35,-0.44,0,-32.53,58869,1621612284.08515
458.48,3.35,-0.44,0,-32.55,58890,1621612284.10529
458.48,3.35,-0.44,0,-32.57,58909,1621612284.1252
458.48,3.35,-0.44,0,-32.57,58930,1621612284.14575
458.48,3.35,-0.44,0,-32.6,58949,1621612284.16227
458.48,3.35,-0.44,0,-32.62,58970,1621612284.18279
458.48,3.35,-0.44,0,-32.63,58989,1621612284.20289
458.48,3.35,-0.44,0,-32.67,59010,1621612284.22367
458.48,3.35,-0.44,0,-32.68,59030,1621612284.24416
458.48,3.35,-0.44,0,-32.7,59049,1621612284.26486
458.48,3.35,-0.44,0,-32.72,59069,1621612284.28543
458.48,3.35,-0.44,0,-32.75,59089,1621612284.30531
458.48,3.35,-0.44,0,-32.77,59109,1621612284.32581
458.48,3.35,-0.44,0,-32.78,59129,1621612284.3417
458.48,3.35,-0.44,0,-32.8,59150,1621612284.37032
458.48,3.35,-0.44,0,-32.83,59169,1621612284.38779
458.48,3.35,-0.44,0,-32.85,59190,1621612284.40355
458.48,3.35,-0.44,0,-32.9,59209,1621612284.42364
458.48,3.35,-0.44,0,-32.93,59230,1621612284.44508
458.48,3.35,-0.44,0,-32.98,59249,1621612284.46551
458.48,3.35,-0.44,0,-33.03,59270,1621612284.48587
458.48,3.35,-0.44,0,-33.08,59289,1621612284.50626
458.48,3.35,-0.44,0,-33.13,59310,1621612284.5263
458.48,3.35,-0.44,0,-33.2,59329,1621612284.54323
458.48,3.35,-0.44,0,-33.25,59350,1621612284.5638
458.48,3.35,-0.44,0,-33.3,59370,1621612284.58382
458.48,3.35,-0.44,0,-33.35,59389,1621612284.60391
458.48,3.35,-0.44,0,-33.4,59410,1621612284.62517
458.48,3.35,-0.44,0,-33.45,59429,1621612284.64568
458.48,3.35,-0.44,0,-33.48,59450,1621612284.6662
458.48,3.35,-0.44,0,-33.5,59469,1621612284.6865
458.48,3.35,-0.44,0,-33.52,59489,1621612284.70245
458.48,3.35,-0.44,0,-33.53,59509,1621612284.72346
458.48,3.35,-0.44,0,-33.57,59530,1621612284.74392
458.48,3.35,-0.44,0,-33.6,59549,1621612284.76498
458.48,3.35,-0.44,0,-33.63,59570,1621612284.78526
458.48,3.35,-0.44,0,-33.67,59589,1621612284.8058
458.48,3.35,-0.44,0,-33.72,59610,1621612284.82745
458.48,3.35,-0.44,0,-33.78,59629,1621612284.84529
458.48,3.35,-0.44,0,-33.83,59650,1621612284.86968
458.48,3.35,-0.44,0,-33.88,59670,1621612284.88684
458.48,3.35,-0.44,0,-33.97,59689,1621612284.90201
458.48,3.35,-0.44,0,-34.03,59710,1621612284.9236
458.48,3.35,-0.44,0,-34.12,59729,1621612284.9448
458.48,3.35,-0.44,0,-34.22,59750,1621612284.96557
458.48,3.35,-0.44,0,-34.3,59769,1621612284.98593
458.48,3.35,-0.44,0,-34.38,59790,1621612285.0069
458.48,3.35,-0.44,0,-34.47,59809,1621612285.02629
458.48,3.35,-0.44,0,-34.53,59830,1621612285.04613
458.48,3.35,-0.44,0,-34.58,59849,1621612285.06607
458.48,3.35,-0.44,0,-34.63,59870,1621612285.08588
458.48,3.35,-0.44,0,-34.67,59889,1621612285.10591
458.48,3.35,-0.44,0,-34.7,59910,1621612285.12503
458.48,3.35,-0.44,0,-34.73,59929,1621612285.1452
458.48,3.35,-0.44,0,-34.75,59950,1621612285.16561
458.48,3.35,-0.44,0,-34.75,59970,1621612285.18601
458.48,3.35,-0.44,0,-34.77,59990,1621612285.20648
458.48,3.35,-0.44,0,-34.78,60009,1621612285.22629
458.48,3.35,-0.44,0,-34.8,60029,1621612285.25151
458.48,3.35,-0.44,0,-34.82,60050,1621612285.27093
458.48,3.35,-0.44,0,-34.83,60069,1621612285.2866
458.48,3.35,-0.44,0,-34.85,60089,1621612285.30619
458.48,3.35,-0.44,0,-34.87,60109,1621612285.32489
458.48,3.35,-0.44,0,-34.87,60130,1621612285.34521
458.48,3.35,-0.44,0,-34.88,60149,1621612285.36575
458.48,3.35,-0.44,0,-34.9,60170,1621612285.38608
458.48,3.35,-0.44,0,-34.92,60189,1621612285.4064
458.48,3.35,-0.44,0,-34.93,60210,1621612285.42778
458.48,3.35,-0.44,0,-34.95,60229,1621612285.44819
458.48,3.35,-0.44,0,-34.95,60250,1621612285.46411
458.48,3.35,-0.44,0,-34.95,60270,1621612285.48551
458.48,3.35,-0.44,0,-34.97,60290,1621612285.5058
458.48,3.35,-0.44,0,-34.98,60309,1621612285.52581
458.48,3.35,-0.44,0,-34.98,60329,1621612285.54596
458.48,3.35,-0.44,0,-34.98,60349,1621612285.56653
458.48,3.35,-0.44,0,-35.02,60369,1621612285.58707
458.48,3.35,-0.44,0,-35.05,60389,1621612285.60808
458.48,3.35,-0.44,0,-35.07,60409,1621612285.63387
458.48,3.35,-0.44,0,-35.08,60430,1621612285.64921
458.48,3.35,-0.44,0,-35.08,60449,1621612285.66559
458.48,3.35,-0.44,0,-35.08,60470,1621612285.68586
458.48,3.35,-0.44,0,-35.1,60489,1621612285.71046
458.48,3.35,-0.44,0,-35.13,60510,1621612285.73113
458.48,3.35,-0.44,0,-35.17,60529,1621612285.74648
458.48,3.35,-0.44,0,-35.22,60550,1621612285.76653
458.48,3.35,-0.44,0,-35.27,60569,1621612285.78775
458.48,3.35,-0.44,0,-35.37,60590,1621612285.80328
458.48,3.35,-0.44,0,-35.5,60609,1621612285.82463
458.48,3.35,-0.44,0,-35.65,60630,1621612285.84555
458.48,3.35,-0.44,0,-35.77,60650,1621612285.86747
458.48,3.35,-0.44,0,-35.88,60669,1621612285.88941
458.48,3.35,-0.44,0,-35.98,60690,1621612285.91032
458.48,3.35,-0.44,0,-36.07,60709,1621612285.9306
458.48,3.35,-0.44,0,-36.13,60729,1621612285.94796
458.48,3.35,-0.44,0,-36.17,60749,1621612285.96795
458.48,3.35,-0.44,0,-36.2,60770,1621612285.98411
458.48,3.35,-0.44,0,-36.23,60789,1621612286.00506
458.48,3.35,-0.44,0,-36.25,60810,1621612286.0349
458.48,3.35,-0.44,0,-36.27,60829,1621612286.0508
458.48,3.35,-0.44,0,-36.3,60850,1621612286.06807
458.48,3.35,-0.44,0,-36.32,60869,1621612286.08751
458.48,3.35,-0.44,0,-36.35,60890,1621612286.10742
458.48,3.35,-0.44,0,-36.38,60909,1621612286.12746
458.48,3.35,-0.44,0,-36.42,60930,1621612286.1489
458.48,3.35,-0.44,0,-36.43,60949,1621612286.16937
458.48,3.35,-0.44,0,-36.47,60969,1621612286.18525
458.48,3.35,-0.44,0,-36.5,60990,1621612286.20611
458.48,3.35,-0.44,0,-36.52,61009,1621612286.22644
458.48,3.35,-0.44,0,-36.55,61030,1621612286.24647
458.48,3.35,-0.44,0,-36.58,61049,1621612286.26717
458.48,3.35,-0.44,0,-36.63,61070,1621612286.28739
458.48,3.35,-0.44,0,-36.67,61089,1621612286.31127
458.48,3.35,-0.44,0,-36.72,61110,1621612286.32756
458.48,3.35,-0.44,0,-36.77,61129,1621612286.34859
458.48,3.35,-0.44,0,-36.82,61150,1621612286.37382
458.48,3.35,-0.44,0,-36.88,61169,1621612286.39441
458.48,3.35,-0.44,0,-36.93,61190,1621612286.40602
458.48,3.35,-0.44,0,-37,61209,1621612286.42647
458.48,3.35,-0.44,0,-37.07,61230,1621612286.44699
458.48,3.35,-0.44,0,-37.13,61249,1621612286.46736
458.48,3.35,-0.44,0,-37.18,61270,1621612286.4879
458.48,3.35,-0.44,0,-37.25,61289,1621612286.5086
458.48,3.35,-0.44,0,-37.3,61309,1621612286.52854
458.48,3.35,-0.44,0,-37.35,61329,1621612286.54453
458.48,3.35,-0.44,0,-37.38,61349,1621612286.56612
458.48,3.35,-0.44,0,-37.43,61370,1621612286.58671
458.48,3.35,-0.44,0,-37.48,61389,1621612286.6074
458.48,3.35,-0.44,0,-37.52,61410,1621612286.62793
458.48,3.35,-0.44,0,-37.55,61429,1621612286.6484
458.48,3.35,-0.44,0,-37.6,61450,1621612286.66838
458.48,3.35,-0.44,0,-37.65,61469,1621612286.68986
458.48,3.35,-0.44,0,-37.7,61490,1621612286.70945
458.48,3.35,-0.44,0,-37.75,61509,1621612286.72641
458.48,3.35,-0.44,0,-37.8,61530,1621612286.7467
458.48,3.35,-0.44,0,-37.85,61549,1621612286.76692
458.48,3.35,-0.44,0,-37.9,61570,1621612286.78733
458.48,3.35,-0.44,0,-37.93,61589,1621612286.80759
458.48,3.35,-0.44,0,-37.97,61609,1621612286.82788
458.48,3.35,-0.44,0,-38.02,61630,1621612286.84856
458.48,3.35,-0.44,0,-38.07,61649,1621612286.86985
458.48,3.35,-0.44,0,-38.12,61669,1621612286.89039
458.48,3.35,-0.44,0,-38.17,61689,1621612286.90628
458.48,3.35,-0.44,0,-38.22,61710,1621612286.92651
458.48,3.35,-0.44,0,-38.27,61729,1621612286.94795
458.48,3.35,-0.44,0,-38.33,61750,1621612286.9715
458.48,3.35,-0.44,0,-38.4,61769,1621612286.98809
458.48,3.35,-0.44,0,-38.47,61790,1621612287.00823
458.48,3.35,-0.44,0,-38.53,61809,1621612287.02846
458.48,3.35,-0.44,0,-38.6,61830,1621612287.04919
458.48,3.35,-0.44,0,-38.67,61849,1621612287.07529
458.48,3.35,-0.44,0,-38.7,61870,1621612287.09111
458.48,3.35,-0.44,0,-38.75,61889,1621612287.10665
458.48,3.35,-0.44,0,-38.78,61910,1621612287.12677
458.48,3.35,-0.44,0,-38.82,61930,1621612287.14831
458.48,3.35,-0.44,0,-38.85,61949,1621612287.16798
458.48,3.35,-0.44,0,-38.88,61970,1621612287.18861
458.48,3.35,-0.44,0,-38.92,61989,1621612287.20896
458.48,3.35,-0.44,0,-38.93,62010,1621612287.22977
458.48,3.35,-0.44,0,-38.97,62029,1621612287.25032
458.48,3.35,-0.44,0,-39,62050,1621612287.26672
458.48,3.35,-0.44,0,-39.03,62069,1621612287.28682
458.48,3.35,-0.44,0,-39.07,62090,1621612287.30742
458.48,3.35,-0.44,0,-39.1,62109,1621612287.32769
458.48,3.35,-0.44,0,-39.15,62130,1621612287.34794
458.48,3.35,-0.44,0,-39.18,62149,1621612287.3692
458.48,3.35,-0.44,0,-39.22,62170,1621612287.39006
458.48,3.35,-0.44,0,-39.25,62189,1621612287.40917
458.48,3.35,-0.44,0,-39.28,62210,1621612287.43045
458.48,3.35,-0.44,0,-39.32,62229,1621612287.44635
458.48,3.35,-0.44,0,-39.35,62249,1621612287.46686
458.48,3.35,-0.44,0,-39.38,62269,1621612287.48766
458.48,3.35,-0.44,0,-39.42,62289,1621612287.51119
458.48,3.35,-0.44,0,-39.45,62309,1621612287.53201
458.48,3.35,-0.44,0,-39.47,62329,1621612287.54988
458.48,3.35,-0.44,0,-39.5,62350,1621612287.57072
458.48,3.35,-0.44,0,-39.53,62369,1621612287.59112
458.48,3.35,-0.44,0,-39.57,62389,1621612287.61057
458.48,3.35,-0.44,0,-39.62,62409,1621612287.63231
458.48,3.35,-0.44,0,-39.65,62430,1621612287.64788
458.48,3.35,-0.44,0,-39.68,62449,1621612287.66884
458.48,3.35,-0.44,0,-39.72,62470,1621612287.68906
458.48,3.35,-0.44,0,-39.77,62489,1621612287.70925
458.48,3.35,-0.44,0,-39.82,62510,1621612287.72955
458.48,3.35,-0.44,0,-39.87,62529,1621612287.75075
458.48,3.35,-0.44,0,-39.92,62550,1621612287.77107
458.48,3.35,-0.44,0,-39.97,62570,1621612287.7913
458.48,3.35,-0.44,0,-40.03,62589,1621612287.81303
458.48,3.35,-0.44,0,-40.08,62610,1621612287.82798
458.48,3.35,-0.44,0,-40.15,62629,1621612287.84867
458.48,3.35,-0.44,0,-40.23,62650,1621612287.86897
458.48,3.35,-0.44,0,-40.32,62669,1621612287.89043
458.48,3.35,-0.44,0,-40.4,62690,1621612287.91167
458.48,3.35,-0.44,0,-40.47,62709,1621612287.93022
458.48,3.35,-0.44,0,-40.53,62730,1621612287.95751
458.48,3.35,-0.44,0,-40.58,62749,1621612287.97158
458.48,3.35,-0.44,0,-40.63,62770,1621612287.9924
458.48,3.35,-0.44,0,-40.67,62789,1621612288.0075
458.48,3.35,-0.44,0,-40.7,62810,1621612288.02854
458.48,3.35,-0.44,0,-40.73,62829,1621612288.05042
458.48,3.35,-0.44,0,-40.77,62850,1621612288.07246
458.48,3.35,-0.44,0,-40.8,62869,1621612288.09025
458.48,3.35,-0.44,0,-40.83,62889,1621612288.10931
458.48,3.35,-0.44,0,-40.87,62909,1621612288.13063
458.48,3.35,-0.44,0,-40.92,62929,1621612288.15052
458.48,3.35,-0.44,0,-40.95,62950,1621612288.171
458.48,3.35,-0.44,0,-40.97,62969,1621612288.18796
458.48,3.35,-0.44,0,-41,62990,1621612288.20849
458.48,3.35,-0.44,0,-41.05,63009,1621612288.22915
458.48,3.35,-0.44,0,-41.08,63030,1621612288.24924
458.48,3.35,-0.44,0,-41.12,63049,1621612288.2695
458.48,3.35,-0.44,0,-41.15,63070,1621612288.29435
458.48,3.35,-0.44,0,-41.2,63089,1621612288.31162
458.48,3.35,-0.44,0,-41.25,63110,1621612288.33251
458.48,3.35,-0.44,0,-41.3,63129,1621612288.35239
458.48,3.35,-0.44,0,-41.33,63150,1621612288.3776
458.48,3.35,-0.44,0,-41.38,63169,1621612288.39015
458.48,3.35,-0.44,0,-41.42,63190,1621612288.4098
458.48,3.35,-0.44,0,-41.45,63209,1621612288.4301
458.48,3.35,-0.44,0,-41.48,63229,1621612288.45044
458.48,3.35,-0.44,0,-41.53,63249,1621612288.47107
458.48,3.35,-0.44,0,-41.57,63269,1621612288.49162
458.48,3.35,-0.44,0,-41.58,63289,1621612288.51191
458.48,3.35,-0.44,0,-41.62,63309,1621612288.53915
458.48,3.35,-0.44,0,-41.63,63330,1621612288.54942
458.48,3.35,-0.44,0,-41.65,63349,1621612288.56917
458.48,3.35,-0.44,0,-41.68,63370,1621612288.58905
458.48,3.35,-0.44,0,-41.7,63389,1621612288.60977
458.48,3.35,-0.44,0,-41.73,63410,1621612288.6301
458.48,3.35,-0.44,0,-41.77,63429,1621612288.65037
458.48,3.35,-0.44,0,-41.8,63450,1621612288.6707
458.48,3.35,-0.44,0,-41.83,63469,1621612288.70022
458.48,3.35,-0.44,0,-41.87,63490,1621612288.71418
458.48,3.35,-0.44,0,-41.9,63510,1621612288.72927
458.48,3.35,-0.44,0,-41.92,63529,1621612288.7502
458.48,3.35,-0.44,0,-41.95,63550,1621612288.77049
458.48,3.35,-0.44,0,-42,63569,1621612288.79207
458.48,3.35,-0.44,0,-42.05,63589,1621612288.81139
458.48,3.35,-0.44,0,-42.08,63609,1621612288.83217
458.48,3.35,-0.44,0,-42.12,63629,1621612288.85226
458.48,3.35,-0.44,0,-42.15,63649,1621612288.87271
458.48,3.35,-0.44,0,-42.18,63670,1621612288.89259
458.48,3.35,-0.44,0,-42.22,63689,1621612288.91259
458.48,3.35,-0.44,0,-42.23,63710,1621612288.92958
458.48,3.35,-0.44,0,-42.25,63729,1621612288.94996
458.48,3.35,-0.44,0,-42.27,63750,1621612288.97085
458.48,3.35,-0.44,0,-42.28,63770,1621612288.99258
458.48,3.35,-0.44,0,-42.3,63790,1621612289.01135
458.48,3.35,-0.44,0,-42.32,63809,1621612289.03192
458.48,3.35,-0.44,0,-42.35,63830,1621612289.05194
458.48,3.35,-0.44,0,-42.38,63849,1621612289.07394
458.48,3.35,-0.44,0,-42.42,63869,1621612289.09772
458.48,3.35,-0.44,0,-42.43,63889,1621612289.10941
458.48,3.35,-0.44,0,-42.47,63909,1621612289.13026
458.48,3.35,-0.44,0,-42.5,63930,1621612289.15062
458.48,3.35,-0.44,0,-42.53,63949,1621612289.1715
458.48,3.35,-0.44,0,-42.55,63970,1621612289.19186
458.48,3.35,-0.44,0,-42.58,63989,1621612289.21195
458.48,3.35,-0.44,0,-42.62,64010,1621612289.2324
458.48,3.35,-0.44,0,-42.65,64029,1621612289.25308
458.48,3.35,-0.44,0,-42.68,64050,1621612289.27369
458.48,3.35,-0.44,0,-42.72,64069,1621612289.2898
458.48,3.35,-0.44,0,-42.75,64090,1621612289.321
458.48,3.35,-0.44,0,-42.77,64109,1621612289.33195
458.48,3.35,-0.44,0,-42.8,64130,1621612289.35054
458.48,3.35,-0.44,0,-42.83,64149,1621612289.37126
458.48,3.35,-0.44,0,-42.85,64169,1621612289.39159
458.48,3.35,-0.44,0,-42.87,64189,1621612289.41249
458.48,3.35,-0.44,0,-42.9,64209,1621612289.43814
458.48,3.35,-0.44,0,-42.92,64229,1621612289.45043
458.48,3.35,-0.44,0,-42.93,64249,1621612289.46967
458.48,3.35,-0.44,0,-42.95,64270,1621612289.49095
458.48,3.35,-0.44,0,-42.97,64289,1621612289.51067
458.48,3.35,-0.44,0,-42.98,64309,1621612289.53129
458.48,3.35,-0.44,0,-43.02,64329,1621612289.55263
458.48,3.35,-0.44,0,-43.03,64350,1621612289.57279
458.48,3.35,-0.44,0,-43.05,64369,1621612289.59431
458.48,3.35,-0.44,0,-43.07,64390,1621612289.61366
458.48,3.35,-0.44,0,-43.08,64410,1621612289.63371
458.48,3.35,-0.44,0,-43.1,64430,1621612289.65084
458.48,3.35,-0.44,0,-43.13,64449,1621612289.67132
458.48,3.35,-0.44,0,-43.15,64470,1621612289.6921
458.48,3.35,-0.44,0,-43.17,64489,1621612289.71207
458.48,3.35,-0.44,0,-43.18,64509,1621612289.7381
458.48,3.35,-0.44,0,-43.22,64530,1621612289.75387
458.48,3.35,-0.44,0,-43.23,64549,1621612289.77547
458.48,3.35,-0.44,0,-43.25,64570,1621612289.79498
458.48,3.35,-0.44,0,-43.27,64589,1621612289.81735
458.48,3.35,-0.44,0,-43.3,64610,1621612289.83136
458.48,3.35,-0.44,0,-43.32,64629,1621612289.85053
458.48,3.35,-0.44,0,-43.33,64650,1621612289.87113
458.48,3.35,-0.44,0,-43.35,64670,1621612289.89287
458.48,3.35,-0.44,0,-43.37,64690,1621612289.91219
458.48,3.35,-0.44,0,-43.38,64709,1621612289.93324
458.48,3.35,-0.44,0,-43.42,64730,1621612289.95877
458.48,3.35,-0.44,0,-43.43,64749,1621612289.97369
458.48,3.35,-0.44,0,-43.45,64770,1621612289.99403
458.48,3.35,-0.44,0,-43.47,64789,1621612290.01
458.48,3.35,-0.44,0,-43.48,64809,1621612290.03193
458.48,3.35,-0.44,0,-43.5,64829,1621612290.05175
458.48,3.35,-0.44,0,-43.52,64849,1621612290.07217
458.48,3.35,-0.44,0,-43.55,64870,1621612290.09246
458.48,3.35,-0.44,0,-43.57,64889,1621612290.11272
458.48,3.35,-0.44,0,-43.58,64909,1621612290.1336
458.48,3.35,-0.44,0,-43.62,64929,1621612290.15333
458.48,3.35,-0.44,0,-43.65,64950,1621612290.17503
458.48,3.35,-0.44,0,-43.67,64969,1621612290.19164
458.48,3.35,-0.44,0,-43.7,64990,1621612290.21147
458.48,3.35,-0.44,0,-43.72,65009,1621612290.2337
458.48,3.35,-0.44,0,-43.75,65030,1621612290.25361
458.48,3.35,-0.44,0,-43.78,65049,1621612290.27275
458.48,3.35,-0.44,0,-43.82,65070,1621612290.29387
458.48,3.35,-0.44,0,-43.85,65089,1621612290.31443
458.48,3.35,-0.44,0,-43.9,65110,1621612290.33487
458.48,3.35,-0.44,0,-43.93,65129,1621612290.35481
458.48,3.35,-0.44,0,-43.95,65149,1621612290.37149
458.48,3.35,-0.44,0,-43.98,65169,1621612290.39145
458.48,3.35,-0.44,0,-44.03,65189,1621612290.41194
458.48,3.35,-0.44,0,-44.08,65210,1621612290.434
458.48,3.35,-0.44,0,-44.12,65229,1621612290.45319
458.48,3.35,-0.44,0,-44.17,65250,1621612290.47364
458.48,3.35,-0.44,0,-44.2,65269,1621612290.49426
458.48,3.35,-0.44,0,-44.23,65290,1621612290.51504
458.48,3.35,-0.44,0,-44.27,65309,1621612290.53162
458.48,3.35,-0.44,0,-44.32,65330,1621612290.55261
458.48,3.35,-0.44,0,-44.35,65349,1621612290.57974
458.48,3.35,-0.44,0,-44.37,65370,1621612290.59315
458.48,3.35,-0.44,0,-44.4,65389,1621612290.61293
458.48,3.35,-0.44,0,-44.42,65410,1621612290.63352
458.48,3.35,-0.44,0,-44.45,65429,1621612290.65321
458.48,3.35,-0.44,0,-44.47,65449,1621612290.67364
458.48,3.35,-0.44,0,-44.48,65469,1621612290.69472
458.48,3.35,-0.44,0,-44.48,65489,1621612290.71626
458.48,3.35,-0.44,0,-44.5,65509,1621612290.7315
458.48,3.35,-0.44,0,-44.52,65529,1621612290.75239
458.48,3.35,-0.44,0,-44.52,65550,1621612290.78282
458.48,3.35,-0.44,0,-44.53,65569,1621612290.79484
458.48,3.35,-0.44,0,-44.53,65590,1621612290.81465
458.48,3.35,-0.44,0,-44.55,65609,1621612290.83325
458.48,3.35,-0.44,0,-44.55,65630,1621612290.85379
458.48,3.35,-0.44,0,-44.57,65649,1621612290.87416
458.48,3.35,-0.44,0,-44.58,65670,1621612290.89525
458.48,3.35,-0.44,0,-44.6,65689,1621612290.91153
458.48,3.35,-0.44,0,-44.62,65710,1621612290.93334
458.48,3.35,-0.44,0,-44.63,65729,1621612290.95296
458.48,3.35,-0.44,0,-44.63,65750,1621612290.97315
458.48,3.35,-0.44,0,-44.65,65769,1621612290.99435
458.48,3.35,-0.44,0,-44.67,65789,1621612291.01527
458.48,3.35,-0.44,0,-44.68,65810,1621612291.03517
458.48,3.35,-0.44,0,-44.7,65829,1621612291.05482
458.48,3.35,-0.44,0,-44.72,65849,1621612291.07631
458.48,3.35,-0.44,0,-44.73,65869,1621612291.09163
458.48,3.35,-0.44,0,-44.75,65890,1621612291.1136
458.48,3.35,-0.44,0,-44.77,65909,1621612291.13369
458.48,3.35,-0.44,0,-44.78,65930,1621612291.15347
458.48,3.35,-0.44,0,-44.82,65949,1621612291.17445
458.48,3.35,-0.44,0,-44.83,65970,1621612291.19426
458.48,3.35,-0.44,0,-44.85,65989,1621612291.21513
458.48,3.35,-0.44,0,-44.88,66010,1621612291.23547
458.48,3.35,-0.44,0,-44.9,66029,1621612291.25582
458.48,3.35,-0.44,0,-44.93,66050,1621612291.27859
458.48,3.35,-0.44,0,-44.97,66069,1621612291.29321
458.48,3.35,-0.44,0,-45,66089,1621612291.3136
458.48,3.35,-0.44,0,-45.03,66110,1621612291.33304
458.48,3.35,-0.44,0,-45.05,66129,1621612291.35369
458.48,3.35,-0.44,0,-45.1,66150,1621612291.37402
458.48,3.35,-0.44,0,-45.15,66169,1621612291.39572
458.48,3.35,-0.44,0,-45.2,66190,1621612291.41673
458.48,3.35,-0.44,0,-45.23,66209,1621612291.43569
458.48,3.35,-0.44,0,-45.28,66230,1621612291.45704
458.48,3.35,-0.44,0,-45.32,66249,1621612291.47327
458.48,3.35,-0.44,0,-45.37,66270,1621612291.4937
458.48,3.35,-0.44,0,-45.42,66289,1621612291.51408
458.48,3.35,-0.44,0,-45.45,66310,1621612291.53525
458.48,3.35,-0.44,0,-45.48,66329,1621612291.55548
458.48,3.35,-0.44,0,-45.52,66350,1621612291.57621
458.48,3.35,-0.44,0,-45.53,66369,1621612291.59657
458.48,3.35,-0.44,0,-45.57,66390,1621612291.61802
458.48,3.35,-0.44,0,-45.58,66409,1621612291.63333
458.48,3.35,-0.44,0,-45.6,66429,1621612291.65365
458.48,3.35,-0.44,0,-45.62,66450,1621612291.67421
458.48,3.35,-0.44,0,-45.63,66469,1621612291.69473
458.48,3.35,-0.44,0,-45.63,66489,1621612291.72216
458.48,3.35,-0.44,0,-45.65,66509,1621612291.74075
458.48,3.35,-0.44,0,-45.67,66530,1621612291.75572
458.48,3.35,-0.44,0,-45.67,66549,1621612291.77591
458.48,3.35,-0.44,0,-45.67,66570,1621612291.79541
458.48,3.35,-0.44,0,-45.68,66589,1621612291.81704
458.48,3.35,-0.44,0,-45.68,66610,1621612291.83332
458.48,3.35,-0.44,0,-45.68,66630,1621612291.85451
458.48,3.35,-0.44,0,-45.68,66650,1621612291.87508
458.48,3.35,-0.44,0,-45.68,66670,1621612291.89524
458.48,3.35,-0.44,0,-45.68,66690,1621612291.91779
458.48,3.35,-0.44,0,-45.7,66709,1621612291.93658
458.48,3.35,-0.44,0,-45.7,66729,1621612291.95728
458.48,3.35,-0.44,0,-45.7,66749,1621612291.97688
458.48,3.35,-0.44,0,-45.7,66769,1621612291.9967
458.48,3.35,-0.44,0,-45.72,66789,1621612292.0136
458.48,3.35,-0.44,0,-45.72,66809,1621612292.04333
458.48,3.35,-0.44,0,-45.73,66830,1621612292.06358
458.48,3.35,-0.44,0,-45.73,66849,1621612292.07511
458.48,3.35,-0.44,0,-45.75,66870,1621612292.09577
458.48,3.35,-0.44,0,-45.75,66889,1621612292.11657
458.48,3.35,-0.44,0,-45.75,66910,1621612292.13565
458.48,3.35,-0.44,0,-45.75,66930,1621612292.16122
458.48,3.35,-0.44,0,-45.75,66950,1621612292.18046
458.48,3.35,-0.44,0,-45.75,66970,1621612292.19379
458.48,3.35,-0.44,0,-45.77,66990,1621612292.21401
458.48,3.35,-0.44,0,-45.78,67009,1621612292.23904
458.48,3.35,-0.44,0,-45.82,67030,1621612292.25641
458.48,3.35,-0.44,0,-45.87,67049,1621612292.27475
458.48,3.35,-0.44,0,-45.88,67069,1621612292.29606
458.48,3.35,-0.44,0,-45.9,67089,1621612292.31655
458.48,3.35,-0.44,0,-45.9,67109,1621612292.33638
458.48,3.35,-0.44,0,-45.92,67129,1621612292.35801
458.48,3.35,-0.44,0,-45.93,67149,1621612292.3741
458.48,3.35,-0.44,0,-45.95,67170,1621612292.39516
458.48,3.35,-0.44,0,-45.97,67189,1621612292.41713
458.48,3.35,-0.44,0,-46.02,67210,1621612292.43579
458.48,3.35,-0.44,0,-46.05,67229,1621612292.45632
458.48,3.35,-0.44,0,-46.05,67250,1621612292.47658
458.48,3.35,-0.44,0,-46.08,67269,1621612292.50302
458.48,3.35,-0.44,0,-46.12,67290,1621612292.51834
458.48,3.35,-0.44,0,-46.13,67309,1621612292.53741
458.48,3.35,-0.44,0,-46.17,67330,1621612292.55443
458.48,3.35,-0.44,0,-46.18,67349,1621612292.57488
458.48,3.35,-0.44,0,-46.2,67369,1621612292.59524
458.48,3.35,-0.44,0,-46.22,67390,1621612292.61594
458.48,3.35,-0.44,0,-46.23,67409,1621612292.63591
458.48,3.35,-0.44,0,-46.25,67429,1621612292.65704
458.48,3.35,-0.44,0,-46.27,67449,1621612292.6777
458.48,3.35,-0.44,0,-46.27,67470,1621612292.69869
458.48,3.35,-0.44,0,-46.27,67489,1621612292.7182
458.48,3.35,-0.44,0,-46.27,67510,1621612292.73518
458.48,3.35,-0.44,0,-46.27,67529,1621612292.75449
458.48,3.35,-0.44,0,-46.27,67550,1621612292.77601
458.48,3.35,-0.44,0,-46.27,67569,1621612292.79662
458.48,3.35,-0.44,0,-46.27,67590,1621612292.81675
458.48,3.35,-0.44,0,-46.27,67609,1621612292.83687
458.48,3.35,-0.44,0,-46.27,67630,1621612292.85685
458.48,3.35,-0.44,0,-46.27,67649,1621612292.8782
458.48,3.35,-0.44,0,-46.27,67670,1621612292.90839
458.48,3.35,-0.44,0,-46.27,67689,1621612292.91715
458.48,3.35,-0.44,0,-46.27,67709,1621612292.93452
458.48,3.35,-0.44,0,-46.27,67729,1621612292.95579
458.48,3.35,-0.44,0,-46.27,67749,1621612292.98142
458.48,3.35,-0.44,0,-46.25,67769,1621612292.99634
458.48,3.35,-0.44,0,-46.25,67789,1621612293.01662
458.48,3.35,-0.44,0,-46.25,67809,1621612293.03753
458.48,3.35,-0.44,0,-46.25,67829,1621612293.05787
458.48,3.35,-0.44,0,-46.25,67850,1621612293.07864
458.48,3.35,-0.44,0,-46.25,67869,1621612293.09472
458.48,3.35,-0.44,0,-46.25,67890,1621612293.11594
458.48,3.35,-0.44,0,-46.25,67909,1621612293.14493
458.48,3.35,-0.44,0,-46.25,67930,1621612293.15714
458.48,3.35,-0.44,0,-46.25,67949,1621612293.17647
458.48,3.35,-0.44,0,-46.23,67970,1621612293.19687
458.48,3.35,-0.44,0,-46.23,67989,1621612293.21703
458.48,3.35,-0.44,0,-46.22,68009,1621612293.23816
458.48,3.35,-0.44,0,-46.18,68029,1621612293.2635
458.48,3.35,-0.44,0,-46.15,68049,1621612293.28186
458.48,3.35,-0.44,0,-46.12,68069,1621612293.29621
458.48,3.35,-0.44,0,-46.07,68089,1621612293.31628
458.48,3.35,-0.44,0,-46.03,68110,1621612293.33966
458.48,3.35,-0.44,0,-46,68129,1621612293.35969
458.48,3.35,-0.44,0,-45.92,68150,1621612293.37811
458.48,3.35,-0.44,0,-45.83,68169,1621612293.401
458.48,3.35,-0.44,0,-45.73,68190,1621612293.4193
458.48,3.35,-0.44,0,-45.65,68209,1621612293.43902
458.48,3.35,-0.44,0,-45.57,68230,1621612293.45476
458.48,3.35,-0.44,0,-45.47,68249,1621612293.47534
458.48,3.35,-0.44,0,-45.38,68270,1621612293.49709
458.48,3.35,-0.44,0,-45.3,68289,1621612293.51763
458.48,3.35,-0.44,0,-45.25,68310,1621612293.53822
458.48,3.35,-0.44,0,-45.18,68329,1621612293.55828
458.48,3.35,-0.44,0,-45.1,68349,1621612293.57881
458.48,3.35,-0.44,0,-45.03,68369,1621612293.60005
458.48,3.35,-0.44,0,-44.97,68389,1621612293.62021
458.48,3.35,-0.44,0,-44.92,68409,1621612293.63661
458.48,3.35,-0.44,0,-44.87,68429,1621612293.66454
458.48,3.35,-0.44,0,-44.8,68450,1621612293.67772
458.48,3.35,-0.44,0,-44.7,68469,1621612293.69782
458.48,3.35,-0.44,0,-44.58,68490,1621612293.71937
458.48,3.35,-0.44,0,-44.48,68509,1621612293.73825
458.48,3.35,-0.44,0,-44.4,68530,1621612293.75903
458.48,3.35,-0.44,0,-44.32,68549,1621612293.77944
458.48,3.35,-0.44,0,-44.25,68570,1621612293.80036
458.48,3.35,-0.44,0,-44.18,68589,1621612293.82013
458.48,3.35,-0.44,0,-44.12,68610,1621612293.8359
458.48,3.35,-0.44,0,-44.05,68629,1621612293.85645
458.48,3.35,-0.44,0,-43.98,68649,1621612293.8768
458.48,3.35,-0.44,0,-43.92,68669,1621612293.89773
458.48,3.35,-0.44,0,-43.85,68689,1621612293.91849
458.48,3.35,-0.44,0,-43.78,68710,1621612293.94646
458.48,3.35,-0.44,0,-43.73,68729,1621612293.95955
458.48,3.35,-0.44,0,-43.65,68750,1621612293.98047
458.48,3.35,-0.44,0,-43.55,68769,1621612294.0002
458.48,3.35,-0.44,0,-43.38,68790,1621612294.01888
458.48,3.35,-0.44,0,-43.27,68809,1621612294.03839
458.48,3.35,-0.44,0,-43.2,68830,1621612294.05786
458.48,3.35,-0.44,0,-43.15,68849,1621612294.07869
458.48,3.35,-0.44,0,-43.13,68870,1621612294.09865
458.48,3.35,-0.44,0,-43.12,68889,1621612294.12676
458.48,3.35,-0.44,0,-43.1,68910,1621612294.14031
458.48,3.35,-0.44,0,-43.1,68929,1621612294.16003
458.48,3.35,-0.44,0,-43.08,68950,1621612294.1801
458.48,3.35,-0.44,0,-43.08,68970,1621612294.19675
458.48,3.35,-0.44,0,-43.08,68989,1621612294.21702
458.48,3.35,-0.44,0,-43.08,69010,1621612294.23745
458.48,3.35,-0.44,0,-43.08,69029,1621612294.25757
458.48,3.35,-0.44,0,-43.08,69050,1621612294.28263
458.48,3.35,-0.44,0,-43.07,69069,1621612294.29962
458.48,3.35,-0.44,0,-43.07,69090,1621612294.31961
458.48,3.35,-0.44,0,-43.07,69109,1621612294.34011
458.48,3.35,-0.44,0,-43.07,69130,1621612294.36002
458.48,3.35,-0.44,0,-43.07,69149,1621612294.37698
458.48,3.35,-0.44,0,-43.07,69170,1621612294.39687
458.48,3.35,-0.44,0,-43.07,69189,1621612294.41787
458.48,3.35,-0.44,0,-43.07,69210,1621612294.43803
458.48,3.35,-0.44,0,-43.07,69229,1621612294.45877
458.48,3.35,-0.44,0,-43.07,69250,1621612294.48442
458.48,3.35,-0.44,0,-43.07,69269,1621612294.50405
458.48,3.35,-0.44,0,-43.07,69289,1621612294.52032
458.48,3.35,-0.44,0,-43.07,69309,1621612294.54036
458.48,3.35,-0.44,0,-43.07,69329,1621612294.5563
458.48,3.35,-0.44,0,-43.07,69349,1621612294.57714
458.48,3.35,-0.44,0,-43.07,69369,1621612294.59748
458.48,3.35,-0.44,0,-43.07,69390,1621612294.61775
458.48,3.35,-0.44,0,-43.07,69409,1621612294.64558
458.48,3.35,-0.44,0,-43.07,69430,1621612294.66049
458.48,3.35,-0.44,0,-43.07,69449,1621612294.67967
458.48,3.35,-0.44,0,-43.07,69470,1621612294.70056
458.48,3.35,-0.44,0,-43.07,69489,1621612294.72421
458.48,3.35,-0.44,0,-43.07,69510,1621612294.73777
458.48,3.35,-0.44,0,-43.05,69529,1621612294.75796
458.48,3.35,-0.44,0,-43.05,69550,1621612294.77842
458.48,3.35,-0.44,0,-43.05,69569,1621612294.79879
458.48,3.35,-0.44,0,-43.05,69590,1621612294.81846
458.48,3.35,-0.44,0,-43.05,69609,1621612294.8399
458.48,3.35,-0.44,0,-43.05,69629,1621612294.86003
458.48,3.35,-0.44,0,-43.05,69649,1621612294.88077
458.48,3.35,-0.44,0,-43.05,69669,1621612294.90138
458.48,3.35,-0.44,0,-43.05,69689,1621612294.91758
458.48,3.35,-0.44,0,-43.05,69709,1621612294.93759
458.48,3.35,-0.44,0,-43.05,69729,1621612294.95814
458.48,3.35,-0.44,0,-43.05,69749,1621612294.97898
458.48,3.35,-0.44,0,-43.05,69770,1621612294.99913
458.48,3.35,-0.44,0,-43.05,69789,1621612295.01922
458.48,3.35,-0.44,0,-43.05,69810,1621612295.04065
458.48,3.35,-0.44,0,-43.05,69829,1621612295.0612
458.48,3.35,-0.44,0,-43.05,69850,1621612295.08188
458.48,3.35,-0.44,0,-43.05,69869,1621612295.09771
458.48,3.35,-0.44,0,-43.05,69890,1621612295.11807
458.48,3.35,-0.44,0,-43.05,69909,1621612295.13987
458.48,3.35,-0.44,0,-43.05,69929,1621612295.16734
458.48,3.35,-0.44,0,-43.05,69949,1621612295.17956
458.48,3.35,-0.44,0,-43.05,69969,1621612295.20003
458.48,3.35,-0.44,0,-43.05,69989,1621612295.22007
458.48,3.35,-0.44,0,-43.05,70009,1621612295.24081
458.48,3.35,-0.44,0,-43.05,70029,1621612295.26079
458.48,3.35,-0.44,0,-43.05,70049,1621612295.27764
458.48,3.35,-0.44,0,-43.05,70070,1621612295.29819
458.48,3.35,-0.44,0,-43.05,70089,1621612295.322
458.48,3.35,-0.44,0,-43.05,70110,1621612295.34152
458.48,3.35,-0.44,0,-43.05,70129,1621612295.36194
458.48,3.35,-0.44,0,-43.05,70150,1621612295.38023
458.48,3.35,-0.44,0,-43.05,70169,1621612295.40185
458.48,3.35,-0.44,0,-43.05,70190,1621612295.42126
458.48,3.35,-0.44,0,-43.05,70209,1621612295.442
458.48,3.35,-0.44,0,-43.05,70230,1621612295.45757
458.48,3.35,-0.44,0,-43.05,70249,1621612295.47789
458.48,3.35,-0.44,0,-43.05,70269,1621612295.49991
458.48,3.35,-0.44,0,-43.05,70289,1621612295.51968
458.48,3.35,-0.44,0,-43.05,70309,1621612295.5401
458.48,3.35,-0.44,0,-43.05,70329,1621612295.56027
458.48,3.35,-0.44,0,-43.05,70349,1621612295.58067
458.48,3.35,-0.44,0,-43.05,70369,1621612295.60115
458.48,3.35,-0.44,0,-43.05,70389,1621612295.62143
458.48,3.35,-0.44,0,-43.05,70410,1621612295.63814
458.48,3.35,-0.44,0,-43.05,70429,1621612295.65876
458.48,3.35,-0.44,0,-43.05,70450,1621612295.67957
458.48,3.35,-0.44,0,-43.05,70469,1621612295.7009
458.48,3.35,-0.44,0,-43.05,70490,1621612295.72075
458.48,3.35,-0.44,0,-43.05,70509,1621612295.74718
458.48,3.35,-0.44,0,-43.05,70530,1621612295.76128
458.48,3.35,-0.44,0,-43.05,70549,1621612295.78119
458.48,3.35,-0.44,0,-43.05,70569,1621612295.80114
458.48,3.35,-0.44,0,-43.05,70589,1621612295.82255
458.48,3.35,-0.44,0,-43.05,70609,1621612295.83814
458.48,3.35,-0.44,0,-43.05,70629,1621612295.85988
458.48,3.35,-0.44,0,-43.03,70649,1621612295.8806
458.48,3.35,-0.44,0,-43.03,70670,1621612295.90056
458.48,3.35,-0.44,0,-43.03,70689,1621612295.92114
458.48,3.35,-0.44,0,-43.03,70709,1621612295.94193
458.48,3.35,-0.44,0,-43.03,70729,1621612295.96214
458.48,3.35,-0.44,0,-43.03,70750,1621612295.98281
458.48,3.35,-0.44,0,-43.03,70769,1621612296.00288
458.48,3.35,-0.44,0,-43.03,70790,1621612296.01985
458.48,3.35,-0.44,0,-43.03,70809,1621612296.04044
458.48,3.35,-0.44,0,-43.03,70830,1621612296.0614
458.48,3.35,-0.44,0,-43.03,70849,1621612296.08108
458.48,3.35,-0.44,0,-43.03,70870,1621612296.10247
458.48,3.35,-0.44,0,-43.03,70889,1621612296.12247
458.48,3.35,-0.44,0,-43.03,70909,1621612296.14329
458.48,3.35,-0.44,0,-43.03,70929,1621612296.16401
458.48,3.35,-0.44,0,-43.03,70949,1621612296.18456
458.48,3.35,-0.44,0,-43.03,70969,1621612296.20124
458.48,3.35,-0.44,0,-43.03,70989,1621612296.22117
458.48,3.35,-0.44,0,-43.03,71009,1621612296.24163
458.48,3.35,-0.44,0,-43.03,71029,1621612296.262
458.48,3.35,-0.44,0,-43.03,71050,1621612296.28252
458.48,3.35,-0.44,0,-43.03,71069,1621612296.3032
458.48,3.35,-0.44,0,-43.03,71090,1621612296.32266
458.48,3.35,-0.44,0,-43.03,71109,1621612296.34325
458.48,3.35,-0.44,0,-43.03,71130,1621612296.36332
458.48,3.35,-0.44,0,-43.03,71149,1621612296.38096
458.48,3.35,-0.44,0,-43.03,71170,1621612296.40198
458.48,3.35,-0.44,0,-43.03,71189,1621612296.42088
458.48,3.35,-0.44,0,-43.03,71209,1621612296.44126
458.48,3.35,-0.44,0,-43.03,71229,1621612296.46279
458.48,3.35,-0.44,0,-43.03,71249,1621612296.4829
458.48,3.35,-0.44,0,-43.03,71270,1621612296.503
458.48,3.35,-0.44,0,-43.03,71289,1621612296.52483
458.48,3.35,-0.44,0,-43.03,71310,1621612296.54469
458.48,3.35,-0.44,0,-43.03,71329,1621612296.56047
458.48,3.35,-0.44,0,-43.03,71350,1621612296.58067
458.48,3.35,-0.44,0,-43.03,71369,1621612296.60098
458.48,3.35,-0.44,0,-43.03,71390,1621612296.62222
458.48,3.35,-0.44,0,-43.03,71409,1621612296.65204
458.48,3.35,-0.44,0,-43.03,71430,1621612296.66337
458.48,3.35,-0.44,0,-43.03,71449,1621612296.68383
458.48,3.35,-0.44,0,-43.03,71470,1621612296.70441
458.48,3.35,-0.44,0,-43.03,71489,1621612296.72367
458.48,3.35,-0.44,0,-43.03,71510,1621612296.74072
458.48,3.35,-0.44,0,-43.03,71529,1621612296.76026
458.48,3.35,-0.44,0,-43.03,71549,1621612296.78164
458.48,3.35,-0.44,0,-43.03,71569,1621612296.80189
458.48,3.35,-0.44,0,-43.03,71589,1621612296.82457
458.48,3.35,-0.44,0,-43.03,71609,1621612296.84287
458.48,3.35,-0.44,0,-43.03,71629,1621612296.86507
458.48,3.35,-0.44,0,-43.03,71650,1621612296.88511
458.48,3.35,-0.44,0,-43.03,71669,1621612296.90318
458.48,3.35,-0.44,0,-43.03,71690,1621612296.91987
458.48,3.35,-0.44,0,-43.03,71709,1621612296.94078
458.48,3.35,-0.44,0,-43.03,71730,1621612296.96074
458.48,3.35,-0.44,0,-43.03,71749,1621612296.98158
458.48,3.35,-0.44,0,-43.03,71770,1621612297.00763
458.48,3.35,-0.44,0,-43.03,71789,1621612297.0232
458.48,3.35,-0.44,0,-43.03,71810,1621612297.04269
458.48,3.35,-0.44,0,-43.03,71829,1621612297.06565
458.48,3.35,-0.44,0,-43.03,71849,1621612297.08397
458.48,3.35,-0.44,0,-43.03,71869,1621612297.10051
458.48,3.35,-0.44,0,-43.03,71889,1621612297.12092
458.48,3.35,-0.44,0,-43.03,71910,1621612297.14034
458.48,3.35,-0.44,0,-43.03,71929,1621612297.16074
458.48,3.35,-0.44,0,-43.03,71950,1621612297.18304
458.48,3.35,-0.44,0,-43.03,71969,1621612297.20253
458.48,3.35,-0.44,0,-43.03,71990,1621612297.23251
458.48,3.35,-0.44,0,-43.03,72009,1621612297.2452
458.48,3.35,-0.44,0,-43.03,72030,1621612297.26776
458.48,3.35,-0.44,0,-43.03,72049,1621612297.28118
458.48,3.35,-0.44,0,-43.03,72070,1621612297.30056
458.48,3.35,-0.44,0,-43.03,72089,1621612297.32179
458.48,3.35,-0.44,0,-43.03,72110,1621612297.34169
458.48,3.35,-0.44,0,-43.03,72129,1621612297.36309
458.48,3.35,-0.44,0,-43.03,72150,1621612297.38251
458.48,3.35,-0.44,0,-43.03,72169,1621612297.40371
458.48,3.35,-0.44,0,-43.03,72189,1621612297.42401
458.48,3.35,-0.44,0,-43.03,72209,1621612297.44408
458.48,3.35,-0.44,0,-43.03,72229,1621612297.4612
458.48,3.35,-0.44,0,-43.03,72250,1621612297.48148
458.48,3.35,-0.44,0,-43.03,72269,1621612297.50226
458.48,3.35,-0.44,0,-43.03,72289,1621612297.52219
458.48,3.35,-0.44,0,-43.03,72309,1621612297.54309
458.48,3.35,-0.44,0,-43.03,72330,1621612297.56318
458.48,3.35,-0.44,0,-43.03,72349,1621612297.58546
458.48,3.35,-0.44,0,-43.03,72370,1621612297.60517
458.48,3.35,-0.44,0,-43.03,72389,1621612297.62467
458.48,3.35,-0.44,0,-43.03,72410,1621612297.64465
458.48,3.35,-0.44,0,-43.03,72429,1621612297.66125
458.48,3.35,-0.44,0,-43.03,72450,1621612297.68215
458.48,3.35,-0.44,0,-43.03,72469,1621612297.70299
458.48,3.35,-0.44,0,-43.03,72489,1621612297.7229
458.48,3.35,-0.44,0,-43.03,72509,1621612297.74451
458.48,3.35,-0.44,0,-43.03,72529,1621612297.76503
458.48,3.35,-0.44,0,-43.03,72550,1621612297.78498
458.48,3.35,-0.44,0,-43.03,72569,1621612297.80506
458.48,3.35,-0.44,0,-43.03,72590,1621612297.82613
458.48,3.35,-0.44,0,-43.03,72609,1621612297.8428
458.48,3.35,-0.44,0,-43.03,72630,1621612297.86309
458.48,3.35,-0.44,0,-43.03,72649,1621612297.88805
458.48,3.35,-0.44,0,-43.03,72670,1621612297.90438
458.48,3.35,-0.44,0,-43.03,72689,1621612297.92319
458.48,3.35,-0.44,0,-43.03,72710,1621612297.94354
458.48,3.35,-0.44,0,-43.03,72729,1621612297.96482
458.48,3.35,-0.44,0,-43.03,72750,1621612297.9847
458.48,3.35,-0.44,0,-43.03,72769,1621612298.00565
458.48,3.35,-0.44,0,-43.03,72790,1621612298.02203
458.48,3.35,-0.44,0,-43.03,72809,1621612298.04249
458.48,3.35,-0.44,0,-43.03,72829,1621612298.06376
458.48,3.35,-0.44,0,-43.03,72849,1621612298.08385
458.48,3.35,-0.44,0,-43.03,72869,1621612298.10453
458.48,3.35,-0.44,0,-43.03,72890,1621612298.12519
458.48,3.35,-0.44,0,-43.03,72909,1621612298.14523
458.48,3.35,-0.44,0,-43.03,72930,1621612298.16566
458.48,3.35,-0.44,0,-43.03,72949,1621612298.18601
458.48,3.35,-0.44,0,-43.03,72970,1621612298.20239
458.48,3.35,-0.44,0,-43.03,72989,1621612298.22346
458.48,3.35,-0.44,0,-43.03,73010,1621612298.24325
458.48,3.35,-0.44,0,-43.03,73029,1621612298.26395
458.48,3.35,-0.44,0,-43.03,73050,1621612298.28379
458.48,3.35,-0.44,0,-43.03,73069,1621612298.31603
458.48,3.35,-0.44,0,-43.03,73090,1621612298.32445
458.48,3.35,-0.44,0,-43.03,73109,1621612298.34595
458.48,3.35,-0.44,0,-43.03,73129,1621612298.36627
458.48,3.35,-0.44,0,-43.03,73149,1621612298.38212
458.48,3.35,-0.44,0,-43.03,73169,1621612298.4028
458.48,3.35,-0.44,0,-43.03,73190,1621612298.42306
458.48,3.35,-0.44,0,-43.03,73209,1621612298.44407
458.48,3.35,-0.44,0,-43.03,73229,1621612298.4661
458.48,3.35,-0.44,0,-43.03,73249,1621612298.48462
458.48,3.35,-0.44,0,-43.03,73270,1621612298.50693
458.48,3.35,-0.44,0,-43.03,73289,1621612298.52695
458.48,3.35,-0.44,0,-43.03,73310,1621612298.54631
458.48,3.35,-0.44,0,-43.03,73329,1621612298.56254
458.48,3.35,-0.44,0,-43.03,73350,1621612298.58311
458.48,3.35,-0.44,0,-43.03,73369,1621612298.60375
458.48,3.35,-0.44,0,-43.03,73390,1621612298.62436
