774.35,-4.83,0.12,0,41.38,70507,1621617246.12979
774.35,-4.83,0.12,0,41.38,70526,1621617246.13049
774.35,-4.83,0.12,0,41.38,70547,1621617246.13119
774.35,-4.83,0.12,0,41.38,70566,1621617246.13183
774.35,-4.83,0.12,0,41.38,70587,1621617246.16103
774.35,-4.83,0.12,0,41.38,70606,1621617246.17344
774.35,-4.83,0.12,0,41.38,70627,1621617246.19771
774.35,-4.83,0.12,0,41.38,70646,1621617246.21196
774.35,-4.83,0.12,0,41.38,70667,1621617246.229
774.35,-4.83,0.12,0,41.38,70686,1621617246.24714
774.35,-4.83,0.12,0,41.38,70707,1621617246.26788
774.35,-4.83,0.12,0,41.38,70726,1621617246.28713
774.35,-4.83,0.12,0,41.38,70747,1621617246.31004
774.35,-4.83,0.12,0,41.38,70766,1621617246.32898
774.35,-4.83,0.12,0,41.38,70787,1621617246.35157
774.35,-4.83,0.12,0,41.38,70806,1621617246.36949
774.35,-4.83,0.12,0,41.38,70827,1621617246.38606
774.35,-4.83,0.12,0,41.38,70846,1621617246.40617
774.35,-4.83,0.12,0,41.38,70866,1621617246.42833
774.35,-4.83,0.12,0,41.38,70887,1621617246.44781
774.35,-4.83,0.12,0,41.38,70906,1621617246.46843
774.35,-4.83,0.12,0,41.38,70927,1621617246.49301
774.35,-4.83,0.12,0,41.38,70946,1621617246.51608
774.35,-4.83,0.12,0,41.38,70967,1621617246.53799
774.35,-4.83,0.12,0,41.38,70986,1621617246.55295
774.35,-4.83,0.12,0,41.38,71007,1621617246.57172
774.35,-4.83,0.12,0,41.38,71026,1621617246.59962
774.35,-4.83,0.12,0,41.38,71047,1621617246.61037
774.35,-4.83,0.12,0,41.38,71066,1621617246.62911
774.35,-4.83,0.12,0,41.38,71087,1621617246.65029
774.35,-4.83,0.12,0,41.38,71106,1621617246.67012
774.35,-4.83,0.12,0,41.38,71127,1621617246.69024
774.35,-4.83,0.12,0,41.38,71147,1621617246.71002
774.35,-4.83,0.12,0,41.38,71166,1621617246.73
774.35,-4.83,0.12,0,41.38,71187,1621617246.7468
774.35,-4.83,0.12,0,41.38,71206,1621617246.76716
774.35,-4.83,0.12,0,41.38,71227,1621617246.78802
774.35,-4.83,0.12,0,41.38,71246,1621617246.80871
774.35,-4.83,0.12,0,41.38,71267,1621617246.82837
774.35,-4.83,0.12,0,41.38,71286,1621617246.8487
774.35,-4.83,0.12,0,41.38,71307,1621617246.86938
774.35,-4.83,0.12,0,41.38,71326,1621617246.89523
774.35,-4.83,0.12,0,41.38,71347,1621617246.91505
774.35,-4.83,0.12,0,41.38,71366,1621617246.93099
774.35,-4.83,0.12,0,41.38,71387,1621617246.94817
774.35,-4.83,0.12,0,41.38,71406,1621617246.96838
774.35,-4.83,0.12,0,41.38,71427,1621617246.98835
774.35,-4.83,0.12,0,41.38,71446,1621617247.00863
774.35,-4.83,0.12,0,41.38,71467,1621617247.02931
774.35,-4.83,0.12,0,41.38,71487,1621617247.05034
774.35,-4.83,0.12,0,41.38,71506,1621617247.07023
774.35,-4.83,0.12,0,41.38,71527,1621617247.09123
774.35,-4.83,0.12,0,41.38,71546,1621617247.11263
774.35,-4.83,0.12,0,41.38,71567,1621617247.13018
774.35,-4.83,0.12,0,41.38,71586,1621617247.15356
774.35,-4.83,0.12,0,41.38,71607,1621617247.17019
774.35,-4.83,0.12,0,41.38,71626,1621617247.19048
774.35,-4.83,0.12,0,41.38,71647,1621617247.2096
774.35,-4.83,0.12,0,41.38,71666,1621617247.22908
774.35,-4.83,0.12,0,41.38,71687,1621617247.25051
774.35,-4.83,0.12,0,41.38,71706,1621617247.27095
774.35,-4.83,0.12,0,41.38,71727,1621617247.29129
774.35,-4.83,0.12,0,41.38,71746,1621617247.30839
774.35,-4.83,0.12,0,41.38,71767,1621617247.32767
774.35,-4.83,0.12,0,41.38,71786,1621617247.34988
774.35,-4.83,0.12,0,41.38,71806,1621617247.36927
774.35,-4.83,0.12,0,41.38,71827,1621617247.39051
774.35,-4.83,0.12,0,41.38,71846,1621617247.41049
774.35,-4.83,0.12,0,41.38,71867,1621617247.43146
774.35,-4.83,0.12,0,41.38,71886,1621617247.45168
774.35,-4.83,0.12,0,41.38,71907,1621617247.46851
774.35,-4.83,0.12,0,41.38,71926,1621617247.48901
774.35,-4.83,0.12,0,41.38,71947,1621617247.5096
774.35,-4.83,0.12,0,41.38,71966,1621617247.52958
774.35,-4.83,0.12,0,41.38,71987,1621617247.55006
774.35,-4.83,0.12,0,41.38,72006,1621617247.57015
774.35,-4.83,0.12,0,41.38,72027,1621617247.59044
774.35,-4.83,0.12,0,41.38,72046,1621617247.61257
774.35,-4.83,0.12,0,41.38,72067,1621617247.63133
774.35,-4.83,0.12,0,41.38,72086,1621617247.65568
774.35,-4.83,0.12,0,41.38,72107,1621617247.66854
774.35,-4.83,0.12,0,41.38,72127,1621617247.68885
774.35,-4.83,0.12,0,41.38,72146,1621617247.70936
774.35,-4.83,0.12,0,41.38,72167,1621617247.72992
774.35,-4.83,0.12,0,41.38,72186,1621617247.75153
774.35,-4.83,0.12,0,41.38,72207,1621617247.77106
774.35,-4.83,0.12,0,41.38,72226,1621617247.79166
774.35,-4.83,0.12,0,41.38,72247,1621617247.81245
774.35,-4.83,0.12,0,41.38,72266,1621617247.83795
774.35,-4.83,0.12,0,41.38,72287,1621617247.84954
774.35,-4.83,0.12,0,41.38,72306,1621617247.86947
774.35,-4.83,0.12,0,41.38,72327,1621617247.88957
774.35,-4.83,0.12,0,41.38,72346,1621617247.91094
774.35,-4.83,0.12,0,41.38,72367,1621617247.93069
774.35,-4.83,0.12,0,41.38,72386,1621617247.95665
774.35,-4.83,0.12,0,41.38,72407,1621617247.97134
774.35,-4.83,0.12,0,41.38,72426,1621617247.99129
774.35,-4.83,0.12,0,41.38,72446,1621617248.01182
774.35,-4.83,0.12,0,41.38,72467,1621617248.02886
774.35,-4.83,0.12,0,41.38,72486,1621617248.04922
774.35,-4.83,0.12,0,41.38,72507,1621617248.07001
774.35,-4.83,0.12,0,41.38,72526,1621617248.09153
774.35,-4.83,0.12,0,41.38,72547,1621617248.11413
774.35,-4.83,0.12,0,41.38,72566,1621617248.13212
774.35,-4.83,0.12,0,41.38,72587,1621617248.15707
774.35,-4.83,0.12,0,41.38,72606,1621617248.17279
774.35,-4.83,0.12,0,41.38,72627,1621617248.19369
774.35,-4.83,0.12,0,41.38,72646,1621617248.2098
774.35,-4.83,0.12,0,41.38,72667,1621617248.22963
774.35,-4.83,0.12,0,41.38,72686,1621617248.25025
774.35,-4.83,0.12,0,41.38,72707,1621617248.27308
774.35,-4.83,0.12,0,41.38,72726,1621617248.29285
774.35,-4.83,0.12,0,41.38,72747,1621617248.31315
774.35,-4.83,0.12,0,41.38,72767,1621617248.33416
774.35,-4.83,0.12,0,41.38,72786,1621617248.35239
774.35,-4.83,0.12,0,41.38,72807,1621617248.37243
774.35,-4.83,0.12,0,41.38,72826,1621617248.38958
774.35,-4.83,0.12,0,41.38,72847,1621617248.41074
774.35,-4.83,0.12,0,41.38,72866,1621617248.4298
774.35,-4.83,0.12,0,41.38,72887,1621617248.45166
774.35,-4.83,0.12,0,41.38,72906,1621617248.47186
774.35,-4.83,0.12,0,41.38,72927,1621617248.49183
774.35,-4.83,0.12,0,41.38,72946,1621617248.51261
774.35,-4.83,0.12,0,41.38,72967,1621617248.53788
774.35,-4.83,0.12,0,41.38,72986,1621617248.55333
774.35,-4.83,0.12,0,41.38,73007,1621617248.57014
774.35,-4.83,0.12,0,41.38,73026,1621617248.59188
774.35,-4.83,0.12,0,41.38,73047,1621617248.61109
774.35,-4.83,0.12,0,41.38,73067,1621617248.63986
774.35,-4.83,0.12,0,41.38,73086,1621617248.65559
774.35,-4.83,0.12,0,41.38,73107,1621617248.67189
774.35,-4.83,0.12,0,41.38,73126,1621617248.69201
774.35,-4.83,0.12,0,41.38,73147,1621617248.71268
774.35,-4.83,0.12,0,41.38,73166,1621617248.73323
774.35,-4.83,0.12,0,41.38,73187,1621617248.75015
774.35,-4.83,0.12,0,41.38,73206,1621617248.77013
774.35,-4.83,0.12,0,41.38,73227,1621617248.79028
774.35,-4.83,0.12,0,41.4,73246,1621617248.81272
774.35,-4.83,0.12,0,41.4,73267,1621617248.83196
774.35,-4.83,0.12,0,41.4,73286,1621617248.85234
774.35,-4.83,0.12,0,41.4,73307,1621617248.87265
774.35,-4.83,0.12,0,41.43,73327,1621617248.89286
774.35,-4.83,0.12,0,41.57,73347,1621617248.91265
774.35,-4.83,0.12,0,41.63,73366,1621617248.92934
774.35,-4.83,0.12,0,41.65,73387,1621617248.94991
774.35,-4.83,0.12,0,41.67,73407,1621617248.97013
774.35,-4.83,0.12,0,41.55,73426,1621617248.99314
774.35,-4.83,0.12,0,41.08,73447,1621617249.01551
774.35,-4.83,0.12,0,40.28,73466,1621617249.0353
774.35,-4.83,0.12,0,39.3,73487,1621617249.05607
774.35,-4.83,0.12,0,38.63,73506,1621617249.07291
774.35,-4.83,0.12,0,38.05,73527,1621617249.09311
774.35,-4.83,0.12,0,37.4,73546,1621617249.11321
774.35,-4.83,0.12,0,36.8,73567,1621617249.13093
774.35,-4.83,0.12,0,36.4,73586,1621617249.1513
774.35,-4.83,0.12,0,36.28,73607,1621617249.17171
774.35,-4.83,0.12,0,36.3,73626,1621617249.19279
774.35,-4.83,0.12,0,36.32,73647,1621617249.21275
774.35,-4.83,0.12,0,36.35,73667,1621617249.24002
774.35,-4.83,0.12,0,36.42,73687,1621617249.25514
774.35,-4.83,0.12,0,36.52,73707,1621617249.27375
774.35,-4.83,0.12,0,36.65,73726,1621617249.2945
774.35,-4.83,0.12,0,36.83,73747,1621617249.31315
774.35,-4.83,0.12,0,37.03,73766,1621617249.33397
774.35,-4.83,0.12,0,37.27,73787,1621617249.35223
774.35,-4.83,0.12,0,37.58,73806,1621617249.37228
774.35,-4.83,0.12,0,38,73827,1621617249.3931
774.35,-4.83,0.12,0,38.52,73846,1621617249.41393
774.35,-4.83,0.12,0,39.08,73867,1621617249.43421
774.35,-4.83,0.12,0,39.67,73886,1621617249.45462
774.35,-4.83,0.12,0,40.28,73907,1621617249.47534
774.35,-4.83,0.12,0,40.9,73926,1621617249.49113
774.35,-4.83,0.12,0,41.47,73947,1621617249.51245
774.35,-4.83,0.12,0,41.92,73966,1621617249.53273
774.35,-4.83,0.12,0,42.22,73987,1621617249.553
774.35,-4.83,0.12,0,42.4,74006,1621617249.57317
774.35,-4.83,0.12,0,42.47,74027,1621617249.59676
774.35,-4.83,0.12,0,42.5,74046,1621617249.61661
774.35,-4.83,0.12,0,42.52,74066,1621617249.63532
774.35,-4.83,0.12,0,42.53,74087,1621617249.6564
774.35,-4.83,0.12,0,42.53,74107,1621617249.67579
774.35,-4.83,0.12,0,42.53,74127,1621617249.69324
774.35,-4.83,0.12,0,42.53,74147,1621617249.71313
774.35,-4.83,0.12,0,42.53,74167,1621617249.73396
774.35,-4.83,0.12,0,42.53,74187,1621617249.75416
774.35,-4.83,0.12,0,42.53,74207,1621617249.7739
774.35,-4.83,0.12,0,42.55,74226,1621617249.79417
774.35,-4.83,0.12,0,42.55,74247,1621617249.81486
774.35,-4.83,0.12,0,42.55,74266,1621617249.83632
774.35,-4.83,0.12,0,42.55,74287,1621617249.85182
774.35,-4.83,0.12,0,42.55,74306,1621617249.87212
774.35,-4.83,0.12,0,42.55,74327,1621617249.89656
774.35,-4.83,0.12,0,42.55,74346,1621617249.91587
774.35,-4.83,0.12,0,42.55,74366,1621617249.93352
774.35,-4.83,0.12,0,42.55,74386,1621617249.95424
774.35,-4.83,0.12,0,42.55,74406,1621617249.97524
774.35,-4.83,0.12,0,42.55,74427,1621617249.9946
774.35,-4.83,0.12,0,42.55,74446,1621617250.01593
774.35,-4.83,0.12,0,42.55,74467,1621617250.03258
774.35,-4.83,0.12,0,42.55,74486,1621617250.05285
774.35,-4.83,0.12,0,42.55,74507,1621617250.07338
774.35,-4.83,0.12,0,42.55,74526,1621617250.09422
774.35,-4.83,0.12,0,42.55,74547,1621617250.11476
774.35,-4.83,0.12,0,42.55,74566,1621617250.13465
774.35,-4.83,0.12,0,42.55,74587,1621617250.15518
774.35,-4.83,0.12,0,42.55,74606,1621617250.17562
774.35,-4.83,0.12,0,42.55,74627,1621617250.19629
774.35,-4.83,0.12,0,42.55,74646,1621617250.21309
774.35,-4.83,0.12,0,42.55,74667,1621617250.23293
774.35,-4.83,0.12,0,42.55,74687,1621617250.25429
774.35,-4.83,0.12,0,42.55,74706,1621617250.27472
774.35,-4.83,0.12,0,42.55,74727,1621617250.29685
774.35,-4.83,0.12,0,42.55,74746,1621617250.31525
774.35,-4.83,0.12,0,42.55,74767,1621617250.33924
774.35,-4.83,0.12,0,42.55,74786,1621617250.35755
774.35,-4.83,0.12,0,42.55,74807,1621617250.37625
774.35,-4.83,0.12,0,42.55,74826,1621617250.39267
774.35,-4.83,0.12,0,42.55,74847,1621617250.41293
774.35,-4.83,0.12,0,42.55,74866,1621617250.43536
774.35,-4.83,0.12,0,42.55,74887,1621617250.46193
774.35,-4.83,0.12,0,42.55,74906,1621617250.47505
774.35,-4.83,0.12,0,42.55,74927,1621617250.49574
774.35,-4.83,0.12,0,42.55,74946,1621617250.51519
774.35,-4.83,0.12,0,42.53,74967,1621617250.53549
774.35,-4.83,0.12,0,42.53,74987,1621617250.55605
774.35,-4.83,0.12,0,42.5,75006,1621617250.57208
774.35,-4.83,0.12,0,42.48,75027,1621617250.5925
774.35,-4.83,0.12,0,42.45,75047,1621617250.61316
774.35,-4.83,0.12,0,42.42,75066,1621617250.63453
774.35,-4.83,0.12,0,42.33,75086,1621617250.65474
774.35,-4.83,0.12,0,42.25,75107,1621617250.67568
774.35,-4.83,0.12,0,42.15,75126,1621617250.69621
774.35,-4.83,0.12,0,42.1,75147,1621617250.71746
774.35,-4.83,0.12,0,42.08,75166,1621617250.73708
774.35,-4.83,0.12,0,42.08,75187,1621617250.75284
774.35,-4.83,0.12,0,42.08,75206,1621617250.77417
774.35,-4.83,0.12,0,42.08,75227,1621617250.79477
774.35,-4.83,0.12,0,42.08,75246,1621617250.81537
774.35,-4.83,0.12,0,42.07,75267,1621617250.83484
774.35,-4.83,0.12,0,42.03,75286,1621617250.85548
774.35,-4.83,0.12,0,41.97,75307,1621617250.8755
774.35,-4.83,0.12,0,41.85,75327,1621617250.89592
774.35,-4.83,0.12,0,41.7,75346,1621617250.91734
774.35,-4.83,0.12,0,41.55,75367,1621617250.93708
774.35,-4.83,0.12,0,41.38,75386,1621617250.95439
774.35,-4.83,0.12,0,41.17,75407,1621617250.97406
774.35,-4.83,0.12,0,40.9,75426,1621617250.99561
774.35,-4.83,0.12,0,40.57,75447,1621617251.02432
774.35,-4.83,0.12,0,40.13,75466,1621617251.03731
774.35,-4.83,0.12,0,39.63,75487,1621617251.05742
774.35,-4.83,0.12,0,39.08,75506,1621617251.0774
774.35,-4.83,0.12,0,38.53,75527,1621617251.09756
774.35,-4.83,0.12,0,38.02,75547,1621617251.11724
774.35,-4.83,0.12,0,37.53,75567,1621617251.13409
774.35,-4.83,0.12,0,37.08,75586,1621617251.15519
774.35,-4.83,0.12,0,36.67,75607,1621617251.17564
774.35,-4.83,0.12,0,36.23,75627,1621617251.19501
774.35,-4.83,0.12,0,35.78,75646,1621617251.21516
774.35,-4.83,0.12,0,35.3,75667,1621617251.23538
774.35,-4.83,0.12,0,34.82,75686,1621617251.25637
774.35,-4.83,0.12,0,34.35,75707,1621617251.27662
774.35,-4.83,0.12,0,33.82,75726,1621617251.29673
774.35,-4.83,0.12,0,33.27,75747,1621617251.31358
774.35,-4.83,0.12,0,32.75,75766,1621617251.34212
774.35,-4.83,0.12,0,32.23,75787,1621617251.35743
774.35,-4.83,0.12,0,31.67,75806,1621617251.37565
774.35,-4.83,0.12,0,31.08,75827,1621617251.39599
774.35,-4.83,0.12,0,30.48,75846,1621617251.41641
774.35,-4.83,0.12,0,29.9,75867,1621617251.43686
774.35,-4.83,0.12,0,29.37,75886,1621617251.45726
774.35,-4.83,0.12,0,28.87,75907,1621617251.47723
774.35,-4.83,0.12,0,28.38,75927,1621617251.49428
774.35,-4.83,0.12,0,27.93,75947,1621617251.51699
774.35,-4.83,0.12,0,27.45,75967,1621617251.53505
774.35,-4.83,0.12,0,27.02,75986,1621617251.55493
774.35,-4.83,0.12,0,26.57,76007,1621617251.5756
774.35,-4.83,0.12,0,26.17,76026,1621617251.59568
774.35,-4.83,0.12,0,25.8,76047,1621617251.61674
774.35,-4.83,0.12,0,25.42,76066,1621617251.63708
774.35,-4.83,0.12,0,25.03,76087,1621617251.65752
774.35,-4.83,0.12,0,24.67,76106,1621617251.67467
774.35,-4.83,0.12,0,24.23,76127,1621617251.69487
774.35,-4.83,0.12,0,23.82,76146,1621617251.71511
774.35,-4.83,0.12,0,23.3,76167,1621617251.73535
774.35,-4.83,0.12,0,22.72,76187,1621617251.75579
774.35,-4.83,0.12,0,22.12,76207,1621617251.77632
774.35,-4.83,0.12,0,21.5,76227,1621617251.79659
774.35,-4.83,0.12,0,20.9,76247,1621617251.81708
774.35,-4.83,0.12,0,20.35,76267,1621617251.83762
774.35,-4.83,0.12,0,19.88,76286,1621617251.85493
774.35,-4.83,0.12,0,19.45,76307,1621617251.87515
774.35,-4.83,0.12,0,19.03,76326,1621617251.89534
774.35,-4.83,0.12,0,18.68,76347,1621617251.91953
774.35,-4.83,0.12,0,18.4,76366,1621617251.93923
774.35,-4.83,0.12,0,18.17,76387,1621617251.95653
774.35,-4.83,0.12,0,17.95,76406,1621617251.97637
774.35,-4.83,0.12,0,17.72,76427,1621617251.99736
774.35,-4.83,0.12,0,17.43,76446,1621617252.01748
774.35,-4.83,0.12,0,17.08,76467,1621617252.03443
774.35,-4.83,0.12,0,16.67,76486,1621617252.05633
774.35,-4.83,0.12,0,16.2,76507,1621617252.07685
774.35,-4.83,0.12,0,15.7,76526,1621617252.09761
774.35,-4.83,0.12,0,15.2,76547,1621617252.11825
774.35,-4.83,0.12,0,14.75,76567,1621617252.1375
774.35,-4.83,0.12,0,14.35,76587,1621617252.15934
774.35,-4.83,0.12,0,13.97,76607,1621617252.17806
774.35,-4.83,0.12,0,13.65,76626,1621617252.19924
774.35,-4.83,0.12,0,13.35,76647,1621617252.2176
774.35,-4.83,0.12,0,13.08,76666,1621617252.23632
774.35,-4.83,0.12,0,12.83,76687,1621617252.25675
774.35,-4.83,0.12,0,12.6,76706,1621617252.27735
774.35,-4.83,0.12,0,12.35,76727,1621617252.29862
774.35,-4.83,0.12,0,12.08,76746,1621617252.31806
774.35,-4.83,0.12,0,11.78,76767,1621617252.34228
774.35,-4.83,0.12,0,11.5,76786,1621617252.36153
774.35,-4.83,0.12,0,11.18,76807,1621617252.37905
774.35,-4.83,0.12,0,10.85,76827,1621617252.39909
774.35,-4.83,0.12,0,10.52,76847,1621617252.41594
774.35,-4.83,0.12,0,10.17,76866,1621617252.4363
774.35,-4.83,0.12,0,9.82,76887,1621617252.45682
774.35,-4.83,0.12,0,9.47,76906,1621617252.47895
774.35,-4.83,0.12,0,9.05,76926,1621617252.5009
774.35,-4.83,0.12,0,8.62,76947,1621617252.51807
774.35,-4.83,0.12,0,8.17,76966,1621617252.54031
774.35,-4.83,0.12,0,7.75,76987,1621617252.55869
774.35,-4.83,0.12,0,7.37,77006,1621617252.57539
774.35,-4.83,0.12,0,7.05,77027,1621617252.59659
774.35,-4.83,0.12,0,6.8,77046,1621617252.61588
774.35,-4.83,0.12,0,6.6,77067,1621617252.63835
774.35,-4.83,0.12,0,6.42,77086,1621617252.65883
774.35,-4.83,0.12,0,6.27,77107,1621617252.67797
774.35,-4.83,0.12,0,6.12,77126,1621617252.69835
774.35,-4.83,0.12,0,5.98,77147,1621617252.71864
774.35,-4.83,0.12,0,5.8,77166,1621617252.73858
774.35,-4.83,0.12,0,5.58,77187,1621617252.75933
774.35,-4.83,0.12,0,5.35,77207,1621617252.77679
774.35,-4.83,0.12,0,5.1,77227,1621617252.79692
774.35,-4.83,0.12,0,4.85,77247,1621617252.81731
774.35,-4.83,0.12,0,4.65,77266,1621617252.84627
774.35,-4.83,0.12,0,4.48,77287,1621617252.85874
774.35,-4.83,0.12,0,4.33,77306,1621617252.87846
774.35,-4.83,0.12,0,4.22,77327,1621617252.89893
774.35,-4.83,0.12,0,4.15,77346,1621617252.91944
774.35,-4.83,0.12,0,4.1,77366,1621617252.93638
774.35,-4.83,0.12,0,4.07,77386,1621617252.95678
774.35,-4.83,0.12,0,4.05,77407,1621617252.97722
774.35,-4.83,0.12,0,4.03,77426,1621617252.99775
774.35,-4.83,0.12,0,4.02,77447,1621617253.01823
774.35,-4.83,0.12,0,3.98,77467,1621617253.03791
774.35,-4.83,0.12,0,3.93,77487,1621617253.05897
774.35,-4.83,0.12,0,3.83,77506,1621617253.07873
774.35,-4.83,0.12,0,3.73,77527,1621617253.09987
774.35,-4.83,0.12,0,3.6,77546,1621617253.12009
774.35,-4.83,0.12,0,3.47,77566,1621617253.13606
774.35,-4.83,0.12,0,3.33,77586,1621617253.15997
774.35,-4.83,0.12,0,3.18,77606,1621617253.17923
774.35,-4.83,0.12,0,3.07,77627,1621617253.19735
774.35,-4.83,0.12,0,2.95,77646,1621617253.21845
774.35,-4.83,0.12,0,2.85,77667,1621617253.2434
774.35,-4.83,0.12,0,2.77,77686,1621617253.26186
774.35,-4.83,0.12,0,2.68,77707,1621617253.28022
774.35,-4.83,0.12,0,2.58,77726,1621617253.3005
774.35,-4.83,0.12,0,2.48,77747,1621617253.31637
774.35,-4.83,0.12,0,2.38,77766,1621617253.34508
774.35,-4.83,0.12,0,2.28,77787,1621617253.35823
774.35,-4.83,0.12,0,2.18,77806,1621617253.37785
774.35,-4.83,0.12,0,2.07,77827,1621617253.39882
774.35,-4.83,0.12,0,1.95,77846,1621617253.41955
774.35,-4.83,0.12,0,1.83,77867,1621617253.43989
774.35,-4.83,0.12,0,1.75,77886,1621617253.46011
774.35,-4.83,0.12,0,1.67,77906,1621617253.48036
774.35,-4.83,0.12,0,1.58,77927,1621617253.49716
774.35,-4.83,0.12,0,1.5,77946,1621617253.51831
774.35,-4.83,0.12,0,1.42,77966,1621617253.53745
774.35,-4.83,0.12,0,1.33,77986,1621617253.55767
774.35,-4.83,0.12,0,1.23,78007,1621617253.58089
774.35,-4.83,0.12,0,1.15,78026,1621617253.60112
774.35,-4.83,0.12,0,1.05,78047,1621617253.62193
774.35,-4.83,0.12,0,0.95,78066,1621617253.64005
774.35,-4.83,0.12,0,0.87,78087,1621617253.65989
774.35,-4.83,0.12,0,0.82,78106,1621617253.67692
774.35,-4.83,0.12,0,0.8,78127,1621617253.69709
774.35,-4.83,0.12,0,0.78,78146,1621617253.71854
774.35,-4.83,0.12,0,0.78,78167,1621617253.73839
774.35,-4.83,0.12,0,0.78,78186,1621617253.75962
774.35,-4.83,0.12,0,0.78,78206,1621617253.77975
774.35,-4.83,0.12,0,0.78,78226,1621617253.79992
774.35,-4.83,0.12,0,0.77,78246,1621617253.8209
774.35,-4.83,0.12,0,0.77,78266,1621617253.84775
774.35,-4.83,0.12,0,0.75,78286,1621617253.85959
774.35,-4.83,0.12,0,0.72,78307,1621617253.87875
774.35,-4.83,0.12,0,0.68,78326,1621617253.89891
774.35,-4.83,0.12,0,0.67,78347,1621617253.91983
774.35,-4.83,0.12,0,0.65,78366,1621617253.93981
774.35,-4.83,0.12,0,0.63,78386,1621617253.95992
774.35,-4.83,0.12,0,0.62,78406,1621617253.98049
774.35,-4.83,0.12,0,0.6,78427,1621617254.0009
774.35,-4.83,0.12,0,0.58,78447,1621617254.02178
774.35,-4.83,0.12,0,0.58,78467,1621617254.03847
774.35,-4.83,0.12,0,0.57,78486,1621617254.05903
774.35,-4.83,0.12,0,0.55,78507,1621617254.07876
774.35,-4.83,0.12,0,0.53,78527,1621617254.09922
774.35,-4.83,0.12,0,0.5,78546,1621617254.11962
774.35,-4.83,0.12,0,0.48,78566,1621617254.14118
774.35,-4.83,0.12,0,0.47,78586,1621617254.16157
774.35,-4.83,0.12,0,0.43,78606,1621617254.18195
774.35,-4.83,0.12,0,0.4,78626,1621617254.20256
774.35,-4.83,0.12,0,0.35,78646,1621617254.22004
774.35,-4.83,0.12,0,0.27,78666,1621617254.24278
774.35,-4.83,0.12,0,0.17,78687,1621617254.26247
774.35,-4.83,0.12,0,0.03,78706,1621617254.28366
774.35,-4.83,0.12,0,-0.13,78727,1621617254.30047
774.35,-4.83,0.12,0,-0.28,78746,1621617254.32079
774.35,-4.83,0.12,0,-0.43,78767,1621617254.3415
774.35,-4.83,0.12,0,-0.57,78786,1621617254.36061
774.35,-4.83,0.12,0,-0.68,78807,1621617254.38207
774.35,-4.83,0.12,0,-0.77,78826,1621617254.39792
774.35,-4.83,0.12,0,-0.82,78846,1621617254.41822
774.35,-4.83,0.12,0,-0.85,78866,1621617254.43939
774.35,-4.83,0.12,0,-0.85,78886,1621617254.45975
774.35,-4.83,0.12,0,-0.85,78906,1621617254.4801
774.35,-4.83,0.12,0,-0.87,78927,1621617254.50063
774.35,-4.83,0.12,0,-0.87,78947,1621617254.52041
774.35,-4.83,0.12,0,-0.87,78967,1621617254.54204
774.35,-4.83,0.12,0,-0.87,78987,1621617254.56212
774.35,-4.83,0.12,0,-0.87,79007,1621617254.58237
774.35,-4.83,0.12,0,-0.87,79027,1621617254.59852
774.35,-4.83,0.12,0,-0.87,79047,1621617254.61953
774.35,-4.83,0.12,0,-0.87,79067,1621617254.64921
774.35,-4.83,0.12,0,-0.87,79087,1621617254.6647
774.35,-4.83,0.12,0,-0.87,79107,1621617254.68286
774.35,-4.83,0.12,0,-0.87,79127,1621617254.70099
774.35,-4.83,0.12,0,-0.87,79147,1621617254.72177
774.35,-4.83,0.12,0,-0.88,79166,1621617254.74233
774.35,-4.83,0.12,0,-0.88,79186,1621617254.7581
774.35,-4.83,0.12,0,-0.88,79206,1621617254.77901
774.35,-4.83,0.12,0,-0.9,79226,1621617254.79907
774.35,-4.83,0.12,0,-0.9,79246,1621617254.82192
774.35,-4.83,0.12,0,-0.93,79266,1621617254.83933
774.35,-4.83,0.12,0,-1,79287,1621617254.86028
774.35,-4.83,0.12,0,-1.08,79306,1621617254.88097
774.35,-4.83,0.12,0,-1.2,79327,1621617254.90225
774.35,-4.83,0.12,0,-1.35,79346,1621617254.92248
774.35,-4.83,0.12,0,-1.52,79367,1621617254.94305
774.35,-4.83,0.12,0,-1.7,79386,1621617254.959
774.35,-4.83,0.12,0,-1.92,79407,1621617254.97921
774.35,-4.83,0.12,0,-2.13,79426,1621617255.00099
774.35,-4.83,0.12,0,-2.35,79447,1621617255.02087
774.35,-4.83,0.12,0,-2.57,79466,1621617255.04124
774.35,-4.83,0.12,0,-2.78,79486,1621617255.06163
774.35,-4.83,0.12,0,-2.98,79506,1621617255.0824
774.35,-4.83,0.12,0,-3.2,79526,1621617255.1043
774.35,-4.83,0.12,0,-3.38,79547,1621617255.12297
774.35,-4.83,0.12,0,-3.57,79566,1621617255.13993
774.35,-4.83,0.12,0,-3.72,79587,1621617255.16058
774.35,-4.83,0.12,0,-3.87,79606,1621617255.18834
774.35,-4.83,0.12,0,-4,79627,1621617255.2056
774.35,-4.83,0.12,0,-4.15,79646,1621617255.22147
774.35,-4.83,0.12,0,-4.28,79667,1621617255.24198
774.35,-4.83,0.12,0,-4.42,79686,1621617255.26241
774.35,-4.83,0.12,0,-4.57,79707,1621617255.28243
774.35,-4.83,0.12,0,-4.72,79726,1621617255.30264
774.35,-4.83,0.12,0,-4.88,79747,1621617255.31917
774.35,-4.83,0.12,0,-5.07,79767,1621617255.33969
774.35,-4.83,0.12,0,-5.28,79787,1621617255.36025
774.35,-4.83,0.12,0,-5.5,79806,1621617255.38135
774.35,-4.83,0.12,0,-5.75,79826,1621617255.40617
774.35,-4.83,0.12,0,-6,79847,1621617255.42456
774.35,-4.83,0.12,0,-6.25,79866,1621617255.44253
774.35,-4.83,0.12,0,-6.47,79887,1621617255.46888
774.35,-4.83,0.12,0,-6.68,79906,1621617255.48399
774.35,-4.83,0.12,0,-6.88,79927,1621617255.49966
774.35,-4.83,0.12,0,-7.05,79946,1621617255.52004
774.35,-4.83,0.12,0,-7.22,79967,1621617255.54093
774.35,-4.83,0.12,0,-7.38,79986,1621617255.56026
774.35,-4.83,0.12,0,-7.55,80007,1621617255.58625
774.35,-4.83,0.12,0,-7.75,80026,1621617255.60643
774.35,-4.83,0.12,0,-7.95,80047,1621617255.62222
774.35,-4.83,0.12,0,-8.2,80066,1621617255.64372
774.35,-4.83,0.12,0,-8.47,80087,1621617255.66406
774.35,-4.83,0.12,0,-8.73,80107,1621617255.68049
774.35,-4.83,0.12,0,-8.97,80126,1621617255.69996
774.35,-4.83,0.12,0,-9.18,80146,1621617255.72149
774.35,-4.83,0.12,0,-9.38,80166,1621617255.74178
774.35,-4.83,0.12,0,-9.55,80187,1621617255.76196
774.35,-4.83,0.12,0,-9.68,80206,1621617255.78655
774.35,-4.83,0.12,0,-9.82,80227,1621617255.80425
774.35,-4.83,0.12,0,-9.9,80246,1621617255.82277
774.35,-4.83,0.12,0,-9.98,80267,1621617255.84282
774.35,-4.83,0.12,0,-10.07,80286,1621617255.86002
774.35,-4.83,0.12,0,-10.13,80307,1621617255.88065
774.35,-4.83,0.12,0,-10.22,80327,1621617255.90162
774.35,-4.83,0.12,0,-10.3,80347,1621617255.92182
774.35,-4.83,0.12,0,-10.42,80366,1621617255.94234
774.35,-4.83,0.12,0,-10.55,80387,1621617255.96278
774.35,-4.83,0.12,0,-10.68,80406,1621617255.98324
774.35,-4.83,0.12,0,-10.85,80427,1621617256.00353
774.35,-4.83,0.12,0,-11,80447,1621617256.0257
774.35,-4.83,0.12,0,-11.15,80466,1621617256.04058
774.35,-4.83,0.12,0,-11.27,80487,1621617256.06115
774.35,-4.83,0.12,0,-11.37,80506,1621617256.08176
774.35,-4.83,0.12,0,-11.47,80527,1621617256.10184
774.35,-4.83,0.12,0,-11.57,80546,1621617256.12379
774.35,-4.83,0.12,0,-11.63,80567,1621617256.1426
774.35,-4.83,0.12,0,-11.7,80586,1621617256.16772
774.35,-4.83,0.12,0,-11.75,80607,1621617256.18402
774.35,-4.83,0.12,0,-11.8,80626,1621617256.20412
774.35,-4.83,0.12,0,-11.85,80647,1621617256.22088
774.35,-4.83,0.12,0,-11.9,80666,1621617256.24863
774.35,-4.83,0.12,0,-11.97,80687,1621617256.26238
774.35,-4.83,0.12,0,-12.02,80707,1621617256.28249
774.35,-4.83,0.12,0,-12.1,80727,1621617256.303
774.35,-4.83,0.12,0,-12.18,80747,1621617256.32421
774.35,-4.83,0.12,0,-12.28,80766,1621617256.34521
774.35,-4.83,0.12,0,-12.4,80787,1621617256.37016
774.35,-4.83,0.12,0,-12.53,80806,1621617256.38644
774.35,-4.83,0.12,0,-12.67,80827,1621617256.40431
774.35,-4.83,0.12,0,-12.8,80846,1621617256.42071
774.35,-4.83,0.12,0,-12.93,80867,1621617256.44119
774.35,-4.83,0.12,0,-13.05,80886,1621617256.46191
774.35,-4.83,0.12,0,-13.15,80907,1621617256.48278
774.35,-4.83,0.12,0,-13.22,80927,1621617256.50668
774.35,-4.83,0.12,0,-13.27,80947,1621617256.53029
774.35,-4.83,0.12,0,-13.3,80966,1621617256.54469
774.35,-4.83,0.12,0,-13.32,80987,1621617256.56365
774.35,-4.83,0.12,0,-13.33,81007,1621617256.58403
774.35,-4.83,0.12,0,-13.35,81027,1621617256.60989
774.35,-4.83,0.12,0,-13.38,81046,1621617256.62615
774.35,-4.83,0.12,0,-13.4,81067,1621617256.64324
774.35,-4.83,0.12,0,-13.43,81086,1621617256.66321
774.35,-4.83,0.12,0,-13.47,81107,1621617256.68396
774.35,-4.83,0.12,0,-13.5,81126,1621617256.70448
774.35,-4.83,0.12,0,-13.53,81146,1621617256.73171
774.35,-4.83,0.12,0,-13.57,81167,1621617256.74479
774.35,-4.83,0.12,0,-13.62,81187,1621617256.76703
774.35,-4.83,0.12,0,-13.67,81207,1621617256.78183
774.35,-4.83,0.12,0,-13.72,81226,1621617256.80205
774.35,-4.83,0.12,0,-13.77,81247,1621617256.82281
774.35,-4.83,0.12,0,-13.8,81267,1621617256.84375
774.35,-4.83,0.12,0,-13.83,81287,1621617256.86451
774.35,-4.83,0.12,0,-13.87,81307,1621617256.89103
774.35,-4.83,0.12,0,-13.88,81327,1621617256.90606
774.35,-4.83,0.12,0,-13.9,81346,1621617256.92585
774.35,-4.83,0.12,0,-13.92,81367,1621617256.94458
774.35,-4.83,0.12,0,-13.95,81387,1621617256.96168
774.35,-4.83,0.12,0,-14,81406,1621617256.98215
774.35,-4.83,0.12,0,-14.05,81426,1621617257.00252
774.35,-4.83,0.12,0,-14.12,81446,1621617257.02271
774.35,-4.83,0.12,0,-14.2,81467,1621617257.04421
774.35,-4.83,0.12,0,-14.3,81486,1621617257.06983
774.35,-4.83,0.12,0,-14.4,81507,1621617257.08531
774.35,-4.83,0.12,0,-14.48,81526,1621617257.10539
774.35,-4.83,0.12,0,-14.55,81547,1621617257.12651
774.35,-4.83,0.12,0,-14.58,81566,1621617257.14265
774.35,-4.83,0.12,0,-14.63,81587,1621617257.1625
774.35,-4.83,0.12,0,-14.67,81606,1621617257.18385
774.35,-4.83,0.12,0,-14.7,81627,1621617257.20524
774.35,-4.83,0.12,0,-14.73,81646,1621617257.22635
774.35,-4.83,0.12,0,-14.77,81667,1621617257.24605
774.35,-4.83,0.12,0,-14.82,81687,1621617257.26559
774.35,-4.83,0.12,0,-14.88,81707,1621617257.28611
774.35,-4.83,0.12,0,-14.95,81727,1621617257.30635
774.35,-4.83,0.12,0,-15.05,81746,1621617257.32334
774.35,-4.83,0.12,0,-15.15,81767,1621617257.34389
774.35,-4.83,0.12,0,-15.28,81786,1621617257.36368
774.35,-4.83,0.12,0,-15.42,81807,1621617257.38424
774.35,-4.83,0.12,0,-15.57,81826,1621617257.40475
774.35,-4.83,0.12,0,-15.72,81847,1621617257.42652
774.35,-4.83,0.12,0,-15.88,81866,1621617257.4479
774.35,-4.83,0.12,0,-16.03,81887,1621617257.46502
774.35,-4.83,0.12,0,-16.22,81906,1621617257.48526
774.35,-4.83,0.12,0,-16.37,81927,1621617257.50232
774.35,-4.83,0.12,0,-16.52,81946,1621617257.53309
774.35,-4.83,0.12,0,-16.65,81967,1621617257.5439
774.35,-4.83,0.12,0,-16.78,81987,1621617257.56387
774.35,-4.83,0.12,0,-16.88,82007,1621617257.58421
774.35,-4.83,0.12,0,-16.98,82026,1621617257.60537
774.35,-4.83,0.12,0,-17.07,82046,1621617257.63279
774.35,-4.83,0.12,0,-17.15,82067,1621617257.64696
774.35,-4.83,0.12,0,-17.2,82086,1621617257.66591
774.35,-4.83,0.12,0,-17.27,82107,1621617257.68711
774.35,-4.83,0.12,0,-17.33,82126,1621617257.70301
774.35,-4.83,0.12,0,-17.4,82147,1621617257.72507
774.35,-4.83,0.12,0,-17.5,82166,1621617257.74528
774.35,-4.83,0.12,0,-17.6,82187,1621617257.76497
774.35,-4.83,0.12,0,-17.7,82206,1621617257.78582
774.35,-4.83,0.12,0,-17.78,82227,1621617257.80618
774.35,-4.83,0.12,0,-17.87,82246,1621617257.82715
774.35,-4.83,0.12,0,-17.95,82267,1621617257.84647
774.35,-4.83,0.12,0,-18.03,82287,1621617257.86682
774.35,-4.83,0.12,0,-18.12,82307,1621617257.88325
774.35,-4.83,0.12,0,-18.2,82327,1621617257.90436
774.35,-4.83,0.12,0,-18.3,82347,1621617257.92536
774.35,-4.83,0.12,0,-18.38,82367,1621617257.94452
774.35,-4.83,0.12,0,-18.48,82386,1621617257.96569
774.35,-4.83,0.12,0,-18.58,82407,1621617257.98581
774.35,-4.83,0.12,0,-18.7,82426,1621617258.00564
774.35,-4.83,0.12,0,-18.82,82447,1621617258.02682
774.35,-4.83,0.12,0,-18.93,82466,1621617258.04278
774.35,-4.83,0.12,0,-19.05,82487,1621617258.06332
774.35,-4.83,0.12,0,-19.17,82506,1621617258.08401
774.35,-4.83,0.12,0,-19.3,82527,1621617258.10478
774.35,-4.83,0.12,0,-19.42,82546,1621617258.12591
774.35,-4.83,0.12,0,-19.53,82567,1621617258.1449
774.35,-4.83,0.12,0,-19.63,82586,1621617258.16569
774.35,-4.83,0.12,0,-19.73,82607,1621617258.18646
774.35,-4.83,0.12,0,-19.83,82627,1621617258.20612
774.35,-4.83,0.12,0,-19.92,82647,1621617258.22264
774.35,-4.83,0.12,0,-20,82666,1621617258.24379
774.35,-4.83,0.12,0,-20.08,82686,1621617258.26427
774.35,-4.83,0.12,0,-20.15,82707,1621617258.2857
774.35,-4.83,0.12,0,-20.23,82726,1621617258.30749
774.35,-4.83,0.12,0,-20.3,82747,1621617258.32752
774.35,-4.83,0.12,0,-20.38,82766,1621617258.34724
774.35,-4.83,0.12,0,-20.45,82787,1621617258.36806
774.35,-4.83,0.12,0,-20.53,82806,1621617258.38824
774.35,-4.83,0.12,0,-20.62,82827,1621617258.40974
774.35,-4.83,0.12,0,-20.68,82847,1621617258.42454
774.35,-4.83,0.12,0,-20.75,82867,1621617258.44532
774.35,-4.83,0.12,0,-20.8,82886,1621617258.46537
774.35,-4.83,0.12,0,-20.87,82907,1621617258.4873
774.35,-4.83,0.12,0,-20.93,82927,1621617258.51053
774.35,-4.83,0.12,0,-21,82947,1621617258.52715
774.35,-4.83,0.12,0,-21.07,82967,1621617258.54719
774.35,-4.83,0.12,0,-21.15,82987,1621617258.56746
774.35,-4.83,0.12,0,-21.23,83007,1621617258.58778
774.35,-4.83,0.12,0,-21.32,83026,1621617258.60462
774.35,-4.83,0.12,0,-21.42,83047,1621617258.63467
774.35,-4.83,0.12,0,-21.5,83066,1621617258.6475
774.35,-4.83,0.12,0,-21.58,83086,1621617258.66638
774.35,-4.83,0.12,0,-21.68,83106,1621617258.68643
774.35,-4.83,0.12,0,-21.77,83127,1621617258.71649
774.35,-4.83,0.12,0,-21.85,83146,1621617258.72742
774.35,-4.83,0.12,0,-21.95,83167,1621617258.74691
774.35,-4.83,0.12,0,-22.03,83186,1621617258.77146
774.35,-4.83,0.12,0,-22.12,83207,1621617258.78542
774.35,-4.83,0.12,0,-22.18,83226,1621617258.80442
774.35,-4.83,0.12,0,-22.27,83247,1621617258.82609
774.35,-4.83,0.12,0,-22.35,83267,1621617258.84614
774.35,-4.83,0.12,0,-22.43,83287,1621617258.8669
774.35,-4.83,0.12,0,-22.52,83306,1621617258.88709
774.35,-4.83,0.12,0,-22.6,83326,1621617258.90798
774.35,-4.83,0.12,0,-22.68,83347,1621617258.92802
774.35,-4.83,0.12,0,-22.77,83366,1621617258.94856
774.35,-4.83,0.12,0,-22.85,83387,1621617258.96574
774.35,-4.83,0.12,0,-22.92,83406,1621617258.98603
774.35,-4.83,0.12,0,-22.98,83427,1621617259.00622
774.35,-4.83,0.12,0,-23.07,83446,1621617259.02643
774.35,-4.83,0.12,0,-23.13,83467,1621617259.04743
774.35,-4.83,0.12,0,-23.22,83486,1621617259.06766
774.35,-4.83,0.12,0,-23.3,83507,1621617259.08843
774.35,-4.83,0.12,0,-23.38,83526,1621617259.11535
774.35,-4.83,0.12,0,-23.47,83547,1621617259.12878
774.35,-4.83,0.12,0,-23.55,83567,1621617259.14922
774.35,-4.83,0.12,0,-23.65,83587,1621617259.16603
774.35,-4.83,0.12,0,-23.75,83607,1621617259.18832
774.35,-4.83,0.12,0,-23.83,83627,1621617259.20761
774.35,-4.83,0.12,0,-23.92,83646,1621617259.22735
774.35,-4.83,0.12,0,-23.98,83666,1621617259.24738
774.35,-4.83,0.12,0,-24.07,83687,1621617259.26768
774.35,-4.83,0.12,0,-24.15,83706,1621617259.28872
774.35,-4.83,0.12,0,-24.23,83727,1621617259.30929
774.35,-4.83,0.12,0,-24.32,83746,1621617259.32525
774.35,-4.83,0.12,0,-24.43,83767,1621617259.34516
774.35,-4.83,0.12,0,-24.53,83786,1621617259.36573
774.35,-4.83,0.12,0,-24.67,83807,1621617259.38825
774.35,-4.83,0.12,0,-24.8,83826,1621617259.40967
774.35,-4.83,0.12,0,-24.97,83847,1621617259.42981
774.35,-4.83,0.12,0,-25.13,83867,1621617259.44772
774.35,-4.83,0.12,0,-25.3,83887,1621617259.46771
774.35,-4.83,0.12,0,-25.45,83907,1621617259.48936
774.35,-4.83,0.12,0,-25.58,83927,1621617259.50488
774.35,-4.83,0.12,0,-25.68,83947,1621617259.52634
774.35,-4.83,0.12,0,-25.78,83966,1621617259.54613
774.35,-4.83,0.12,0,-25.87,83986,1621617259.56651
774.35,-4.83,0.12,0,-25.93,84006,1621617259.58787
774.35,-4.83,0.12,0,-26,84027,1621617259.60906
774.35,-4.83,0.12,0,-26.07,84046,1621617259.62949
774.35,-4.83,0.12,0,-26.13,84067,1621617259.6492
774.35,-4.83,0.12,0,-26.2,84086,1621617259.66969
774.35,-4.83,0.12,0,-26.3,84107,1621617259.69041
774.35,-4.83,0.12,0,-26.4,84126,1621617259.7066
774.35,-4.83,0.12,0,-26.52,84147,1621617259.72764
774.35,-4.83,0.12,0,-26.63,84166,1621617259.74738
774.35,-4.83,0.12,0,-26.75,84187,1621617259.76759
774.35,-4.83,0.12,0,-26.85,84207,1621617259.79065
774.35,-4.83,0.12,0,-26.93,84227,1621617259.81044
774.35,-4.83,0.12,0,-27.03,84247,1621617259.82951
774.35,-4.83,0.12,0,-27.1,84267,1621617259.84966
774.35,-4.83,0.12,0,-27.18,84286,1621617259.87538
774.35,-4.83,0.12,0,-27.25,84306,1621617259.88711
774.35,-4.83,0.12,0,-27.32,84326,1621617259.90659
774.35,-4.83,0.12,0,-27.38,84346,1621617259.92742
774.35,-4.83,0.12,0,-27.45,84367,1621617259.9476
774.35,-4.83,0.12,0,-27.5,84386,1621617259.96763
774.35,-4.83,0.12,0,-27.55,84407,1621617259.98807
774.35,-4.83,0.12,0,-27.62,84426,1621617260.00849
774.35,-4.83,0.12,0,-27.67,84447,1621617260.02998
774.35,-4.83,0.12,0,-27.73,84466,1621617260.05006
774.35,-4.83,0.12,0,-27.78,84487,1621617260.06701
774.35,-4.83,0.12,0,-27.83,84506,1621617260.08754
774.35,-4.83,0.12,0,-27.9,84527,1621617260.10769
774.35,-4.83,0.12,0,-27.95,84547,1621617260.1279
774.35,-4.83,0.12,0,-28.02,84567,1621617260.14788
774.35,-4.83,0.12,0,-28.07,84587,1621617260.16873
774.35,-4.83,0.12,0,-28.12,84606,1621617260.18937
774.35,-4.83,0.12,0,-28.17,84626,1621617260.20967
774.35,-4.83,0.12,0,-28.23,84646,1621617260.22999
774.35,-4.83,0.12,0,-28.28,84667,1621617260.24673
774.35,-4.83,0.12,0,-28.33,84686,1621617260.26691
774.35,-4.83,0.12,0,-28.4,84707,1621617260.288
774.35,-4.83,0.12,0,-28.45,84726,1621617260.30987
774.35,-4.83,0.12,0,-28.5,84747,1621617260.33199
774.35,-4.83,0.12,0,-28.55,84767,1621617260.34951
774.35,-4.83,0.12,0,-28.58,84787,1621617260.36971
774.35,-4.83,0.12,0,-28.63,84806,1621617260.39005
774.35,-4.83,0.12,0,-28.68,84827,1621617260.41052
774.35,-4.83,0.12,0,-28.72,84846,1621617260.42643
774.35,-4.83,0.12,0,-28.75,84867,1621617260.44734
774.35,-4.83,0.12,0,-28.8,84887,1621617260.46948
774.35,-4.83,0.12,0,-28.85,84907,1621617260.49487
774.35,-4.83,0.12,0,-28.88,84927,1621617260.50974
774.35,-4.83,0.12,0,-28.93,84946,1621617260.52893
774.35,-4.83,0.12,0,-28.98,84966,1621617260.54956
774.35,-4.83,0.12,0,-29.03,84986,1621617260.56983
774.35,-4.83,0.12,0,-29.08,85007,1621617260.58991
774.35,-4.83,0.12,0,-29.13,85026,1621617260.60659
774.35,-4.83,0.12,0,-29.18,85047,1621617260.62781
774.35,-4.83,0.12,0,-29.25,85066,1621617260.64788
774.35,-4.83,0.12,0,-29.3,85087,1621617260.6684
774.35,-4.83,0.12,0,-29.37,85106,1621617260.68911
774.35,-4.83,0.12,0,-29.43,85127,1621617260.70984
774.35,-4.83,0.12,0,-29.5,85146,1621617260.72978
774.35,-4.83,0.12,0,-29.57,85167,1621617260.75029
774.35,-4.83,0.12,0,-29.63,85186,1621617260.77133
774.35,-4.83,0.12,0,-29.72,85207,1621617260.787
774.35,-4.83,0.12,0,-29.78,85226,1621617260.8087
774.35,-4.83,0.12,0,-29.85,85246,1621617260.8291
774.35,-4.83,0.12,0,-29.92,85266,1621617260.85188
774.35,-4.83,0.12,0,-30,85286,1621617260.87304
774.35,-4.83,0.12,0,-30.07,85307,1621617260.89001
774.35,-4.83,0.12,0,-30.12,85326,1621617260.91107
774.35,-4.83,0.12,0,-30.18,85347,1621617260.93541
774.35,-4.83,0.12,0,-30.25,85366,1621617260.95497
774.35,-4.83,0.12,0,-30.3,85387,1621617260.9681
774.35,-4.83,0.12,0,-30.35,85407,1621617260.98784
774.35,-4.83,0.12,0,-30.4,85427,1621617261.0085
774.35,-4.83,0.12,0,-30.43,85446,1621617261.02844
774.35,-4.83,0.12,0,-30.48,85467,1621617261.04922
774.35,-4.83,0.12,0,-30.52,85486,1621617261.06943
774.35,-4.83,0.12,0,-30.55,85507,1621617261.09077
774.35,-4.83,0.12,0,-30.6,85527,1621617261.11108
774.35,-4.83,0.12,0,-30.63,85547,1621617261.13145
774.35,-4.83,0.12,0,-30.67,85567,1621617261.1518
774.35,-4.83,0.12,0,-30.7,85586,1621617261.16911
774.35,-4.83,0.12,0,-30.73,85607,1621617261.1894
774.35,-4.83,0.12,0,-30.77,85626,1621617261.21061
774.35,-4.83,0.12,0,-30.78,85647,1621617261.23011
774.35,-4.83,0.12,0,-30.82,85666,1621617261.25498
774.35,-4.83,0.12,0,-30.85,85687,1621617261.27166
774.35,-4.83,0.12,0,-30.87,85707,1621617261.29123
774.35,-4.83,0.12,0,-30.9,85727,1621617261.3112
774.35,-4.83,0.12,0,-30.93,85747,1621617261.33195
774.35,-4.83,0.12,0,-30.97,85767,1621617261.3487
774.35,-4.83,0.12,0,-31,85786,1621617261.36952
774.35,-4.83,0.12,0,-31.03,85807,1621617261.38993
774.35,-4.83,0.12,0,-31.07,85827,1621617261.41143
774.35,-4.83,0.12,0,-31.12,85847,1621617261.43106
774.35,-4.83,0.12,0,-31.17,85867,1621617261.45151
774.35,-4.83,0.12,0,-31.22,85886,1621617261.47178
774.35,-4.83,0.12,0,-31.27,85907,1621617261.49217
774.35,-4.83,0.12,0,-31.33,85926,1621617261.5094
774.35,-4.83,0.12,0,-31.38,85947,1621617261.52897
774.35,-4.83,0.12,0,-31.47,85966,1621617261.54945
774.35,-4.83,0.12,0,-31.53,85987,1621617261.56995
774.35,-4.83,0.12,0,-31.6,86006,1621617261.59016
774.35,-4.83,0.12,0,-31.67,86027,1621617261.61183
774.35,-4.83,0.12,0,-31.75,86047,1621617261.63139
774.35,-4.83,0.12,0,-31.82,86067,1621617261.65162
774.35,-4.83,0.12,0,-31.88,86087,1621617261.67202
774.35,-4.83,0.12,0,-31.95,86107,1621617261.69321
774.35,-4.83,0.12,0,-32.02,86127,1621617261.7102
774.35,-4.83,0.12,0,-32.08,86147,1621617261.72955
774.35,-4.83,0.12,0,-32.15,86167,1621617261.75037
774.35,-4.83,0.12,0,-32.22,86187,1621617261.7706
774.35,-4.83,0.12,0,-32.27,86207,1621617261.79101
774.35,-4.83,0.12,0,-32.3,86226,1621617261.8124
774.35,-4.83,0.12,0,-32.35,86247,1621617261.83219
774.35,-4.83,0.12,0,-32.38,86266,1621617261.85238
774.35,-4.83,0.12,0,-32.43,86287,1621617261.86914
774.35,-4.83,0.12,0,-32.45,86306,1621617261.88937
774.35,-4.83,0.12,0,-32.48,86327,1621617261.91107
774.35,-4.83,0.12,0,-32.5,86346,1621617261.93067
774.35,-4.83,0.12,0,-32.53,86367,1621617261.95112
774.35,-4.83,0.12,0,-32.55,86386,1621617261.97139
774.35,-4.83,0.12,0,-32.58,86407,1621617261.99194
774.35,-4.83,0.12,0,-32.6,86427,1621617262.01258
774.35,-4.83,0.12,0,-32.62,86447,1621617262.03281
774.35,-4.83,0.12,0,-32.63,86466,1621617262.04951
774.35,-4.83,0.12,0,-32.65,86487,1621617262.06974
774.35,-4.83,0.12,0,-32.67,86507,1621617262.09027
774.35,-4.83,0.12,0,-32.7,86526,1621617262.11144
774.35,-4.83,0.12,0,-32.72,86546,1621617262.13984
774.35,-4.83,0.12,0,-32.73,86566,1621617262.15238
774.35,-4.83,0.12,0,-32.75,86586,1621617262.17209
774.35,-4.83,0.12,0,-32.77,86606,1621617262.19417
774.35,-4.83,0.12,0,-32.8,86627,1621617262.21825
774.35,-4.83,0.12,0,-32.82,86646,1621617262.23314
774.35,-4.83,0.12,0,-32.83,86667,1621617262.24972
774.35,-4.83,0.12,0,-32.87,86686,1621617262.26992
774.35,-4.83,0.12,0,-32.88,86707,1621617262.29084
774.35,-4.83,0.12,0,-32.92,86726,1621617262.31253
774.35,-4.83,0.12,0,-32.95,86747,1621617262.33134
774.35,-4.83,0.12,0,-33,86766,1621617262.35313
774.35,-4.83,0.12,0,-33.05,86787,1621617262.3725
774.35,-4.83,0.12,0,-33.1,86806,1621617262.39301
774.35,-4.83,0.12,0,-33.17,86827,1621617262.42003
774.35,-4.83,0.12,0,-33.23,86847,1621617262.43158
774.35,-4.83,0.12,0,-33.3,86866,1621617262.45005
774.35,-4.83,0.12,0,-33.37,86887,1621617262.47021
774.35,-4.83,0.12,0,-33.43,86906,1621617262.4916
774.35,-4.83,0.12,0,-33.48,86927,1621617262.51134
774.35,-4.83,0.12,0,-33.55,86946,1621617262.53227
774.35,-4.83,0.12,0,-33.6,86967,1621617262.55326
774.35,-4.83,0.12,0,-33.67,86986,1621617262.57853
774.35,-4.83,0.12,0,-33.72,87007,1621617262.59102
774.35,-4.83,0.12,0,-33.77,87026,1621617262.61002
774.35,-4.83,0.12,0,-33.83,87047,1621617262.63019
774.35,-4.83,0.12,0,-33.88,87067,1621617262.65053
774.35,-4.83,0.12,0,-33.93,87087,1621617262.6709
774.35,-4.83,0.12,0,-33.98,87106,1621617262.69166
774.35,-4.83,0.12,0,-34.03,87127,1621617262.71297
774.35,-4.83,0.12,0,-34.07,87147,1621617262.73446
774.35,-4.83,0.12,0,-34.12,87166,1621617262.75392
774.35,-4.83,0.12,0,-34.15,87187,1621617262.7749
774.35,-4.83,0.12,0,-34.18,87206,1621617262.7918
774.35,-4.83,0.12,0,-34.22,87227,1621617262.8122
774.35,-4.83,0.12,0,-34.23,87246,1621617262.8321
774.35,-4.83,0.12,0,-34.27,87267,1621617262.85217
774.35,-4.83,0.12,0,-34.28,87286,1621617262.87285
774.35,-4.83,0.12,0,-34.3,87307,1621617262.89418
774.35,-4.83,0.12,0,-34.33,87326,1621617262.91369
774.35,-4.83,0.12,0,-34.35,87347,1621617262.93368
774.35,-4.83,0.12,0,-34.37,87366,1621617262.95518
774.35,-4.83,0.12,0,-34.38,87387,1621617262.97824
774.35,-4.83,0.12,0,-34.4,87407,1621617262.99175
774.35,-4.83,0.12,0,-34.42,87427,1621617263.01908
774.35,-4.83,0.12,0,-34.43,87446,1621617263.03198
774.35,-4.83,0.12,0,-34.43,87467,1621617263.0519
774.35,-4.83,0.12,0,-34.45,87487,1621617263.07224
774.35,-4.83,0.12,0,-34.47,87506,1621617263.09255
774.35,-4.83,0.12,0,-34.48,87527,1621617263.11379
774.35,-4.83,0.12,0,-34.5,87546,1621617263.13458
774.35,-4.83,0.12,0,-34.52,87567,1621617263.15091
774.35,-4.83,0.12,0,-34.53,87586,1621617263.17104
774.35,-4.83,0.12,0,-34.55,87607,1621617263.19205
774.35,-4.83,0.12,0,-34.57,87626,1621617263.21231
774.35,-4.83,0.12,0,-34.58,87647,1621617263.23239
774.35,-4.83,0.12,0,-34.6,87667,1621617263.25297
774.35,-4.83,0.12,0,-34.62,87687,1621617263.27456
774.35,-4.83,0.12,0,-34.63,87706,1621617263.29497
774.35,-4.83,0.12,0,-34.65,87727,1621617263.3154
774.35,-4.83,0.12,0,-34.68,87747,1621617263.33535
774.35,-4.83,0.12,0,-34.7,87767,1621617263.35211
774.35,-4.83,0.12,0,-34.72,87786,1621617263.37253
774.35,-4.83,0.12,0,-34.75,87806,1621617263.39307
774.35,-4.83,0.12,0,-34.77,87826,1621617263.41349
774.35,-4.83,0.12,0,-34.78,87846,1621617263.43348
774.35,-4.83,0.12,0,-34.82,87867,1621617263.45428
774.35,-4.83,0.12,0,-34.83,87886,1621617263.47528
774.35,-4.83,0.12,0,-34.87,87907,1621617263.49502
774.35,-4.83,0.12,0,-34.88,87926,1621617263.51482
774.35,-4.83,0.12,0,-34.9,87946,1621617263.53466
774.35,-4.83,0.12,0,-34.92,87966,1621617263.55287
774.35,-4.83,0.12,0,-34.93,87987,1621617263.58171
774.35,-4.83,0.12,0,-34.95,88006,1621617263.59521
774.35,-4.83,0.12,0,-34.98,88027,1621617263.61435
774.35,-4.83,0.12,0,-34.98,88046,1621617263.63403
774.35,-4.83,0.12,0,-35,88067,1621617263.65432
774.35,-4.83,0.12,0,-35.02,88087,1621617263.67457
774.35,-4.83,0.12,0,-35.05,88107,1621617263.69136
774.35,-4.83,0.12,0,-35.07,88127,1621617263.71632
774.35,-4.83,0.12,0,-35.1,88146,1621617263.73231
774.35,-4.83,0.12,0,-35.12,88167,1621617263.75268
774.35,-4.83,0.12,0,-35.13,88187,1621617263.77351
774.35,-4.83,0.12,0,-35.17,88207,1621617263.79429
774.35,-4.83,0.12,0,-35.17,88226,1621617263.82195
774.35,-4.83,0.12,0,-35.18,88247,1621617263.84341
774.35,-4.83,0.12,0,-35.2,88267,1621617263.85486
774.35,-4.83,0.12,0,-35.22,88287,1621617263.87505
774.35,-4.83,0.12,0,-35.23,88306,1621617263.89192
774.35,-4.83,0.12,0,-35.23,88327,1621617263.91309
774.35,-4.83,0.12,0,-35.25,88346,1621617263.93817
774.35,-4.83,0.12,0,-35.27,88367,1621617263.96267
774.35,-4.83,0.12,0,-35.28,88386,1621617263.97507
774.35,-4.83,0.12,0,-35.32,88407,1621617263.99434
774.35,-4.83,0.12,0,-35.33,88427,1621617264.01495
774.35,-4.83,0.12,0,-35.35,88446,1621617264.04244
774.35,-4.83,0.12,0,-35.38,88466,1621617264.05436
774.35,-4.83,0.12,0,-35.4,88486,1621617264.07265
774.35,-4.83,0.12,0,-35.42,88507,1621617264.09313
774.35,-4.83,0.12,0,-35.45,88526,1621617264.115
774.35,-4.83,0.12,0,-35.48,88547,1621617264.13594
774.35,-4.83,0.12,0,-35.53,88566,1621617264.15478
774.35,-4.83,0.12,0,-35.58,88587,1621617264.17516
774.35,-4.83,0.12,0,-35.63,88606,1621617264.19471
774.35,-4.83,0.12,0,-35.7,88627,1621617264.2153
774.35,-4.83,0.12,0,-35.77,88646,1621617264.23571
774.35,-4.83,0.12,0,-35.83,88667,1621617264.25228
774.35,-4.83,0.12,0,-35.92,88686,1621617264.27282
774.35,-4.83,0.12,0,-35.98,88707,1621617264.29827
774.35,-4.83,0.12,0,-36.05,88726,1621617264.32093
774.35,-4.83,0.12,0,-36.1,88747,1621617264.33431
774.35,-4.83,0.12,0,-36.15,88767,1621617264.35483
774.35,-4.83,0.12,0,-36.18,88786,1621617264.37492
774.35,-4.83,0.12,0,-36.23,88807,1621617264.39508
774.35,-4.83,0.12,0,-36.27,88826,1621617264.41593
774.35,-4.83,0.12,0,-36.28,88847,1621617264.43259
774.35,-4.83,0.12,0,-36.32,88866,1621617264.45296
774.35,-4.83,0.12,0,-36.33,88887,1621617264.47341
774.35,-4.83,0.12,0,-36.37,88906,1621617264.50258
774.35,-4.83,0.12,0,-36.38,88927,1621617264.51674
774.35,-4.83,0.12,0,-36.4,88947,1621617264.53661
774.35,-4.83,0.12,0,-36.42,88967,1621617264.55585
774.35,-4.83,0.12,0,-36.43,88986,1621617264.57627
774.35,-4.83,0.12,0,-36.45,89007,1621617264.59644
774.35,-4.83,0.12,0,-36.47,89027,1621617264.61652
774.35,-4.83,0.12,0,-36.48,89047,1621617264.63343
774.35,-4.83,0.12,0,-36.5,89066,1621617264.65391
774.35,-4.83,0.12,0,-36.52,89086,1621617264.6747
774.35,-4.83,0.12,0,-36.53,89107,1621617264.69538
774.35,-4.83,0.12,0,-36.55,89126,1621617264.71625
774.35,-4.83,0.12,0,-36.57,89146,1621617264.73651
774.35,-4.83,0.12,0,-36.58,89166,1621617264.75731
774.35,-4.83,0.12,0,-36.6,89187,1621617264.77786
774.35,-4.83,0.12,0,-36.6,89207,1621617264.79763
774.35,-4.83,0.12,0,-36.62,89227,1621617264.81488
774.35,-4.83,0.12,0,-36.63,89246,1621617264.83459
774.35,-4.83,0.12,0,-36.65,89267,1621617264.85493
774.35,-4.83,0.12,0,-36.67,89287,1621617264.87528
774.35,-4.83,0.12,0,-36.68,89307,1621617264.89577
774.35,-4.83,0.12,0,-36.7,89326,1621617264.91607
774.35,-4.83,0.12,0,-36.73,89347,1621617264.93659
774.35,-4.83,0.12,0,-36.75,89367,1621617264.95688
774.35,-4.83,0.12,0,-36.77,89387,1621617264.97392
774.35,-4.83,0.12,0,-36.8,89407,1621617264.99431
774.35,-4.83,0.12,0,-36.82,89426,1621617265.01448
774.35,-4.83,0.12,0,-36.83,89446,1621617265.03497
774.35,-4.83,0.12,0,-36.85,89466,1621617265.05527
774.35,-4.83,0.12,0,-36.88,89487,1621617265.07552
774.35,-4.83,0.12,0,-36.9,89506,1621617265.09561
774.35,-4.83,0.12,0,-36.92,89527,1621617265.11683
774.35,-4.83,0.12,0,-36.93,89547,1621617265.13693
774.35,-4.83,0.12,0,-36.97,89567,1621617265.15307
774.35,-4.83,0.12,0,-36.98,89586,1621617265.17382
774.35,-4.83,0.12,0,-37,89607,1621617265.19499
774.35,-4.83,0.12,0,-37.03,89626,1621617265.21473
774.35,-4.83,0.12,0,-37.05,89647,1621617265.23562
774.35,-4.83,0.12,0,-37.08,89667,1621617265.25694
774.35,-4.83,0.12,0,-37.1,89687,1621617265.27785
774.35,-4.83,0.12,0,-37.13,89707,1621617265.29931
774.35,-4.83,0.12,0,-37.15,89726,1621617265.31729
774.35,-4.83,0.12,0,-37.18,89747,1621617265.33408
774.35,-4.83,0.12,0,-37.2,89766,1621617265.3543
774.35,-4.83,0.12,0,-37.22,89787,1621617265.37477
774.35,-4.83,0.12,0,-37.23,89806,1621617265.39513
774.35,-4.83,0.12,0,-37.27,89827,1621617265.41875
774.35,-4.83,0.12,0,-37.28,89846,1621617265.43911
774.35,-4.83,0.12,0,-37.3,89867,1621617265.4571
774.35,-4.83,0.12,0,-37.33,89886,1621617265.47643
774.35,-4.83,0.12,0,-37.35,89907,1621617265.49736
774.35,-4.83,0.12,0,-37.38,89926,1621617265.51345
774.35,-4.83,0.12,0,-37.4,89947,1621617265.5346
774.35,-4.83,0.12,0,-37.43,89966,1621617265.5551
774.35,-4.83,0.12,0,-37.45,89987,1621617265.57725
774.35,-4.83,0.12,0,-37.47,90007,1621617265.59985
774.35,-4.83,0.12,0,-37.48,90027,1621617265.61975
774.35,-4.83,0.12,0,-37.5,90046,1621617265.63678
774.35,-4.83,0.12,0,-37.52,90066,1621617265.65746
774.35,-4.83,0.12,0,-37.55,90087,1621617265.67796
774.35,-4.83,0.12,0,-37.57,90106,1621617265.6956
774.35,-4.83,0.12,0,-37.58,90127,1621617265.71506
774.35,-4.83,0.12,0,-37.6,90147,1621617265.73506
774.35,-4.83,0.12,0,-37.63,90167,1621617265.75547
774.35,-4.83,0.12,0,-37.65,90186,1621617265.77593
774.35,-4.83,0.12,0,-37.67,90207,1621617265.79706
774.35,-4.83,0.12,0,-37.67,90227,1621617265.81781
774.35,-4.83,0.12,0,-37.68,90247,1621617265.83811
774.35,-4.83,0.12,0,-37.72,90266,1621617265.85837
774.35,-4.83,0.12,0,-37.73,90287,1621617265.87869
774.35,-4.83,0.12,0,-37.73,90307,1621617265.89901
774.35,-4.83,0.12,0,-37.75,90327,1621617265.91593
774.35,-4.83,0.12,0,-37.77,90346,1621617265.9359
774.35,-4.83,0.12,0,-37.8,90366,1621617265.95602
774.35,-4.83,0.12,0,-37.82,90387,1621617265.97695
774.35,-4.83,0.12,0,-37.83,90406,1621617265.99705
774.35,-4.83,0.12,0,-37.83,90426,1621617266.02344
774.35,-4.83,0.12,0,-37.85,90446,1621617266.03789
774.35,-4.83,0.12,0,-37.87,90467,1621617266.05872
774.35,-4.83,0.12,0,-37.88,90486,1621617266.07537
774.35,-4.83,0.12,0,-37.9,90506,1621617266.09519
774.35,-4.83,0.12,0,-37.92,90526,1621617266.11596
774.35,-4.83,0.12,0,-37.93,90547,1621617266.13718
774.35,-4.83,0.12,0,-37.93,90567,1621617266.16599
774.35,-4.83,0.12,0,-37.95,90587,1621617266.18176
774.35,-4.83,0.12,0,-37.97,90606,1621617266.1996
774.35,-4.83,0.12,0,-37.98,90627,1621617266.21806
774.35,-4.83,0.12,0,-38,90647,1621617266.23803
774.35,-4.83,0.12,0,-38.02,90667,1621617266.25912
774.35,-4.83,0.12,0,-38.02,90687,1621617266.27635
774.35,-4.83,0.12,0,-38.03,90706,1621617266.29561
774.35,-4.83,0.12,0,-38.05,90727,1621617266.3171
774.35,-4.83,0.12,0,-38.07,90747,1621617266.33686
774.35,-4.83,0.12,0,-38.08,90767,1621617266.35726
774.35,-4.83,0.12,0,-38.08,90786,1621617266.37752
774.35,-4.83,0.12,0,-38.1,90807,1621617266.39989
774.35,-4.83,0.12,0,-38.12,90826,1621617266.41923
774.35,-4.83,0.12,0,-38.12,90847,1621617266.43526
774.35,-4.83,0.12,0,-38.13,90867,1621617266.45563
774.35,-4.83,0.12,0,-38.15,90887,1621617266.47599
774.35,-4.83,0.12,0,-38.17,90906,1621617266.49629
774.35,-4.83,0.12,0,-38.18,90927,1621617266.51825
774.35,-4.83,0.12,0,-38.2,90947,1621617266.53964
774.35,-4.83,0.12,0,-38.22,90967,1621617266.56017
774.35,-4.83,0.12,0,-38.23,90986,1621617266.57969
774.35,-4.83,0.12,0,-38.25,91006,1621617266.5994
774.35,-4.83,0.12,0,-38.27,91027,1621617266.61561
774.35,-4.83,0.12,0,-38.28,91046,1621617266.63648
774.35,-4.83,0.12,0,-38.3,91067,1621617266.6569
774.35,-4.83,0.12,0,-38.32,91086,1621617266.6774
774.35,-4.83,0.12,0,-38.33,91107,1621617266.69865
774.35,-4.83,0.12,0,-38.37,91126,1621617266.72015
774.35,-4.83,0.12,0,-38.38,91147,1621617266.73842
774.35,-4.83,0.12,0,-38.42,91166,1621617266.75942
774.35,-4.83,0.12,0,-38.45,91187,1621617266.77946
774.35,-4.83,0.12,0,-38.48,91206,1621617266.79607
774.35,-4.83,0.12,0,-38.53,91227,1621617266.81597
774.35,-4.83,0.12,0,-38.58,91246,1621617266.83651
774.35,-4.83,0.12,0,-38.62,91267,1621617266.85724
774.35,-4.83,0.12,0,-38.68,91287,1621617266.87795
774.35,-4.83,0.12,0,-38.73,91307,1621617266.89925
774.35,-4.83,0.12,0,-38.78,91326,1621617266.92038
774.35,-4.83,0.12,0,-38.83,91346,1621617266.94001
774.35,-4.83,0.12,0,-38.88,91367,1621617266.96043
774.35,-4.83,0.12,0,-38.92,91386,1621617266.97636
774.35,-4.83,0.12,0,-38.95,91407,1621617266.99779
774.35,-4.83,0.12,0,-38.98,91426,1621617267.01889
774.35,-4.83,0.12,0,-39,91447,1621617267.03821
774.35,-4.83,0.12,0,-39.02,91466,1621617267.05845
774.35,-4.83,0.12,0,-39.05,91487,1621617267.07889
774.35,-4.83,0.12,0,-39.07,91506,1621617267.09921
774.35,-4.83,0.12,0,-39.07,91527,1621617267.12003
774.35,-4.83,0.12,0,-39.08,91546,1621617267.1406
774.35,-4.83,0.12,0,-39.1,91567,1621617267.15834
774.35,-4.83,0.12,0,-39.12,91586,1621617267.1791
774.35,-4.83,0.12,0,-39.13,91607,1621617267.19735
774.35,-4.83,0.12,0,-39.13,91627,1621617267.21819
774.35,-4.83,0.12,0,-39.15,91646,1621617267.23768
774.35,-4.83,0.12,0,-39.15,91667,1621617267.25819
774.35,-4.83,0.12,0,-39.17,91686,1621617267.28002
774.35,-4.83,0.12,0,-39.18,91707,1621617267.30089
774.35,-4.83,0.12,0,-39.2,91726,1621617267.32132
774.35,-4.83,0.12,0,-39.2,91747,1621617267.34091
774.35,-4.83,0.12,0,-39.22,91766,1621617267.35751
774.35,-4.83,0.12,0,-39.23,91787,1621617267.37809
774.35,-4.83,0.12,0,-39.25,91806,1621617267.39824
774.35,-4.83,0.12,0,-39.25,91827,1621617267.42064
774.35,-4.83,0.12,0,-39.27,91847,1621617267.4412
774.35,-4.83,0.12,0,-39.28,91867,1621617267.46107
774.35,-4.83,0.12,0,-39.28,91886,1621617267.47981
774.35,-4.83,0.12,0,-39.3,91907,1621617267.50057
774.35,-4.83,0.12,0,-39.32,91926,1621617267.51721
774.35,-4.83,0.12,0,-39.32,91947,1621617267.53946
774.35,-4.83,0.12,0,-39.33,91967,1621617267.56398
774.35,-4.83,0.12,0,-39.35,91986,1621617267.5785
774.35,-4.83,0.12,0,-39.37,92006,1621617267.59857
774.35,-4.83,0.12,0,-39.38,92026,1621617267.6197
774.35,-4.83,0.12,0,-39.38,92047,1621617267.63981
774.35,-4.83,0.12,0,-39.4,92067,1621617267.65995
774.35,-4.83,0.12,0,-39.42,92087,1621617267.68009
774.35,-4.83,0.12,0,-39.43,92106,1621617267.70097
774.35,-4.83,0.12,0,-39.43,92127,1621617267.71762
774.35,-4.83,0.12,0,-39.45,92146,1621617267.73808
774.35,-4.83,0.12,0,-39.47,92167,1621617267.75897
774.35,-4.83,0.12,0,-39.47,92187,1621617267.78397
774.35,-4.83,0.12,0,-39.47,92207,1621617267.80592
774.35,-4.83,0.12,0,-39.48,92226,1621617267.82167
774.35,-4.83,0.12,0,-39.5,92247,1621617267.84142
774.35,-4.83,0.12,0,-39.5,92266,1621617267.86183
774.35,-4.83,0.12,0,-39.52,92286,1621617267.88234
774.35,-4.83,0.12,0,-39.53,92307,1621617267.90257
774.35,-4.83,0.12,0,-39.53,92327,1621617267.92759
774.35,-4.83,0.12,0,-39.55,92347,1621617267.94004
774.35,-4.83,0.12,0,-39.55,92366,1621617267.95951
774.35,-4.83,0.12,0,-39.57,92387,1621617267.97994
774.35,-4.83,0.12,0,-39.57,92406,1621617268.00023
774.35,-4.83,0.12,0,-39.57,92427,1621617268.02044
774.35,-4.83,0.12,0,-39.58,92446,1621617268.04155
774.35,-4.83,0.12,0,-39.58,92467,1621617268.06183
774.35,-4.83,0.12,0,-39.58,92486,1621617268.07793
774.35,-4.83,0.12,0,-39.6,92507,1621617268.09845
774.35,-4.83,0.12,0,-39.6,92527,1621617268.11962
774.35,-4.83,0.12,0,-39.6,92547,1621617268.14136
774.35,-4.83,0.12,0,-39.6,92567,1621617268.16572
774.35,-4.83,0.12,0,-39.62,92587,1621617268.18279
774.35,-4.83,0.12,0,-39.63,92606,1621617268.20109
774.35,-4.83,0.12,0,-39.65,92626,1621617268.22068
774.35,-4.83,0.12,0,-39.65,92647,1621617268.24172
774.35,-4.83,0.12,0,-39.67,92667,1621617268.26227
774.35,-4.83,0.12,0,-39.67,92687,1621617268.27824
774.35,-4.83,0.12,0,-39.68,92706,1621617268.30527
774.35,-4.83,0.12,0,-39.68,92727,1621617268.32739
774.35,-4.83,0.12,0,-39.7,92746,1621617268.34041
774.35,-4.83,0.12,0,-39.7,92767,1621617268.36071
774.35,-4.83,0.12,0,-39.7,92786,1621617268.38097
774.35,-4.83,0.12,0,-39.7,92807,1621617268.40236
774.35,-4.83,0.12,0,-39.72,92826,1621617268.42153
774.35,-4.83,0.12,0,-39.72,92847,1621617268.43873
774.35,-4.83,0.12,0,-39.72,92866,1621617268.45843
774.35,-4.83,0.12,0,-39.72,92887,1621617268.48221
774.35,-4.83,0.12,0,-39.73,92907,1621617268.51275
774.35,-4.83,0.12,0,-39.73,92926,1621617268.52201
774.35,-4.83,0.12,0,-39.75,92947,1621617268.54061
774.35,-4.83,0.12,0,-39.75,92966,1621617268.56135
774.35,-4.83,0.12,0,-39.75,92987,1621617268.5815
774.35,-4.83,0.12,0,-39.77,93006,1621617268.60177
774.35,-4.83,0.12,0,-39.77,93027,1621617268.61867
774.35,-4.83,0.12,0,-39.78,93046,1621617268.63923
774.35,-4.83,0.12,0,-39.78,93067,1621617268.66046
774.35,-4.83,0.12,0,-39.78,93086,1621617268.68148
774.35,-4.83,0.12,0,-39.8,93107,1621617268.71176
774.35,-4.83,0.12,0,-39.8,93127,1621617268.7236
774.35,-4.83,0.12,0,-39.82,93147,1621617268.74172
774.35,-4.83,0.12,0,-39.82,93166,1621617268.76731
774.35,-4.83,0.12,0,-39.83,93187,1621617268.78247
774.35,-4.83,0.12,0,-39.83,93206,1621617268.80018
774.35,-4.83,0.12,0,-39.85,93227,1621617268.8194
774.35,-4.83,0.12,0,-39.85,93247,1621617268.84073
774.35,-4.83,0.12,0,-39.85,93266,1621617268.86111
774.35,-4.83,0.12,0,-39.87,93287,1621617268.88112
774.35,-4.83,0.12,0,-39.87,93307,1621617268.90218
774.35,-4.83,0.12,0,-39.87,93327,1621617268.92263
774.35,-4.83,0.12,0,-39.87,93347,1621617268.94273
774.35,-4.83,0.12,0,-39.87,93367,1621617268.96306
774.35,-4.83,0.12,0,-39.87,93387,1621617268.98852
774.35,-4.83,0.12,0,-39.87,93407,1621617269.00453
774.35,-4.83,0.12,0,-39.88,93426,1621617269.02058
774.35,-4.83,0.12,0,-39.88,93447,1621617269.0409
774.35,-4.83,0.12,0,-39.88,93466,1621617269.06109
774.35,-4.83,0.12,0,-39.88,93487,1621617269.08117
774.35,-4.83,0.12,0,-39.88,93506,1621617269.10145
774.35,-4.83,0.12,0,-39.88,93527,1621617269.1227
774.35,-4.83,0.12,0,-39.88,93546,1621617269.14328
774.35,-4.83,0.12,0,-39.88,93566,1621617269.15933
774.35,-4.83,0.12,0,-39.88,93587,1621617269.17959
774.35,-4.83,0.12,0,-39.88,93606,1621617269.2
774.35,-4.83,0.12,0,-39.88,93627,1621617269.22162
774.35,-4.83,0.12,0,-39.87,93647,1621617269.24473
774.35,-4.83,0.12,0,-39.87,93667,1621617269.26242
774.35,-4.83,0.12,0,-39.87,93687,1621617269.28157
774.35,-4.83,0.12,0,-39.85,93707,1621617269.30302
774.35,-4.83,0.12,0,-39.8,93726,1621617269.32341
774.35,-4.83,0.12,0,-39.75,93747,1621617269.348
774.35,-4.83,0.12,0,-39.7,93766,1621617269.36305
774.35,-4.83,0.12,0,-39.63,93787,1621617269.38019
774.35,-4.83,0.12,0,-39.55,93806,1621617269.40162
774.35,-4.83,0.12,0,-39.47,93827,1621617269.42211
774.35,-4.83,0.12,0,-39.4,93846,1621617269.44222
774.35,-4.83,0.12,0,-39.32,93867,1621617269.46247
774.35,-4.83,0.12,0,-39.23,93887,1621617269.48308
774.35,-4.83,0.12,0,-39.15,93906,1621617269.50298
774.35,-4.83,0.12,0,-39.07,93927,1621617269.52461
774.35,-4.83,0.12,0,-39,93946,1621617269.54073
774.35,-4.83,0.12,0,-38.92,93967,1621617269.56089
774.35,-4.83,0.12,0,-38.82,93986,1621617269.58179
774.35,-4.83,0.12,0,-38.72,94007,1621617269.60411
774.35,-4.83,0.12,0,-38.62,94026,1621617269.62725
774.35,-4.83,0.12,0,-38.48,94047,1621617269.64693
774.35,-4.83,0.12,0,-38.33,94067,1621617269.66326
774.35,-4.83,0.12,0,-38.18,94087,1621617269.68404
774.35,-4.83,0.12,0,-38.03,94106,1621617269.70364
774.35,-4.83,0.12,0,-37.88,94127,1621617269.72051
774.35,-4.83,0.12,0,-37.73,94147,1621617269.74053
774.35,-4.83,0.12,0,-37.62,94167,1621617269.76107
774.35,-4.83,0.12,0,-37.48,94187,1621617269.78338
774.35,-4.83,0.12,0,-37.37,94206,1621617269.80388
774.35,-4.83,0.12,0,-37.28,94226,1621617269.82518
774.35,-4.83,0.12,0,-37.22,94246,1621617269.84323
774.35,-4.83,0.12,0,-37.15,94267,1621617269.8629
774.35,-4.83,0.12,0,-37.08,94286,1621617269.88348
774.35,-4.83,0.12,0,-37,94307,1621617269.90041
774.35,-4.83,0.12,0,-36.95,94326,1621617269.92121
774.35,-4.83,0.12,0,-36.88,94347,1621617269.94199
774.35,-4.83,0.12,0,-36.82,94366,1621617269.96242
774.35,-4.83,0.12,0,-36.77,94387,1621617269.98402
774.35,-4.83,0.12,0,-36.77,94406,1621617270.00732
774.35,-4.83,0.12,0,-36.75,94427,1621617270.02408
774.35,-4.83,0.12,0,-36.75,94446,1621617270.04325
774.35,-4.83,0.12,0,-36.77,94467,1621617270.06471
774.35,-4.83,0.12,0,-36.77,94486,1621617270.08038
774.35,-4.83,0.12,0,-36.77,94507,1621617270.10064
774.35,-4.83,0.12,0,-36.75,94526,1621617270.12112
774.35,-4.83,0.12,0,-36.75,94546,1621617270.14182
774.35,-4.83,0.12,0,-36.75,94567,1621617270.16298
774.35,-4.83,0.12,0,-36.75,94586,1621617270.18374
774.35,-4.83,0.12,0,-36.75,94607,1621617270.20375
774.35,-4.83,0.12,0,-36.75,94626,1621617270.22571
774.35,-4.83,0.12,0,-36.75,94647,1621617270.24582
774.35,-4.83,0.12,0,-36.75,94666,1621617270.26178
774.35,-4.83,0.12,0,-36.75,94687,1621617270.28254
774.35,-4.83,0.12,0,-36.75,94706,1621617270.30266
774.35,-4.83,0.12,0,-36.75,94727,1621617270.3228
774.35,-4.83,0.12,0,-36.75,94746,1621617270.34361
774.35,-4.83,0.12,0,-36.75,94767,1621617270.36493
774.35,-4.83,0.12,0,-36.75,94786,1621617270.38505
774.35,-4.83,0.12,0,-36.75,94807,1621617270.4053
774.35,-4.83,0.12,0,-36.75,94827,1621617270.42656
774.35,-4.83,0.12,0,-36.75,94846,1621617270.44921
774.35,-4.83,0.12,0,-36.75,94867,1621617270.46229
774.35,-4.83,0.12,0,-36.75,94886,1621617270.4825
774.35,-4.83,0.12,0,-36.75,94907,1621617270.50267
774.35,-4.83,0.12,0,-36.75,94926,1621617270.52401
774.35,-4.83,0.12,0,-36.75,94947,1621617270.5439
774.35,-4.83,0.12,0,-36.75,94966,1621617270.56436
774.35,-4.83,0.12,0,-36.75,94987,1621617270.58452
774.35,-4.83,0.12,0,-36.75,95006,1621617270.60469
774.35,-4.83,0.12,0,-36.75,95027,1621617270.62151
774.35,-4.83,0.12,0,-36.75,95046,1621617270.64224
774.35,-4.83,0.12,0,-36.75,95067,1621617270.66244
774.35,-4.83,0.12,0,-36.75,95086,1621617270.6825
774.35,-4.83,0.12,0,-36.75,95107,1621617270.70294
774.35,-4.83,0.12,0,-36.75,95126,1621617270.72512
774.35,-4.83,0.12,0,-36.75,95147,1621617270.74467
774.35,-4.83,0.12,0,-36.75,95167,1621617270.76496
774.35,-4.83,0.12,0,-36.75,95186,1621617270.79067
774.35,-4.83,0.12,0,-36.75,95207,1621617270.80181
774.35,-4.83,0.12,0,-36.75,95226,1621617270.8291
774.35,-4.83,0.12,0,-36.75,95247,1621617270.84271
774.35,-4.83,0.12,0,-36.75,95266,1621617270.86266
774.35,-4.83,0.12,0,-36.75,95287,1621617270.88319
774.35,-4.83,0.12,0,-36.75,95306,1621617270.90532
774.35,-4.83,0.12,0,-36.75,95327,1621617270.92615
774.35,-4.83,0.12,0,-36.75,95346,1621617270.94767
774.35,-4.83,0.12,0,-36.75,95367,1621617270.96534
774.35,-4.83,0.12,0,-36.75,95386,1621617270.982
774.35,-4.83,0.12,0,-36.75,95407,1621617271.00189
774.35,-4.83,0.12,0,-36.75,95426,1621617271.0238
774.35,-4.83,0.12,0,-36.75,95447,1621617271.04485
774.35,-4.83,0.12,0,-36.75,95467,1621617271.06522
774.35,-4.83,0.12,0,-36.75,95486,1621617271.08695
774.35,-4.83,0.12,0,-36.75,95506,1621617271.10731
774.35,-4.83,0.12,0,-36.75,95526,1621617271.12716
774.35,-4.83,0.12,0,-36.75,95547,1621617271.14599
774.35,-4.83,0.12,0,-36.75,95566,1621617271.16191
774.35,-4.83,0.12,0,-36.75,95587,1621617271.18319
774.35,-4.83,0.12,0,-36.75,95606,1621617271.20369
774.35,-4.83,0.12,0,-36.75,95627,1621617271.22387
774.35,-4.83,0.12,0,-36.75,95646,1621617271.24466
774.35,-4.83,0.12,0,-36.75,95667,1621617271.26519
774.35,-4.83,0.12,0,-36.75,95686,1621617271.28551
774.35,-4.83,0.12,0,-36.75,95707,1621617271.30695
774.35,-4.83,0.12,0,-36.75,95726,1621617271.3261
774.35,-4.83,0.12,0,-36.75,95747,1621617271.34218
774.35,-4.83,0.12,0,-36.75,95766,1621617271.36362
774.35,-4.83,0.12,0,-36.75,95787,1621617271.38411
774.35,-4.83,0.12,0,-36.75,95807,1621617271.40494
774.35,-4.83,0.12,0,-36.75,95826,1621617271.42463
774.35,-4.83,0.12,0,-36.75,95847,1621617271.44461
774.35,-4.83,0.12,0,-36.75,95866,1621617271.47038
774.35,-4.83,0.12,0,-36.75,95887,1621617271.48592
774.35,-4.83,0.12,0,-36.75,95906,1621617271.5054
774.35,-4.83,0.12,0,-36.75,95927,1621617271.52658
774.35,-4.83,0.12,0,-36.75,95946,1621617271.54327
774.35,-4.83,0.12,0,-36.75,95967,1621617271.56473
774.35,-4.83,0.12,0,-36.75,95986,1621617271.58466
774.35,-4.83,0.12,0,-36.75,96007,1621617271.60613
774.35,-4.83,0.12,0,-36.75,96026,1621617271.62621
774.35,-4.83,0.12,0,-36.75,96047,1621617271.64635
774.35,-4.83,0.12,0,-36.75,96066,1621617271.66652
774.35,-4.83,0.12,0,-36.75,96087,1621617271.68655
774.35,-4.83,0.12,0,-36.75,96106,1621617271.70695
774.35,-4.83,0.12,0,-36.75,96126,1621617271.72372
774.35,-4.83,0.12,0,-36.75,96147,1621617271.74377
774.35,-4.83,0.12,0,-36.75,96166,1621617271.76453
774.35,-4.83,0.12,0,-36.75,96187,1621617271.7876
774.35,-4.83,0.12,0,-36.75,96206,1621617271.81203
774.35,-4.83,0.12,0,-36.75,96227,1621617271.82704
774.35,-4.83,0.12,0,-36.75,96246,1621617271.84617
774.35,-4.83,0.12,0,-36.75,96267,1621617271.86642
774.35,-4.83,0.12,0,-36.75,96286,1621617271.88649
774.35,-4.83,0.12,0,-36.75,96307,1621617271.90301
774.35,-4.83,0.12,0,-36.75,96326,1621617271.93091
774.35,-4.83,0.12,0,-36.75,96347,1621617271.95301
774.35,-4.83,0.12,0,-36.75,96366,1621617271.96571
774.35,-4.83,0.12,0,-36.75,96387,1621617271.98513
774.35,-4.83,0.12,0,-36.75,96406,1621617272.00583
774.35,-4.83,0.12,0,-36.75,96427,1621617272.03179
774.35,-4.83,0.12,0,-36.75,96447,1621617272.05132
774.35,-4.83,0.12,0,-36.75,96466,1621617272.06867
774.35,-4.83,0.12,0,-36.75,96486,1621617272.08385
774.35,-4.83,0.12,0,-36.75,96506,1621617272.10495
774.35,-4.83,0.12,0,-36.75,96527,1621617272.13049
774.35,-4.83,0.12,0,-36.75,96546,1621617272.14914
774.35,-4.83,0.12,0,-36.75,96567,1621617272.17703
774.35,-4.83,0.12,0,-36.75,96586,1621617272.1876
774.35,-4.83,0.12,0,-36.75,96607,1621617272.20705
774.35,-4.83,0.12,0,-36.75,96626,1621617272.22655
774.35,-4.83,0.12,0,-36.75,96647,1621617272.24747
774.35,-4.83,0.12,0,-36.75,96666,1621617272.26465
774.35,-4.83,0.12,0,-36.75,96687,1621617272.28496
774.35,-4.83,0.12,0,-36.75,96706,1621617272.30456
774.35,-4.83,0.12,0,-36.75,96727,1621617272.32592
774.35,-4.83,0.12,0,-36.75,96747,1621617272.34761
774.35,-4.83,0.12,0,-36.75,96766,1621617272.366
774.35,-4.83,0.12,0,-36.75,96787,1621617272.3875
774.35,-4.83,0.12,0,-36.75,96806,1621617272.40765
774.35,-4.83,0.12,0,-36.75,96827,1621617272.429
774.35,-4.83,0.12,0,-36.75,96846,1621617272.44436
774.35,-4.83,0.12,0,-36.75,96867,1621617272.46435
774.35,-4.83,0.12,0,-36.75,96886,1621617272.48549
774.35,-4.83,0.12,0,-36.75,96907,1621617272.50551
774.35,-4.83,0.12,0,-36.75,96926,1621617272.52667
774.35,-4.83,0.12,0,-36.75,96947,1621617272.54669
774.35,-4.83,0.12,0,-36.75,96966,1621617272.56695
774.35,-4.83,0.12,0,-36.75,96987,1621617272.58748
774.35,-4.83,0.12,0,-36.75,97006,1621617272.60821
774.35,-4.83,0.12,0,-36.75,97027,1621617272.62555
774.35,-4.83,0.12,0,-36.75,97046,1621617272.64565
774.35,-4.83,0.12,0,-36.75,97067,1621617272.66532
774.35,-4.83,0.12,0,-36.75,97086,1621617272.68719
774.35,-4.83,0.12,0,-36.75,97106,1621617272.71689
774.35,-4.83,0.12,0,-36.75,97127,1621617272.72704
774.35,-4.83,0.12,0,-36.75,97146,1621617272.74693
774.35,-4.83,0.12,0,-36.75,97167,1621617272.76704
774.35,-4.83,0.12,0,-36.75,97186,1621617272.78847
774.35,-4.83,0.12,0,-36.75,97207,1621617272.80401
774.35,-4.83,0.12,0,-36.75,97226,1621617272.82577
774.35,-4.83,0.12,0,-36.75,97247,1621617272.84549
774.35,-4.83,0.12,0,-36.75,97266,1621617272.8656
774.35,-4.83,0.12,0,-36.75,97287,1621617272.90134
774.35,-4.83,0.12,0,-36.75,97306,1621617272.91532
774.35,-4.83,0.12,0,-36.75,97327,1621617272.92882
774.35,-4.83,0.12,0,-36.75,97346,1621617272.95384
774.35,-4.83,0.12,0,-36.75,97367,1621617272.968
774.35,-4.83,0.12,0,-36.75,97387,1621617272.98914
774.35,-4.83,0.12,0,-36.75,97406,1621617273.01786
774.35,-4.83,0.12,0,-36.75,97427,1621617273.02801
774.35,-4.83,0.12,0,-36.75,97446,1621617273.04576
774.35,-4.83,0.12,0,-36.75,97467,1621617273.06587
774.35,-4.83,0.12,0,-36.75,97486,1621617273.08619
774.35,-4.83,0.12,0,-36.75,97507,1621617273.10796
774.35,-4.83,0.12,0,-36.75,97526,1621617273.12908
774.35,-4.83,0.12,0,-36.75,97547,1621617273.15319
774.35,-4.83,0.12,0,-36.75,97566,1621617273.17159
774.35,-4.83,0.12,0,-36.75,97587,1621617273.18526
774.35,-4.83,0.12,0,-36.75,97606,1621617273.20592
774.35,-4.83,0.12,0,-36.75,97627,1621617273.22628
774.35,-4.83,0.12,0,-36.75,97646,1621617273.24702
774.35,-4.83,0.12,0,-36.75,97667,1621617273.26772
774.35,-4.83,0.12,0,-36.75,97686,1621617273.2876
774.35,-4.83,0.12,0,-36.75,97707,1621617273.30906
774.35,-4.83,0.12,0,-36.75,97727,1621617273.32961
