775.93,3.82,0,0,39.55,63017,1621611785.58728
775.93,3.82,0,0,39.55,63037,1621611785.59075
775.93,3.82,0,0,39.55,63057,1621611785.59178
775.93,3.82,0,0,39.55,63077,1621611785.5926
775.93,3.82,0,0,39.55,63097,1621611785.59331
775.93,3.82,0,0,39.55,63117,1621611785.59401
775.93,3.82,0,0,39.55,63137,1621611785.59464
775.93,3.82,0,0,39.55,63157,1621611785.59569
775.93,3.82,0,0,39.55,63177,1621611785.62503
775.93,3.82,0,0,39.55,63197,1621611785.64959
775.93,3.82,0,0,39.55,63217,1621611785.65098
775.93,3.82,0,0,39.55,63237,1621611785.67626
775.93,3.82,0,0,39.55,63257,1621611785.69223
775.93,3.82,0,0,39.55,63277,1621611785.71796
775.93,3.82,0,0,39.55,63297,1621611785.7437
775.93,3.82,0,0,39.55,63318,1621611785.75627
775.93,3.82,0,0,39.55,63337,1621611785.77292
775.93,3.82,0,0,39.55,63357,1621611785.79369
775.93,3.82,0,0,39.55,63377,1621611785.80989
775.93,3.82,0,0,39.55,63397,1621611785.83294
775.93,3.82,0,0,39.55,63417,1621611785.85201
775.93,3.82,0,0,39.55,63437,1621611785.87257
775.93,3.82,0,0,39.55,63457,1621611785.89196
775.93,3.82,0,0,39.55,63477,1621611785.91969
775.93,3.82,0,0,39.55,63497,1621611785.9447
775.93,3.82,0,0,39.55,63517,1621611785.95831
775.93,3.82,0,0,39.55,63537,1621611785.97734
775.93,3.82,0,0,39.55,63557,1621611785.99392
775.93,3.82,0,0,39.55,63577,1621611786.01161
775.93,3.82,0,0,39.55,63597,1621611786.03305
775.93,3.82,0,0,39.55,63618,1621611786.05339
775.93,3.82,0,0,39.55,63637,1621611786.07389
775.93,3.82,0,0,39.55,63657,1621611786.0944
775.93,3.82,0,0,39.55,63677,1621611786.11541
775.93,3.82,0,0,39.55,63697,1621611786.13536
775.93,3.82,0,0,39.55,63717,1621611786.15518
775.93,3.82,0,0,39.55,63737,1621611786.17167
775.93,3.82,0,0,39.55,63757,1621611786.19197
775.93,3.82,0,0,39.55,63777,1621611786.21425
775.93,3.82,0,0,39.55,63797,1621611786.23299
775.93,3.82,0,0,39.55,63817,1621611786.25325
775.93,3.82,0,0,39.55,63837,1621611786.27415
775.93,3.82,0,0,39.55,63857,1621611786.29426
775.93,3.82,0,0,39.55,63877,1621611786.31547
775.93,3.82,0,0,39.55,63897,1621611786.33654
775.93,3.82,0,0,39.55,63917,1621611786.3512
775.93,3.82,0,0,39.55,63937,1621611786.37149
775.93,3.82,0,0,39.55,63958,1621611786.39186
775.93,3.82,0,0,39.55,63977,1621611786.41565
775.93,3.82,0,0,39.55,63997,1621611786.43635
775.93,3.82,0,0,39.55,64017,1621611786.45318
775.93,3.82,0,0,39.55,64037,1621611786.47409
775.93,3.82,0,0,39.55,64057,1621611786.5004
775.93,3.82,0,0,39.55,64077,1621611786.51629
775.93,3.82,0,0,39.55,64097,1621611786.53148
775.93,3.82,0,0,39.55,64117,1621611786.55151
775.93,3.82,0,0,39.55,64137,1621611786.5727
775.93,3.82,0,0,39.55,64157,1621611786.59495
775.93,3.82,0,0,39.55,64177,1621611786.61565
775.93,3.82,0,0,39.55,64197,1621611786.63652
775.93,3.82,0,0,39.55,64217,1621611786.65465
775.93,3.82,0,0,39.55,64237,1621611786.6748
775.93,3.82,0,0,39.55,64258,1621611786.69585
775.93,3.82,0,0,39.55,64277,1621611786.71589
775.93,3.82,0,0,39.55,64297,1621611786.73274
775.93,3.82,0,0,39.55,64317,1621611786.75303
775.93,3.82,0,0,39.55,64337,1621611786.77386
775.93,3.82,0,0,39.55,64357,1621611786.79592
775.93,3.82,0,0,39.55,64377,1621611786.81859
775.93,3.82,0,0,39.55,64397,1621611786.83437
775.93,3.82,0,0,39.55,64417,1621611786.85499
775.93,3.82,0,0,39.55,64437,1621611786.8752
775.93,3.82,0,0,39.55,64457,1621611786.89524
775.93,3.82,0,0,39.55,64477,1621611786.91206
775.93,3.82,0,0,39.55,64497,1621611786.9331
775.93,3.82,0,0,39.55,64517,1621611786.95333
775.93,3.82,0,0,39.55,64537,1621611786.97446
775.93,3.82,0,0,39.55,64557,1621611786.99711
775.93,3.82,0,0,39.55,64577,1621611787.01592
775.93,3.82,0,0,39.55,64598,1621611787.03519
775.93,3.82,0,0,39.55,64617,1621611787.05539
775.93,3.82,0,0,39.55,64637,1621611787.07664
775.93,3.82,0,0,39.55,64657,1621611787.09243
775.93,3.82,0,0,39.55,64677,1621611787.11292
775.93,3.82,0,0,39.55,64697,1621611787.13435
775.93,3.82,0,0,39.55,64717,1621611787.15508
775.93,3.82,0,0,39.55,64737,1621611787.17627
775.93,3.82,0,0,39.55,64757,1621611787.19587
775.93,3.82,0,0,39.55,64777,1621611787.21618
775.93,3.82,0,0,39.55,64797,1621611787.23794
775.93,3.82,0,0,39.55,64817,1621611787.25585
775.93,3.82,0,0,39.55,64837,1621611787.27299
775.93,3.82,0,0,39.55,64857,1621611787.2937
775.93,3.82,0,0,39.55,64877,1621611787.31382
775.93,3.82,0,0,39.55,64898,1621611787.33421
775.93,3.82,0,0,39.55,64917,1621611787.35877
775.93,3.82,0,0,39.55,64937,1621611787.37618
775.93,3.82,0,0,39.55,64957,1621611787.39532
775.93,3.82,0,0,39.55,64977,1621611787.41706
775.93,3.82,0,0,39.55,64997,1621611787.43628
775.93,3.82,0,0,39.55,65017,1621611787.45309
775.93,3.82,0,0,39.55,65037,1621611787.47371
775.93,3.82,0,0,39.55,65057,1621611787.49499
775.93,3.82,0,0,39.55,65077,1621611787.51507
775.93,3.82,0,0,39.55,65097,1621611787.53542
775.93,3.82,0,0,39.55,65117,1621611787.55556
775.93,3.82,0,0,39.55,65137,1621611787.57697
775.93,3.82,0,0,39.55,65157,1621611787.59848
775.93,3.82,0,0,39.55,65177,1621611787.61749
775.93,3.82,0,0,39.55,65197,1621611787.6347
775.93,3.82,0,0,39.55,65217,1621611787.65523
775.93,3.82,0,0,39.55,65238,1621611787.67569
775.93,3.82,0,0,39.55,65257,1621611787.69737
775.93,3.82,0,0,39.55,65277,1621611787.71607
775.93,3.82,0,0,39.55,65297,1621611787.7362
775.93,3.82,0,0,39.55,65317,1621611787.75668
775.93,3.82,0,0,39.55,65337,1621611787.77678
775.93,3.82,0,0,39.55,65357,1621611787.80537
775.93,3.82,0,0,39.55,65377,1621611787.81544
775.93,3.82,0,0,39.55,65397,1621611787.83495
775.93,3.82,0,0,39.55,65417,1621611787.85518
775.93,3.82,0,0,39.55,65437,1621611787.87551
775.93,3.82,0,0,39.55,65457,1621611787.89652
775.93,3.82,0,0,39.55,65477,1621611787.91595
775.93,3.82,0,0,39.55,65497,1621611787.94135
775.93,3.82,0,0,39.55,65517,1621611787.95667
775.93,3.82,0,0,39.55,65538,1621611787.97865
775.93,3.82,0,0,39.55,65557,1621611787.99523
775.93,3.82,0,0,39.55,65577,1621611788.01441
775.93,3.82,0,0,39.55,65597,1621611788.03463
775.93,3.82,0,0,39.55,65617,1621611788.05514
775.93,3.82,0,0,39.55,65637,1621611788.0757
775.93,3.82,0,0,39.55,65657,1621611788.0961
775.93,3.82,0,0,39.55,65677,1621611788.11636
775.93,3.82,0,0,39.55,65697,1621611788.13767
775.93,3.82,0,0,39.55,65717,1621611788.16235
775.93,3.82,0,0,39.55,65737,1621611788.17654
775.93,3.82,0,0,39.55,65757,1621611788.19707
775.93,3.82,0,0,39.55,65777,1621611788.21834
775.93,3.82,0,0,39.55,65797,1621611788.2393
775.93,3.82,0,0,39.55,65817,1621611788.25973
775.93,3.82,0,0,39.55,65837,1621611788.27604
775.93,3.82,0,0,39.55,65857,1621611788.29608
775.93,3.82,0,0,39.55,65878,1621611788.31675
775.93,3.82,0,0,39.55,65897,1621611788.3372
775.93,3.82,0,0,39.55,65917,1621611788.35789
775.93,3.82,0,0,39.55,65937,1621611788.38061
775.93,3.82,0,0,39.55,65957,1621611788.3953
775.93,3.82,0,0,39.55,65977,1621611788.41563
775.93,3.82,0,0,39.57,65996,1621611788.43662
775.93,3.82,0,0,39.57,66017,1621611788.45696
775.93,3.82,0,0,39.57,66036,1621611788.47778
775.93,3.82,0,0,39.57,66057,1621611788.49913
775.93,3.82,0,0,39.57,66076,1621611788.51767
775.93,3.82,0,0,39.57,66097,1621611788.53413
775.93,3.82,0,0,39.57,66117,1621611788.55582
775.93,3.82,0,0,39.57,66137,1621611788.5756
775.93,3.82,0,0,39.57,66157,1621611788.59571
775.93,3.82,0,0,39.57,66177,1621611788.6159
775.93,3.82,0,0,39.57,66197,1621611788.63608
775.93,3.82,0,0,39.57,66216,1621611788.6576
775.93,3.82,0,0,39.57,66237,1621611788.67707
775.93,3.82,0,0,39.58,66256,1621611788.69827
775.93,3.82,0,0,39.58,66277,1621611788.71412
775.93,3.82,0,0,39.58,66296,1621611788.73592
775.93,3.82,0,0,39.58,66317,1621611788.75865
775.93,3.82,0,0,39.6,66336,1621611788.7774
775.93,3.82,0,0,39.62,66357,1621611788.79609
775.93,3.82,0,0,39.63,66377,1621611788.81834
775.93,3.82,0,0,39.65,66397,1621611788.83817
775.93,3.82,0,0,39.67,66417,1621611788.85819
775.93,3.82,0,0,39.7,66437,1621611788.87845
775.93,3.82,0,0,39.33,66457,1621611788.89554
775.93,3.82,0,0,38.42,66477,1621611788.91615
775.93,3.82,0,0,37.43,66497,1621611788.93679
775.93,3.82,0,0,36.38,66516,1621611788.95673
775.93,3.82,0,0,35.45,66537,1621611788.97717
775.93,3.82,0,0,34.83,66556,1621611788.9976
775.93,3.82,0,0,34.3,66577,1621611789.01866
775.93,3.82,0,0,33.58,66596,1621611789.03826
775.93,3.82,0,0,32.92,66617,1621611789.05958
775.93,3.82,0,0,32.45,66636,1621611789.07554
775.93,3.82,0,0,32.27,66657,1621611789.09592
775.93,3.82,0,0,32.27,66676,1621611789.11772
775.93,3.82,0,0,32.27,66697,1621611789.13765
775.93,3.82,0,0,32.27,66716,1621611789.15707
775.93,3.82,0,0,32.28,66737,1621611789.17772
775.93,3.82,0,0,32.28,66757,1621611789.19886
775.93,3.82,0,0,32.28,66777,1621611789.21968
775.93,3.82,0,0,32.28,66797,1621611789.23943
775.93,3.82,0,0,32.28,66818,1621611789.25994
775.93,3.82,0,0,32.32,66837,1621611789.27596
775.93,3.82,0,0,32.35,66856,1621611789.29627
775.93,3.82,0,0,32.42,66877,1621611789.31962
775.93,3.82,0,0,32.68,66896,1621611789.33895
775.93,3.82,0,0,32.95,66917,1621611789.35887
775.93,3.82,0,0,33.08,66936,1621611789.38048
775.93,3.82,0,0,33.2,66957,1621611789.39847
775.93,3.82,0,0,33.32,66977,1621611789.41865
775.93,3.82,0,0,33.5,66997,1621611789.43536
775.93,3.82,0,0,33.78,67017,1621611789.45561
775.93,3.82,0,0,34.1,67037,1621611789.477
775.93,3.82,0,0,34.43,67057,1621611789.49816
775.93,3.82,0,0,34.87,67077,1621611789.51891
775.93,3.82,0,0,35.32,67097,1621611789.54287
775.93,3.82,0,0,35.82,67117,1621611789.55876
775.93,3.82,0,0,36.3,67137,1621611789.57862
775.93,3.82,0,0,36.77,67156,1621611789.59908
775.93,3.82,0,0,37.2,67177,1621611789.61644
775.93,3.82,0,0,37.6,67196,1621611789.63652
775.93,3.82,0,0,38.02,67217,1621611789.65609
775.93,3.82,0,0,38.4,67236,1621611789.67674
775.93,3.82,0,0,38.78,67257,1621611789.69786
775.93,3.82,0,0,39.13,67276,1621611789.71841
775.93,3.82,0,0,39.5,67297,1621611789.74691
775.93,3.82,0,0,39.82,67317,1621611789.76005
775.93,3.82,0,0,40.12,67337,1621611789.77961
775.93,3.82,0,0,40.42,67357,1621611789.79993
775.93,3.82,0,0,40.72,67377,1621611789.81662
775.93,3.82,0,0,41.03,67397,1621611789.83651
775.93,3.82,0,0,41.35,67417,1621611789.85741
775.93,3.82,0,0,41.6,67437,1621611789.88009
775.93,3.82,0,0,41.75,67457,1621611789.90247
775.93,3.82,0,0,41.82,67477,1621611789.92018
775.93,3.82,0,0,41.82,67497,1621611789.93926
775.93,3.82,0,0,41.82,67517,1621611789.96821
775.93,3.82,0,0,41.83,67536,1621611789.98008
775.93,3.82,0,0,41.83,67557,1621611789.99666
775.93,3.82,0,0,41.83,67576,1621611790.01746
775.93,3.82,0,0,41.83,67597,1621611790.03773
775.93,3.82,0,0,41.83,67616,1621611790.05775
775.93,3.82,0,0,41.83,67637,1621611790.07928
775.93,3.82,0,0,41.83,67656,1621611790.09981
775.93,3.82,0,0,41.83,67677,1621611790.12146
775.93,3.82,0,0,41.83,67697,1621611790.13972
775.93,3.82,0,0,41.83,67717,1621611790.16009
775.93,3.82,0,0,41.83,67737,1621611790.17606
775.93,3.82,0,0,41.83,67757,1621611790.19669
775.93,3.82,0,0,41.83,67777,1621611790.21697
775.93,3.82,0,0,41.83,67796,1621611790.24022
775.93,3.82,0,0,41.83,67817,1621611790.25985
775.93,3.82,0,0,41.83,67836,1621611790.28305
775.93,3.82,0,0,41.83,67857,1621611790.30101
775.93,3.82,0,0,41.83,67876,1621611790.32157
775.93,3.82,0,0,41.83,67897,1621611790.33766
775.93,3.82,0,0,41.83,67916,1621611790.35757
775.93,3.82,0,0,41.83,67937,1621611790.37688
775.93,3.82,0,0,41.83,67956,1621611790.39833
775.93,3.82,0,0,41.83,67977,1621611790.41928
775.93,3.82,0,0,41.83,67996,1621611790.44
775.93,3.82,0,0,41.83,68017,1621611790.46026
775.93,3.82,0,0,41.83,68037,1621611790.48048
775.93,3.82,0,0,41.83,68057,1621611790.50221
775.93,3.82,0,0,41.83,68077,1621611790.52094
775.93,3.82,0,0,41.83,68097,1621611790.53851
775.93,3.82,0,0,41.83,68117,1621611790.56006
775.93,3.82,0,0,41.83,68136,1621611790.58397
775.93,3.82,0,0,41.83,68157,1621611790.59842
775.93,3.82,0,0,41.83,68176,1621611790.61955
775.93,3.82,0,0,41.85,68197,1621611790.63937
775.93,3.82,0,0,41.85,68216,1621611790.65991
775.93,3.82,0,0,41.85,68237,1621611790.68041
775.93,3.82,0,0,41.85,68256,1621611790.7021
775.93,3.82,0,0,41.85,68277,1621611790.71923
775.93,3.82,0,0,41.85,68296,1621611790.74011
775.93,3.82,0,0,41.85,68317,1621611790.76061
775.93,3.82,0,0,41.85,68336,1621611790.7815
775.93,3.82,0,0,41.85,68357,1621611790.80432
775.93,3.82,0,0,41.85,68377,1621611790.82133
775.93,3.82,0,0,41.85,68397,1621611790.84046
775.93,3.82,0,0,41.85,68417,1621611790.86096
775.93,3.82,0,0,41.85,68436,1621611790.88131
775.93,3.82,0,0,41.85,68457,1621611790.89825
775.93,3.82,0,0,41.85,68476,1621611790.91792
775.93,3.82,0,0,41.85,68497,1621611790.94751
775.93,3.82,0,0,41.85,68516,1621611790.96217
775.93,3.82,0,0,41.85,68537,1621611790.98268
775.93,3.82,0,0,41.85,68556,1621611790.99954
775.93,3.82,0,0,41.85,68577,1621611791.01987
775.93,3.82,0,0,41.85,68596,1621611791.04683
775.93,3.82,0,0,41.85,68617,1621611791.06387
775.93,3.82,0,0,41.83,68637,1621611791.07795
775.93,3.82,0,0,41.83,68657,1621611791.09807
775.93,3.82,0,0,41.83,68677,1621611791.12145
775.93,3.82,0,0,41.83,68697,1621611791.14222
775.93,3.82,0,0,41.83,68717,1621611791.16059
775.93,3.82,0,0,41.83,68737,1621611791.18088
775.93,3.82,0,0,41.83,68757,1621611791.2006
775.93,3.82,0,0,41.83,68776,1621611791.22719
775.93,3.82,0,0,41.83,68797,1621611791.24717
775.93,3.82,0,0,41.8,68816,1621611791.26232
775.93,3.82,0,0,41.73,68837,1621611791.27779
775.93,3.82,0,0,41.65,68856,1621611791.29911
775.93,3.82,0,0,41.58,68877,1621611791.31976
775.93,3.82,0,0,41.55,68897,1621611791.34072
775.93,3.82,0,0,41.55,68917,1621611791.36303
775.93,3.82,0,0,41.55,68937,1621611791.3831
775.93,3.82,0,0,41.55,68957,1621611791.40674
775.93,3.82,0,0,41.55,68977,1621611791.42467
775.93,3.82,0,0,41.55,68997,1621611791.44199
775.93,3.82,0,0,41.55,69017,1621611791.45883
775.93,3.82,0,0,41.55,69037,1621611791.47901
775.93,3.82,0,0,41.55,69057,1621611791.4995
775.93,3.82,0,0,41.55,69078,1621611791.52049
775.93,3.82,0,0,41.55,69097,1621611791.54164
775.93,3.82,0,0,41.55,69117,1621611791.56189
775.93,3.82,0,0,41.55,69137,1621611791.58239
775.93,3.82,0,0,41.55,69157,1621611791.6028
775.93,3.82,0,0,41.55,69177,1621611791.62459
775.93,3.82,0,0,41.55,69197,1621611791.63973
775.93,3.82,0,0,41.55,69217,1621611791.65997
775.93,3.82,0,0,41.55,69237,1621611791.68056
775.93,3.82,0,0,41.55,69257,1621611791.70091
775.93,3.82,0,0,41.55,69277,1621611791.72177
775.93,3.82,0,0,41.55,69297,1621611791.7485
775.93,3.82,0,0,41.55,69317,1621611791.76311
775.93,3.82,0,0,41.53,69337,1621611791.78301
775.93,3.82,0,0,41.52,69357,1621611791.79894
775.93,3.82,0,0,41.45,69377,1621611791.82837
775.93,3.82,0,0,41.3,69397,1621611791.84046
775.93,3.82,0,0,41.05,69416,1621611791.86075
775.93,3.82,0,0,40.72,69437,1621611791.88108
775.93,3.82,0,0,40.32,69456,1621611791.90143
775.93,3.82,0,0,39.85,69477,1621611791.92904
775.93,3.82,0,0,39.38,69496,1621611791.94391
775.93,3.82,0,0,38.98,69517,1621611791.96248
775.93,3.82,0,0,38.63,69537,1621611791.98244
775.93,3.82,0,0,38.37,69557,1621611791.99918
775.93,3.82,0,0,38.17,69577,1621611792.02044
775.93,3.82,0,0,38.03,69597,1621611792.04018
775.93,3.82,0,0,37.97,69617,1621611792.0602
775.93,3.82,0,0,37.92,69637,1621611792.08199
775.93,3.82,0,0,37.9,69657,1621611792.10228
775.93,3.82,0,0,37.9,69677,1621611792.12229
775.93,3.82,0,0,37.9,69697,1621611792.14297
775.93,3.82,0,0,37.9,69716,1621611792.16325
775.93,3.82,0,0,37.9,69737,1621611792.18161
775.93,3.82,0,0,37.9,69756,1621611792.20864
775.93,3.82,0,0,37.9,69777,1621611792.22487
775.93,3.82,0,0,37.9,69796,1621611792.24123
775.93,3.82,0,0,37.9,69817,1621611792.26109
775.93,3.82,0,0,37.9,69836,1621611792.28146
775.93,3.82,0,0,37.9,69857,1621611792.3021
775.93,3.82,0,0,37.9,69876,1621611792.32316
775.93,3.82,0,0,37.9,69897,1621611792.34358
775.93,3.82,0,0,37.9,69916,1621611792.35921
775.93,3.82,0,0,37.9,69937,1621611792.3799
775.93,3.82,0,0,37.9,69957,1621611792.40097
775.93,3.82,0,0,37.9,69977,1621611792.42456
775.93,3.82,0,0,37.9,69997,1621611792.44456
775.93,3.82,0,0,37.9,70017,1621611792.46183
775.93,3.82,0,0,37.9,70037,1621611792.48167
775.93,3.82,0,0,37.87,70056,1621611792.50325
775.93,3.82,0,0,37.82,70077,1621611792.52349
775.93,3.82,0,0,37.72,70096,1621611792.5395
775.93,3.82,0,0,37.57,70117,1621611792.56097
775.93,3.82,0,0,37.32,70136,1621611792.5817
775.93,3.82,0,0,36.93,70157,1621611792.60222
775.93,3.82,0,0,36.42,70177,1621611792.62303
775.93,3.82,0,0,35.78,70197,1621611792.64303
775.93,3.82,0,0,35.03,70217,1621611792.66393
775.93,3.82,0,0,34.28,70237,1621611792.6841
775.93,3.82,0,0,33.53,70257,1621611792.70489
775.93,3.82,0,0,32.87,70277,1621611792.72224
775.93,3.82,0,0,32.45,70297,1621611792.74144
775.93,3.82,0,0,32.22,70317,1621611792.76165
775.93,3.82,0,0,32.07,70337,1621611792.78221
775.93,3.82,0,0,31.87,70356,1621611792.80252
775.93,3.82,0,0,31.62,70377,1621611792.82348
775.93,3.82,0,0,31.3,70396,1621611792.85012
775.93,3.82,0,0,30.9,70417,1621611792.86575
775.93,3.82,0,0,30.4,70436,1621611792.88426
775.93,3.82,0,0,29.77,70457,1621611792.90138
775.93,3.82,0,0,29.1,70476,1621611792.92055
775.93,3.82,0,0,28.43,70497,1621611792.94073
775.93,3.82,0,0,27.88,70516,1621611792.96216
775.93,3.82,0,0,27.45,70537,1621611792.98526
775.93,3.82,0,0,27.12,70557,1621611793.00633
775.93,3.82,0,0,26.88,70577,1621611793.02269
775.93,3.82,0,0,26.7,70597,1621611793.04315
775.93,3.82,0,0,26.52,70617,1621611793.0637
775.93,3.82,0,0,26.32,70637,1621611793.08102
775.93,3.82,0,0,26.05,70657,1621611793.10141
775.93,3.82,0,0,25.7,70677,1621611793.12151
775.93,3.82,0,0,25.3,70696,1621611793.14236
775.93,3.82,0,0,24.82,70717,1621611793.16282
775.93,3.82,0,0,24.32,70736,1621611793.18429
775.93,3.82,0,0,23.78,70757,1621611793.20433
775.93,3.82,0,0,23.23,70776,1621611793.22434
775.93,3.82,0,0,22.7,70797,1621611793.24465
775.93,3.82,0,0,22.12,70816,1621611793.26171
775.93,3.82,0,0,21.53,70837,1621611793.28199
775.93,3.82,0,0,20.92,70857,1621611793.30246
775.93,3.82,0,0,20.28,70877,1621611793.32283
775.93,3.82,0,0,19.65,70897,1621611793.34359
775.93,3.82,0,0,19,70917,1621611793.36378
775.93,3.82,0,0,18.3,70937,1621611793.38418
775.93,3.82,0,0,17.58,70957,1621611793.40472
775.93,3.82,0,0,16.85,70977,1621611793.43211
775.93,3.82,0,0,16.1,70996,1621611793.44724
775.93,3.82,0,0,15.33,71017,1621611793.4612
775.93,3.82,0,0,14.58,71036,1621611793.48255
775.93,3.82,0,0,13.78,71057,1621611793.50363
775.93,3.82,0,0,13,71076,1621611793.52313
775.93,3.82,0,0,12.18,71097,1621611793.5433
775.93,3.82,0,0,11.37,71117,1621611793.56366
775.93,3.82,0,0,10.55,71137,1621611793.58962
775.93,3.82,0,0,9.77,71156,1621611793.60589
775.93,3.82,0,0,9.03,71177,1621611793.62132
775.93,3.82,0,0,8.35,71196,1621611793.64179
775.93,3.82,0,0,7.68,71217,1621611793.66259
775.93,3.82,0,0,7.07,71237,1621611793.68453
775.93,3.82,0,0,6.55,71257,1621611793.70837
775.93,3.82,0,0,6.03,71277,1621611793.72416
775.93,3.82,0,0,5.55,71297,1621611793.74787
775.93,3.82,0,0,5.12,71317,1621611793.76652
775.93,3.82,0,0,4.72,71336,1621611793.78648
775.93,3.82,0,0,4.35,71357,1621611793.80706
775.93,3.82,0,0,3.98,71376,1621611793.82252
775.93,3.82,0,0,3.62,71397,1621611793.8428
775.93,3.82,0,0,3.22,71416,1621611793.86327
775.93,3.82,0,0,2.83,71437,1621611793.88524
775.93,3.82,0,0,2.47,71456,1621611793.9076
775.93,3.82,0,0,2.12,71477,1621611793.92686
775.93,3.82,0,0,1.77,71496,1621611793.94564
775.93,3.82,0,0,1.43,71517,1621611793.96574
775.93,3.82,0,0,1.1,71536,1621611793.98648
775.93,3.82,0,0,0.75,71557,1621611794.01097
775.93,3.82,0,0,0.38,71577,1621611794.02269
775.93,3.82,0,0,0.02,71597,1621611794.04322
775.93,3.82,0,0,-0.38,71617,1621611794.06368
775.93,3.82,0,0,-0.78,71636,1621611794.08403
775.93,3.82,0,0,-1.17,71657,1621611794.11025
775.93,3.82,0,0,-1.55,71676,1621611794.12619
775.93,3.82,0,0,-1.93,71697,1621611794.14559
775.93,3.82,0,0,-2.32,71716,1621611794.16664
775.93,3.82,0,0,-2.7,71737,1621611794.18238
775.93,3.82,0,0,-3.07,71756,1621611794.20432
775.93,3.82,0,0,-3.43,71777,1621611794.22402
775.93,3.82,0,0,-3.77,71796,1621611794.24479
775.93,3.82,0,0,-4.08,71817,1621611794.26534
775.93,3.82,0,0,-4.33,71837,1621611794.28587
775.93,3.82,0,0,-4.52,71857,1621611794.30593
775.93,3.82,0,0,-4.65,71877,1621611794.32604
775.93,3.82,0,0,-4.75,71897,1621611794.34639
775.93,3.82,0,0,-4.82,71916,1621611794.36461
775.93,3.82,0,0,-4.88,71937,1621611794.38484
775.93,3.82,0,0,-4.93,71957,1621611794.40431
775.93,3.82,0,0,-4.98,71976,1621611794.42329
775.93,3.82,0,0,-5.03,71997,1621611794.44514
775.93,3.82,0,0,-5.08,72016,1621611794.4652
775.93,3.82,0,0,-5.13,72037,1621611794.487
775.93,3.82,0,0,-5.18,72056,1621611794.50507
775.93,3.82,0,0,-5.25,72077,1621611794.52594
775.93,3.82,0,0,-5.32,72096,1621611794.54245
775.93,3.82,0,0,-5.42,72117,1621611794.56303
775.93,3.82,0,0,-5.53,72136,1621611794.58395
775.93,3.82,0,0,-5.65,72157,1621611794.60425
775.93,3.82,0,0,-5.78,72177,1621611794.62419
775.93,3.82,0,0,-5.93,72197,1621611794.6455
775.93,3.82,0,0,-6.07,72217,1621611794.66689
775.93,3.82,0,0,-6.18,72237,1621611794.68621
775.93,3.82,0,0,-6.3,72257,1621611794.7067
775.93,3.82,0,0,-6.4,72276,1621611794.72385
775.93,3.82,0,0,-6.5,72297,1621611794.74426
775.93,3.82,0,0,-6.6,72316,1621611794.76466
775.93,3.82,0,0,-6.72,72337,1621611794.78513
775.93,3.82,0,0,-6.82,72356,1621611794.8061
775.93,3.82,0,0,-6.93,72377,1621611794.82622
775.93,3.82,0,0,-7.05,72396,1621611794.84659
775.93,3.82,0,0,-7.17,72417,1621611794.86693
775.93,3.82,0,0,-7.3,72436,1621611794.88685
775.93,3.82,0,0,-7.43,72457,1621611794.90415
775.93,3.82,0,0,-7.55,72476,1621611794.92544
775.93,3.82,0,0,-7.65,72497,1621611794.9445
775.93,3.82,0,0,-7.73,72517,1621611794.96587
775.93,3.82,0,0,-7.83,72537,1621611794.98643
775.93,3.82,0,0,-7.9,72556,1621611795.00676
775.93,3.82,0,0,-7.97,72577,1621611795.02659
775.93,3.82,0,0,-8.03,72596,1621611795.04662
775.93,3.82,0,0,-8.08,72616,1621611795.06765
775.93,3.82,0,0,-8.13,72637,1621611795.08483
775.93,3.82,0,0,-8.18,72656,1621611795.10553
775.93,3.82,0,0,-8.23,72677,1621611795.12445
775.93,3.82,0,0,-8.28,72696,1621611795.155
775.93,3.82,0,0,-8.33,72717,1621611795.16651
775.93,3.82,0,0,-8.38,72736,1621611795.18631
775.93,3.82,0,0,-8.43,72757,1621611795.20672
775.93,3.82,0,0,-8.48,72776,1621611795.22739
775.93,3.82,0,0,-8.55,72797,1621611795.24752
775.93,3.82,0,0,-8.62,72817,1621611795.26399
775.93,3.82,0,0,-8.68,72837,1621611795.28479
775.93,3.82,0,0,-8.75,72857,1621611795.3052
775.93,3.82,0,0,-8.82,72877,1621611795.32541
775.93,3.82,0,0,-8.88,72896,1621611795.34778
775.93,3.82,0,0,-8.93,72916,1621611795.36688
775.93,3.82,0,0,-8.98,72937,1621611795.38691
775.93,3.82,0,0,-9.02,72956,1621611795.40721
775.93,3.82,0,0,-9.05,72977,1621611795.42757
775.93,3.82,0,0,-9.08,72996,1621611795.44475
775.93,3.82,0,0,-9.12,73017,1621611795.46445
775.93,3.82,0,0,-9.15,73036,1621611795.48586
775.93,3.82,0,0,-9.2,73057,1621611795.50582
775.93,3.82,0,0,-9.27,73076,1621611795.5258
775.93,3.82,0,0,-9.37,73097,1621611795.54648
775.93,3.82,0,0,-9.48,73116,1621611795.56691
775.93,3.82,0,0,-9.65,73137,1621611795.58723
775.93,3.82,0,0,-9.82,73156,1621611795.60853
775.93,3.82,0,0,-9.97,73177,1621611795.62473
775.93,3.82,0,0,-10.1,73197,1621611795.64476
775.93,3.82,0,0,-10.22,73217,1621611795.66605
775.93,3.82,0,0,-10.32,73237,1621611795.68661
775.93,3.82,0,0,-10.42,73256,1621611795.70711
775.93,3.82,0,0,-10.53,73277,1621611795.72771
775.93,3.82,0,0,-10.63,73296,1621611795.74727
775.93,3.82,0,0,-10.75,73317,1621611795.76856
775.93,3.82,0,0,-10.87,73336,1621611795.78902
775.93,3.82,0,0,-10.98,73357,1621611795.80935
775.93,3.82,0,0,-11.08,73377,1621611795.82488
775.93,3.82,0,0,-11.22,73397,1621611795.85523
775.93,3.82,0,0,-11.33,73417,1621611795.86592
775.93,3.82,0,0,-11.47,73437,1621611795.88667
775.93,3.82,0,0,-11.6,73457,1621611795.91051
775.93,3.82,0,0,-11.73,73477,1621611795.92802
775.93,3.82,0,0,-11.85,73497,1621611795.94759
775.93,3.82,0,0,-11.95,73517,1621611795.96783
775.93,3.82,0,0,-12.05,73537,1621611795.98827
775.93,3.82,0,0,-12.17,73556,1621611796.00538
775.93,3.82,0,0,-12.27,73577,1621611796.03012
775.93,3.82,0,0,-12.37,73596,1621611796.04829
775.93,3.82,0,0,-12.45,73617,1621611796.06718
775.93,3.82,0,0,-12.55,73636,1621611796.08704
775.93,3.82,0,0,-12.65,73657,1621611796.1137
775.93,3.82,0,0,-12.77,73676,1621611796.12854
775.93,3.82,0,0,-12.9,73697,1621611796.14878
775.93,3.82,0,0,-13.02,73717,1621611796.16893
775.93,3.82,0,0,-13.15,73737,1621611796.18588
775.93,3.82,0,0,-13.28,73757,1621611796.20591
775.93,3.82,0,0,-13.43,73777,1621611796.22568
775.93,3.82,0,0,-13.57,73797,1621611796.24678
775.93,3.82,0,0,-13.7,73817,1621611796.26715
775.93,3.82,0,0,-13.87,73837,1621611796.2881
775.93,3.82,0,0,-14.02,73857,1621611796.30868
775.93,3.82,0,0,-14.17,73877,1621611796.32901
775.93,3.82,0,0,-14.32,73896,1621611796.34902
775.93,3.82,0,0,-14.43,73917,1621611796.36617
775.93,3.82,0,0,-14.55,73936,1621611796.38636
775.93,3.82,0,0,-14.65,73957,1621611796.40751
775.93,3.82,0,0,-14.75,73976,1621611796.42684
775.93,3.82,0,0,-14.83,73997,1621611796.44805
775.93,3.82,0,0,-14.9,74016,1621611796.46867
775.93,3.82,0,0,-14.97,74037,1621611796.48883
775.93,3.82,0,0,-15.02,74056,1621611796.50996
775.93,3.82,0,0,-15.07,74077,1621611796.52965
775.93,3.82,0,0,-15.12,74097,1621611796.54615
775.93,3.82,0,0,-15.17,74117,1621611796.56677
775.93,3.82,0,0,-15.25,74137,1621611796.58713
775.93,3.82,0,0,-15.33,74157,1621611796.60807
775.93,3.82,0,0,-15.43,74177,1621611796.62751
775.93,3.82,0,0,-15.53,74196,1621611796.64903
775.93,3.82,0,0,-15.65,74217,1621611796.66946
775.93,3.82,0,0,-15.78,74236,1621611796.68968
775.93,3.82,0,0,-15.93,74257,1621611796.7099
775.93,3.82,0,0,-16.08,74276,1621611796.72642
775.93,3.82,0,0,-16.23,74297,1621611796.74674
775.93,3.82,0,0,-16.35,74316,1621611796.76712
775.93,3.82,0,0,-16.45,74337,1621611796.78876
775.93,3.82,0,0,-16.55,74356,1621611796.80864
775.93,3.82,0,0,-16.65,74377,1621611796.82892
775.93,3.82,0,0,-16.73,74397,1621611796.8494
775.93,3.82,0,0,-16.83,74417,1621611796.86962
775.93,3.82,0,0,-16.93,74437,1621611796.89005
775.93,3.82,0,0,-17,74457,1621611796.91074
775.93,3.82,0,0,-17.07,74477,1621611796.92771
775.93,3.82,0,0,-17.13,74497,1621611796.94787
775.93,3.82,0,0,-17.22,74517,1621611796.9681
775.93,3.82,0,0,-17.28,74536,1621611796.98895
775.93,3.82,0,0,-17.38,74557,1621611797.00897
775.93,3.82,0,0,-17.48,74576,1621611797.02927
775.93,3.82,0,0,-17.6,74597,1621611797.05055
775.93,3.82,0,0,-17.73,74616,1621611797.07065
775.93,3.82,0,0,-17.87,74637,1621611797.08673
775.93,3.82,0,0,-18.02,74656,1621611797.10715
775.93,3.82,0,0,-18.17,74677,1621611797.12844
775.93,3.82,0,0,-18.28,74696,1621611797.14841
775.93,3.82,0,0,-18.38,74717,1621611797.16873
775.93,3.82,0,0,-18.47,74737,1621611797.1891
775.93,3.82,0,0,-18.52,74757,1621611797.20989
775.93,3.82,0,0,-18.57,74777,1621611797.23005
775.93,3.82,0,0,-18.62,74797,1621611797.25097
775.93,3.82,0,0,-18.65,74817,1621611797.27112
775.93,3.82,0,0,-18.68,74836,1621611797.28857
775.93,3.82,0,0,-18.72,74857,1621611797.30765
775.93,3.82,0,0,-18.75,74876,1621611797.3305
775.93,3.82,0,0,-18.78,74897,1621611797.34933
775.93,3.82,0,0,-18.83,74916,1621611797.36992
775.93,3.82,0,0,-18.88,74937,1621611797.39039
775.93,3.82,0,0,-18.93,74956,1621611797.4103
775.93,3.82,0,0,-19,74977,1621611797.43169
775.93,3.82,0,0,-19.05,74997,1621611797.45203
775.93,3.82,0,0,-19.13,75017,1621611797.46839
775.93,3.82,0,0,-19.22,75037,1621611797.49041
775.93,3.82,0,0,-19.3,75057,1621611797.5083
775.93,3.82,0,0,-19.38,75077,1621611797.52886
775.93,3.82,0,0,-19.48,75097,1621611797.5486
775.93,3.82,0,0,-19.58,75117,1621611797.56884
775.93,3.82,0,0,-19.7,75137,1621611797.59036
775.93,3.82,0,0,-19.8,75157,1621611797.61094
775.93,3.82,0,0,-19.92,75176,1621611797.63089
775.93,3.82,0,0,-20.02,75197,1621611797.64802
775.93,3.82,0,0,-20.13,75216,1621611797.66936
775.93,3.82,0,0,-20.23,75237,1621611797.69096
775.93,3.82,0,0,-20.33,75256,1621611797.71157
775.93,3.82,0,0,-20.42,75277,1621611797.73044
775.93,3.82,0,0,-20.47,75296,1621611797.75078
775.93,3.82,0,0,-20.53,75317,1621611797.77108
775.93,3.82,0,0,-20.58,75337,1621611797.79967
775.93,3.82,0,0,-20.63,75357,1621611797.813
775.93,3.82,0,0,-20.7,75376,1621611797.8276
775.93,3.82,0,0,-20.75,75397,1621611797.84865
775.93,3.82,0,0,-20.8,75417,1621611797.8691
775.93,3.82,0,0,-20.87,75437,1621611797.88952
775.93,3.82,0,0,-20.93,75457,1621611797.90946
775.93,3.82,0,0,-21,75476,1621611797.93078
775.93,3.82,0,0,-21.07,75497,1621611797.95131
775.93,3.82,0,0,-21.13,75516,1621611797.97554
775.93,3.82,0,0,-21.2,75537,1621611797.99753
775.93,3.82,0,0,-21.27,75557,1621611798.00809
775.93,3.82,0,0,-21.32,75577,1621611798.02812
775.93,3.82,0,0,-21.38,75596,1621611798.0488
775.93,3.82,0,0,-21.43,75617,1621611798.06926
775.93,3.82,0,0,-21.5,75636,1621611798.09009
775.93,3.82,0,0,-21.58,75657,1621611798.10992
775.93,3.82,0,0,-21.67,75677,1621611798.13105
775.93,3.82,0,0,-21.77,75697,1621611798.15129
775.93,3.82,0,0,-21.88,75717,1621611798.17165
775.93,3.82,0,0,-22,75737,1621611798.1889
775.93,3.82,0,0,-22.12,75757,1621611798.21039
775.93,3.82,0,0,-22.22,75777,1621611798.23337
775.93,3.82,0,0,-22.32,75797,1621611798.25067
775.93,3.82,0,0,-22.42,75816,1621611798.27018
775.93,3.82,0,0,-22.48,75837,1621611798.29069
775.93,3.82,0,0,-22.55,75856,1621611798.31128
775.93,3.82,0,0,-22.62,75877,1621611798.33158
775.93,3.82,0,0,-22.68,75896,1621611798.35881
775.93,3.82,0,0,-22.75,75917,1621611798.37022
775.93,3.82,0,0,-22.82,75936,1621611798.38895
775.93,3.82,0,0,-22.88,75957,1621611798.40954
775.93,3.82,0,0,-22.93,75977,1621611798.42961
775.93,3.82,0,0,-23.02,75997,1621611798.46177
775.93,3.82,0,0,-23.1,76016,1621611798.47187
775.93,3.82,0,0,-23.18,76037,1621611798.49212
775.93,3.82,0,0,-23.3,76057,1621611798.51114
775.93,3.82,0,0,-23.4,76077,1621611798.53251
775.93,3.82,0,0,-23.53,76097,1621611798.54802
775.93,3.82,0,0,-23.67,76116,1621611798.56946
775.93,3.82,0,0,-23.8,76137,1621611798.58977
775.93,3.82,0,0,-23.95,76156,1621611798.61063
775.93,3.82,0,0,-24.1,76177,1621611798.63298
775.93,3.82,0,0,-24.25,76196,1621611798.6536
775.93,3.82,0,0,-24.37,76217,1621611798.6723
775.93,3.82,0,0,-24.48,76236,1621611798.69221
775.93,3.82,0,0,-24.57,76257,1621611798.71191
775.93,3.82,0,0,-24.63,76276,1621611798.72875
775.93,3.82,0,0,-24.72,76297,1621611798.74937
775.93,3.82,0,0,-24.77,76316,1621611798.77004
775.93,3.82,0,0,-24.83,76337,1621611798.79246
775.93,3.82,0,0,-24.88,76357,1621611798.81274
775.93,3.82,0,0,-24.95,76377,1621611798.8332
775.93,3.82,0,0,-25.02,76397,1621611798.85618
775.93,3.82,0,0,-25.07,76417,1621611798.87259
775.93,3.82,0,0,-25.15,76437,1621611798.89274
775.93,3.82,0,0,-25.23,76456,1621611798.90854
775.93,3.82,0,0,-25.32,76477,1621611798.92929
775.93,3.82,0,0,-25.4,76496,1621611798.94937
775.93,3.82,0,0,-25.48,76517,1621611798.97097
775.93,3.82,0,0,-25.55,76536,1621611799.0001
775.93,3.82,0,0,-25.6,76557,1621611799.01725
775.93,3.82,0,0,-25.67,76577,1621611799.03176
775.93,3.82,0,0,-25.73,76597,1621611799.05178
775.93,3.82,0,0,-25.8,76617,1621611799.07302
775.93,3.82,0,0,-25.85,76637,1621611799.09328
775.93,3.82,0,0,-25.9,76656,1621611799.1093
775.93,3.82,0,0,-25.93,76677,1621611799.13975
775.93,3.82,0,0,-25.98,76697,1621611799.15207
775.93,3.82,0,0,-26.02,76717,1621611799.17148
775.93,3.82,0,0,-26.05,76737,1621611799.19219
775.93,3.82,0,0,-26.08,76756,1621611799.21851
775.93,3.82,0,0,-26.13,76777,1621611799.2354
775.93,3.82,0,0,-26.18,76796,1621611799.25557
775.93,3.82,0,0,-26.22,76817,1621611799.26982
775.93,3.82,0,0,-26.27,76836,1621611799.28959
775.93,3.82,0,0,-26.32,76857,1621611799.31054
775.93,3.82,0,0,-26.35,76876,1621611799.33145
775.93,3.82,0,0,-26.38,76897,1621611799.35165
775.93,3.82,0,0,-26.42,76916,1621611799.372
775.93,3.82,0,0,-26.47,76937,1621611799.39298
775.93,3.82,0,0,-26.5,76956,1621611799.41419
775.93,3.82,0,0,-26.55,76977,1621611799.4338
775.93,3.82,0,0,-26.6,76997,1621611799.45424
775.93,3.82,0,0,-26.65,77017,1621611799.47031
775.93,3.82,0,0,-26.72,77037,1621611799.49102
775.93,3.82,0,0,-26.8,77057,1621611799.51248
775.93,3.82,0,0,-26.87,77077,1621611799.53248
775.93,3.82,0,0,-26.95,77096,1621611799.55291
775.93,3.82,0,0,-27.02,77117,1621611799.57301
775.93,3.82,0,0,-27.08,77136,1621611799.59822
775.93,3.82,0,0,-27.15,77157,1621611799.61392
775.93,3.82,0,0,-27.2,77177,1621611799.63442
775.93,3.82,0,0,-27.25,77197,1621611799.65026
775.93,3.82,0,0,-27.3,77216,1621611799.67038
775.93,3.82,0,0,-27.33,77237,1621611799.69244
775.93,3.82,0,0,-27.38,77257,1621611799.71272
775.93,3.82,0,0,-27.43,77277,1621611799.73319
775.93,3.82,0,0,-27.48,77296,1621611799.75827
775.93,3.82,0,0,-27.55,77317,1621611799.77385
775.93,3.82,0,0,-27.62,77337,1621611799.79562
775.93,3.82,0,0,-27.68,77357,1621611799.81399
775.93,3.82,0,0,-27.75,77377,1621611799.83101
775.93,3.82,0,0,-27.82,77396,1621611799.85063
775.93,3.82,0,0,-27.87,77417,1621611799.87112
775.93,3.82,0,0,-27.93,77437,1621611799.89325
775.93,3.82,0,0,-27.98,77457,1621611799.9145
775.93,3.82,0,0,-28.03,77476,1621611799.93424
775.93,3.82,0,0,-28.07,77497,1621611799.95331
775.93,3.82,0,0,-28.12,77517,1621611799.9744
775.93,3.82,0,0,-28.18,77537,1621611799.99495
775.93,3.82,0,0,-28.25,77556,1621611800.01063
775.93,3.82,0,0,-28.32,77577,1621611800.03175
775.93,3.82,0,0,-28.42,77597,1621611800.05168
775.93,3.82,0,0,-28.5,77617,1621611800.07235
775.93,3.82,0,0,-28.6,77637,1621611800.09371
775.93,3.82,0,0,-28.68,77657,1621611800.11409
775.93,3.82,0,0,-28.77,77677,1621611800.13491
775.93,3.82,0,0,-28.83,77697,1621611800.15557
775.93,3.82,0,0,-28.92,77717,1621611800.17573
775.93,3.82,0,0,-28.97,77736,1621611800.19139
775.93,3.82,0,0,-29.03,77757,1621611800.2117
775.93,3.82,0,0,-29.1,77776,1621611800.2333
775.93,3.82,0,0,-29.15,77797,1621611800.25343
775.93,3.82,0,0,-29.22,77816,1621611800.27375
775.93,3.82,0,0,-29.28,77837,1621611800.29434
775.93,3.82,0,0,-29.35,77856,1621611800.31465
775.93,3.82,0,0,-29.42,77877,1621611800.33545
775.93,3.82,0,0,-29.47,77897,1621611800.35555
775.93,3.82,0,0,-29.52,77917,1621611800.37637
775.93,3.82,0,0,-29.58,77937,1621611800.39224
775.93,3.82,0,0,-29.65,77957,1621611800.41263
775.93,3.82,0,0,-29.72,77977,1621611800.43398
775.93,3.82,0,0,-29.82,77997,1621611800.45396
775.93,3.82,0,0,-29.9,78017,1621611800.47497
775.93,3.82,0,0,-30,78036,1621611800.50086
775.93,3.82,0,0,-30.08,78057,1621611800.51936
775.93,3.82,0,0,-30.17,78076,1621611800.5349
775.93,3.82,0,0,-30.25,78097,1621611800.56157
775.93,3.82,0,0,-30.32,78117,1621611800.57316
775.93,3.82,0,0,-30.38,78137,1621611800.59525
775.93,3.82,0,0,-30.45,78157,1621611800.61297
775.93,3.82,0,0,-30.52,78177,1621611800.63325
775.93,3.82,0,0,-30.57,78196,1621611800.65349
775.93,3.82,0,0,-30.63,78217,1621611800.67476
775.93,3.82,0,0,-30.7,78237,1621611800.69538
775.93,3.82,0,0,-30.78,78257,1621611800.71542
775.93,3.82,0,0,-30.85,78277,1621611800.73573
775.93,3.82,0,0,-30.92,78297,1621611800.75252
775.93,3.82,0,0,-30.98,78317,1621611800.77269
775.93,3.82,0,0,-31.03,78337,1621611800.79304
775.93,3.82,0,0,-31.1,78357,1621611800.81404
775.93,3.82,0,0,-31.18,78376,1621611800.83519
775.93,3.82,0,0,-31.27,78397,1621611800.85539
775.93,3.82,0,0,-31.35,78416,1621611800.88029
775.93,3.82,0,0,-31.43,78437,1621611800.89618
775.93,3.82,0,0,-31.53,78457,1621611800.91787
775.93,3.82,0,0,-31.62,78477,1621611800.93234
775.93,3.82,0,0,-31.7,78496,1621611800.95273
775.93,3.82,0,0,-31.77,78517,1621611800.97281
775.93,3.82,0,0,-31.83,78536,1621611800.99492
775.93,3.82,0,0,-31.87,78557,1621611801.01487
775.93,3.82,0,0,-31.92,78577,1621611801.03539
775.93,3.82,0,0,-31.93,78597,1621611801.05588
775.93,3.82,0,0,-31.98,78617,1621611801.07654
775.93,3.82,0,0,-32.02,78637,1621611801.09264
775.93,3.82,0,0,-32.05,78657,1621611801.1132
775.93,3.82,0,0,-32.08,78676,1621611801.13373
775.93,3.82,0,0,-32.13,78697,1621611801.15424
775.93,3.82,0,0,-32.18,78716,1621611801.1752
775.93,3.82,0,0,-32.25,78737,1621611801.1968
775.93,3.82,0,0,-32.3,78756,1621611801.21675
775.93,3.82,0,0,-32.38,78777,1621611801.2358
775.93,3.82,0,0,-32.45,78796,1621611801.25599
775.93,3.82,0,0,-32.53,78817,1621611801.27643
775.93,3.82,0,0,-32.62,78836,1621611801.29432
775.93,3.82,0,0,-32.7,78857,1621611801.31376
775.93,3.82,0,0,-32.8,78877,1621611801.34258
775.93,3.82,0,0,-32.87,78897,1621611801.3555
775.93,3.82,0,0,-32.93,78917,1621611801.37484
775.93,3.82,0,0,-33.02,78937,1621611801.39519
775.93,3.82,0,0,-33.08,78957,1621611801.41646
775.93,3.82,0,0,-33.15,78977,1621611801.43651
775.93,3.82,0,0,-33.2,78997,1621611801.457
775.93,3.82,0,0,-33.28,79016,1621611801.47395
775.93,3.82,0,0,-33.35,79037,1621611801.49468
775.93,3.82,0,0,-33.42,79056,1621611801.516
775.93,3.82,0,0,-33.5,79077,1621611801.53701
775.93,3.82,0,0,-33.58,79096,1621611801.55513
775.93,3.82,0,0,-33.65,79117,1621611801.57576
775.93,3.82,0,0,-33.73,79137,1621611801.59596
775.93,3.82,0,0,-33.8,79157,1621611801.61631
775.93,3.82,0,0,-33.87,79177,1621611801.63716
775.93,3.82,0,0,-33.92,79197,1621611801.65394
775.93,3.82,0,0,-33.97,79216,1621611801.67391
775.93,3.82,0,0,-34,79237,1621611801.69395
775.93,3.82,0,0,-34.05,79257,1621611801.7248
775.93,3.82,0,0,-34.1,79277,1621611801.74003
775.93,3.82,0,0,-34.15,79297,1621611801.75595
775.93,3.82,0,0,-34.2,79316,1621611801.77643
775.93,3.82,0,0,-34.25,79337,1621611801.79701
775.93,3.82,0,0,-34.3,79356,1621611801.8174
775.93,3.82,0,0,-34.35,79377,1621611801.83431
775.93,3.82,0,0,-34.38,79397,1621611801.85468
775.93,3.82,0,0,-34.42,79417,1621611801.87427
775.93,3.82,0,0,-34.45,79437,1621611801.89472
775.93,3.82,0,0,-34.48,79457,1621611801.91564
775.93,3.82,0,0,-34.52,79477,1621611801.93792
775.93,3.82,0,0,-34.55,79497,1621611801.95654
775.93,3.82,0,0,-34.58,79517,1621611801.97691
775.93,3.82,0,0,-34.62,79537,1621611801.99733
775.93,3.82,0,0,-34.65,79557,1621611802.01422
775.93,3.82,0,0,-34.67,79577,1621611802.03495
775.93,3.82,0,0,-34.7,79597,1621611802.05515
775.93,3.82,0,0,-34.73,79617,1621611802.0806
775.93,3.82,0,0,-34.77,79637,1621611802.09871
775.93,3.82,0,0,-34.78,79657,1621611802.11582
775.93,3.82,0,0,-34.8,79677,1621611802.13592
775.93,3.82,0,0,-34.82,79696,1621611802.15733
775.93,3.82,0,0,-34.85,79717,1621611802.17782
775.93,3.82,0,0,-34.9,79736,1621611802.19395
775.93,3.82,0,0,-34.95,79757,1621611802.2143
775.93,3.82,0,0,-35.02,79777,1621611802.23634
775.93,3.82,0,0,-35.08,79797,1621611802.25722
775.93,3.82,0,0,-35.17,79816,1621611802.27739
775.93,3.82,0,0,-35.25,79837,1621611802.29822
775.93,3.82,0,0,-35.32,79857,1621611802.32035
775.93,3.82,0,0,-35.4,79877,1621611802.34133
775.93,3.82,0,0,-35.48,79897,1621611802.3572
775.93,3.82,0,0,-35.57,79917,1621611802.37423
775.93,3.82,0,0,-35.63,79937,1621611802.39996
775.93,3.82,0,0,-35.7,79956,1621611802.42443
775.93,3.82,0,0,-35.77,79977,1621611802.4394
775.93,3.82,0,0,-35.85,79996,1621611802.45689
775.93,3.82,0,0,-35.92,80017,1621611802.47788
775.93,3.82,0,0,-35.98,80036,1621611802.49831
775.93,3.82,0,0,-36.07,80057,1621611802.51987
775.93,3.82,0,0,-36.15,80077,1621611802.54353
775.93,3.82,0,0,-36.22,80097,1621611802.55816
775.93,3.82,0,0,-36.28,80116,1621611802.57437
775.93,3.82,0,0,-36.33,80137,1621611802.60368
775.93,3.82,0,0,-36.38,80157,1621611802.62104
775.93,3.82,0,0,-36.43,80177,1621611802.63632
775.93,3.82,0,0,-36.48,80197,1621611802.65742
775.93,3.82,0,0,-36.53,80217,1621611802.67765
775.93,3.82,0,0,-36.57,80237,1621611802.69791
775.93,3.82,0,0,-36.62,80257,1621611802.72673
775.93,3.82,0,0,-36.67,80277,1621611802.73888
775.93,3.82,0,0,-36.72,80296,1621611802.75534
775.93,3.82,0,0,-36.77,80317,1621611802.77567
775.93,3.82,0,0,-36.82,80336,1621611802.7965
775.93,3.82,0,0,-36.88,80357,1621611802.81721
775.93,3.82,0,0,-36.97,80376,1621611802.83815
775.93,3.82,0,0,-37.05,80397,1621611802.85828
775.93,3.82,0,0,-37.12,80417,1621611802.8783
775.93,3.82,0,0,-37.2,80437,1621611802.90307
775.93,3.82,0,0,-37.28,80456,1621611802.91981
775.93,3.82,0,0,-37.35,80477,1621611802.93601
775.93,3.82,0,0,-37.43,80496,1621611802.95528
775.93,3.82,0,0,-37.5,80517,1621611802.9758
775.93,3.82,0,0,-37.57,80536,1621611802.99782
775.93,3.82,0,0,-37.63,80557,1621611803.01869
775.93,3.82,0,0,-37.7,80577,1621611803.0391
775.93,3.82,0,0,-37.77,80596,1621611803.05887
775.93,3.82,0,0,-37.83,80617,1621611803.07921
775.93,3.82,0,0,-37.9,80636,1621611803.09953
775.93,3.82,0,0,-37.97,80657,1621611803.11653
775.93,3.82,0,0,-38.05,80676,1621611803.1373
775.93,3.82,0,0,-38.12,80697,1621611803.15668
775.93,3.82,0,0,-38.18,80717,1621611803.17796
775.93,3.82,0,0,-38.23,80737,1621611803.19853
775.93,3.82,0,0,-38.28,80756,1621611803.21934
775.93,3.82,0,0,-38.35,80777,1621611803.2383
775.93,3.82,0,0,-38.42,80797,1621611803.25852
775.93,3.82,0,0,-38.48,80817,1621611803.27978
775.93,3.82,0,0,-38.55,80837,1621611803.2958
775.93,3.82,0,0,-38.62,80857,1621611803.31709
775.93,3.82,0,0,-38.68,80877,1621611803.33682
775.93,3.82,0,0,-38.75,80897,1621611803.35781
775.93,3.82,0,0,-38.82,80917,1621611803.37821
775.93,3.82,0,0,-38.9,80936,1621611803.39848
775.93,3.82,0,0,-38.97,80957,1621611803.41937
775.93,3.82,0,0,-39.02,80976,1621611803.4389
775.93,3.82,0,0,-39.07,80997,1621611803.4594
775.93,3.82,0,0,-39.12,81017,1621611803.4768
775.93,3.82,0,0,-39.15,81037,1621611803.49918
775.93,3.82,0,0,-39.2,81057,1621611803.51639
775.93,3.82,0,0,-39.25,81077,1621611803.53694
775.93,3.82,0,0,-39.3,81096,1621611803.55793
775.93,3.82,0,0,-39.35,81117,1621611803.57819
775.93,3.82,0,0,-39.38,81137,1621611803.61028
775.93,3.82,0,0,-39.43,81157,1621611803.62265
775.93,3.82,0,0,-39.48,81177,1621611803.63986
775.93,3.82,0,0,-39.52,81197,1621611803.65675
775.93,3.82,0,0,-39.57,81216,1621611803.67703
775.93,3.82,0,0,-39.62,81236,1621611803.69775
775.93,3.82,0,0,-39.67,81257,1621611803.71843
775.93,3.82,0,0,-39.7,81276,1621611803.73831
775.93,3.82,0,0,-39.73,81297,1621611803.75878
775.93,3.82,0,0,-39.78,81316,1621611803.77928
775.93,3.82,0,0,-39.83,81337,1621611803.80055
775.93,3.82,0,0,-39.88,81356,1621611803.81987
775.93,3.82,0,0,-39.93,81377,1621611803.84103
775.93,3.82,0,0,-39.98,81397,1621611803.85685
775.93,3.82,0,0,-40.03,81417,1621611803.8795
775.93,3.82,0,0,-40.07,81437,1621611803.89932
775.93,3.82,0,0,-40.12,81457,1621611803.91836
775.93,3.82,0,0,-40.15,81477,1621611803.93823
775.93,3.82,0,0,-40.18,81497,1621611803.95871
775.93,3.82,0,0,-40.22,81517,1621611803.97996
775.93,3.82,0,0,-40.25,81537,1621611804.00149
775.93,3.82,0,0,-40.3,81557,1621611804.01867
775.93,3.82,0,0,-40.33,81576,1621611804.04446
775.93,3.82,0,0,-40.37,81597,1621611804.05734
775.93,3.82,0,0,-40.42,81616,1621611804.0782
775.93,3.82,0,0,-40.47,81637,1621611804.09822
775.93,3.82,0,0,-40.52,81656,1621611804.11985
775.93,3.82,0,0,-40.57,81677,1621611804.13933
775.93,3.82,0,0,-40.62,81696,1621611804.16019
775.93,3.82,0,0,-40.67,81717,1621611804.1801
775.93,3.82,0,0,-40.72,81736,1621611804.19759
775.93,3.82,0,0,-40.77,81757,1621611804.2175
775.93,3.82,0,0,-40.85,81777,1621611804.23809
775.93,3.82,0,0,-40.93,81797,1621611804.25868
775.93,3.82,0,0,-41,81817,1621611804.27925
775.93,3.82,0,0,-41.07,81837,1621611804.29938
775.93,3.82,0,0,-41.1,81857,1621611804.32017
775.93,3.82,0,0,-41.15,81876,1621611804.34099
775.93,3.82,0,0,-41.18,81897,1621611804.36136
775.93,3.82,0,0,-41.22,81916,1621611804.38211
775.93,3.82,0,0,-41.23,81937,1621611804.4035
775.93,3.82,0,0,-41.27,81956,1621611804.42867
775.93,3.82,0,0,-41.3,81977,1621611804.43973
775.93,3.82,0,0,-41.35,81996,1621611804.45975
775.93,3.82,0,0,-41.37,82017,1621611804.47964
775.93,3.82,0,0,-41.38,82037,1621611804.5015
775.93,3.82,0,0,-41.4,82057,1621611804.52448
775.93,3.82,0,0,-41.42,82076,1621611804.54209
775.93,3.82,0,0,-41.47,82097,1621611804.56162
775.93,3.82,0,0,-41.48,82116,1621611804.57861
775.93,3.82,0,0,-41.53,82137,1621611804.59956
775.93,3.82,0,0,-41.55,82157,1621611804.61974
775.93,3.82,0,0,-41.58,82177,1621611804.63944
775.93,3.82,0,0,-41.63,82197,1621611804.66006
775.93,3.82,0,0,-41.7,82216,1621611804.68236
775.93,3.82,0,0,-41.75,82237,1621611804.70051
775.93,3.82,0,0,-41.82,82256,1621611804.72084
775.93,3.82,0,0,-41.88,82277,1621611804.73779
775.93,3.82,0,0,-41.95,82296,1621611804.75773
775.93,3.82,0,0,-42,82317,1621611804.77823
775.93,3.82,0,0,-42.05,82337,1621611804.79983
775.93,3.82,0,0,-42.1,82357,1621611804.82811
775.93,3.82,0,0,-42.15,82376,1621611804.84578
775.93,3.82,0,0,-42.2,82397,1621611804.86001
775.93,3.82,0,0,-42.23,82416,1621611804.87988
775.93,3.82,0,0,-42.27,82437,1621611804.90131
775.93,3.82,0,0,-42.28,82456,1621611804.91735
775.93,3.82,0,0,-42.3,82477,1621611804.93764
775.93,3.82,0,0,-42.32,82497,1621611804.95892
775.93,3.82,0,0,-42.33,82516,1621611804.98029
775.93,3.82,0,0,-42.35,82537,1621611805.00098
775.93,3.82,0,0,-42.37,82556,1621611805.02833
775.93,3.82,0,0,-42.38,82577,1621611805.04376
775.93,3.82,0,0,-42.4,82596,1621611805.06101
775.93,3.82,0,0,-42.42,82617,1621611805.08103
775.93,3.82,0,0,-42.45,82636,1621611805.10152
775.93,3.82,0,0,-42.48,82657,1621611805.11888
775.93,3.82,0,0,-42.5,82676,1621611805.13832
775.93,3.82,0,0,-42.52,82697,1621611805.15941
775.93,3.82,0,0,-42.55,82717,1621611805.18022
775.93,3.82,0,0,-42.57,82737,1621611805.20261
775.93,3.82,0,0,-42.58,82757,1621611805.22722
775.93,3.82,0,0,-42.62,82777,1621611805.24101
775.93,3.82,0,0,-42.65,82797,1621611805.26089
775.93,3.82,0,0,-42.68,82817,1621611805.28223
775.93,3.82,0,0,-42.72,82837,1621611805.30249
775.93,3.82,0,0,-42.75,82856,1621611805.31907
775.93,3.82,0,0,-42.8,82877,1621611805.33953
775.93,3.82,0,0,-42.87,82897,1621611805.36053
775.93,3.82,0,0,-42.9,82917,1621611805.38158
775.93,3.82,0,0,-42.95,82936,1621611805.40148
775.93,3.82,0,0,-43.03,82957,1621611805.42225
775.93,3.82,0,0,-43.1,82976,1621611805.44234
775.93,3.82,0,0,-43.17,82997,1621611805.46252
775.93,3.82,0,0,-43.25,83016,1621611805.47941
775.93,3.82,0,0,-43.32,83037,1621611805.49972
775.93,3.82,0,0,-43.38,83057,1621611805.52113
775.93,3.82,0,0,-43.43,83077,1621611805.5408
775.93,3.82,0,0,-43.47,83097,1621611805.56179
775.93,3.82,0,0,-43.5,83117,1621611805.58246
775.93,3.82,0,0,-43.53,83137,1621611805.60288
775.93,3.82,0,0,-43.57,83156,1621611805.62855
775.93,3.82,0,0,-43.58,83177,1621611805.64265
775.93,3.82,0,0,-43.6,83196,1621611805.65903
775.93,3.82,0,0,-43.63,83217,1621611805.67941
775.93,3.82,0,0,-43.63,83236,1621611805.71206
775.93,3.82,0,0,-43.63,83257,1621611805.72257
775.93,3.82,0,0,-43.63,83276,1621611805.74095
775.93,3.82,0,0,-43.65,83297,1621611805.76102
775.93,3.82,0,0,-43.65,83317,1621611805.78686
775.93,3.82,0,0,-43.65,83337,1621611805.80311
775.93,3.82,0,0,-43.67,83357,1621611805.82428
775.93,3.82,0,0,-43.67,83377,1621611805.843
775.93,3.82,0,0,-43.68,83397,1621611805.86308
775.93,3.82,0,0,-43.7,83417,1621611805.88318
775.93,3.82,0,0,-43.72,83437,1621611805.90152
775.93,3.82,0,0,-43.73,83457,1621611805.92121
775.93,3.82,0,0,-43.75,83477,1621611805.94171
775.93,3.82,0,0,-43.77,83496,1621611805.96263
775.93,3.82,0,0,-43.78,83517,1621611805.98299
775.93,3.82,0,0,-43.78,83537,1621611806.00334
775.93,3.82,0,0,-43.78,83557,1621611806.02417
775.93,3.82,0,0,-43.78,83577,1621611806.03983
775.93,3.82,0,0,-43.82,83597,1621611806.06113
775.93,3.82,0,0,-43.83,83616,1621611806.08137
775.93,3.82,0,0,-43.83,83637,1621611806.10187
775.93,3.82,0,0,-43.85,83657,1621611806.12301
775.93,3.82,0,0,-43.85,83677,1621611806.14286
775.93,3.82,0,0,-43.88,83696,1621611806.16306
775.93,3.82,0,0,-43.9,83717,1621611806.18387
775.93,3.82,0,0,-43.9,83737,1621611806.20024
775.93,3.82,0,0,-43.92,83757,1621611806.22081
775.93,3.82,0,0,-43.93,83777,1621611806.24132
775.93,3.82,0,0,-43.95,83796,1621611806.26175
775.93,3.82,0,0,-43.97,83817,1621611806.28217
775.93,3.82,0,0,-43.98,83837,1621611806.30215
775.93,3.82,0,0,-44,83857,1621611806.32201
775.93,3.82,0,0,-44.03,83876,1621611806.34306
775.93,3.82,0,0,-44.03,83897,1621611806.36373
775.93,3.82,0,0,-44.03,83916,1621611806.37961
775.93,3.82,0,0,-44.05,83937,1621611806.40047
775.93,3.82,0,0,-44.05,83957,1621611806.42047
775.93,3.82,0,0,-44.05,83977,1621611806.44045
775.93,3.82,0,0,-44.07,83996,1621611806.46199
775.93,3.82,0,0,-44.08,84017,1621611806.48817
775.93,3.82,0,0,-44.08,84037,1621611806.50445
775.93,3.82,0,0,-44.08,84057,1621611806.52269
775.93,3.82,0,0,-44.08,84077,1621611806.54303
775.93,3.82,0,0,-44.08,84097,1621611806.55996
775.93,3.82,0,0,-44.1,84117,1621611806.58663
775.93,3.82,0,0,-44.12,84137,1621611806.61458
775.93,3.82,0,0,-44.12,84157,1621611806.62377
775.93,3.82,0,0,-44.13,84176,1621611806.64179
775.93,3.82,0,0,-44.15,84197,1621611806.66354
775.93,3.82,0,0,-44.15,84216,1621611806.68391
775.93,3.82,0,0,-44.15,84237,1621611806.7048
775.93,3.82,0,0,-44.15,84256,1621611806.72394
775.93,3.82,0,0,-44.15,84277,1621611806.74895
775.93,3.82,0,0,-44.15,84296,1621611806.76311
775.93,3.82,0,0,-44.15,84317,1621611806.78186
775.93,3.82,0,0,-44.15,84336,1621611806.80306
775.93,3.82,0,0,-44.15,84357,1621611806.82223
775.93,3.82,0,0,-44.15,84376,1621611806.84932
775.93,3.82,0,0,-44.15,84397,1621611806.86392
775.93,3.82,0,0,-44.15,84417,1621611806.88406
775.93,3.82,0,0,-44.15,84436,1621611806.90431
775.93,3.82,0,0,-44.15,84457,1621611806.9205
775.93,3.82,0,0,-44.15,84476,1621611806.94939
775.93,3.82,0,0,-44.15,84497,1621611806.96447
775.93,3.82,0,0,-44.15,84516,1621611806.98446
775.93,3.82,0,0,-44.15,84537,1621611807.00663
775.93,3.82,0,0,-44.15,84556,1621611807.02394
775.93,3.82,0,0,-44.15,84577,1621611807.04394
775.93,3.82,0,0,-44.15,84596,1621611807.06425
775.93,3.82,0,0,-44.15,84617,1621611807.08459
775.93,3.82,0,0,-44.15,84636,1621611807.10499
775.93,3.82,0,0,-44.13,84657,1621611807.12393
775.93,3.82,0,0,-44.12,84677,1621611807.14225
775.93,3.82,0,0,-44.12,84697,1621611807.1631
775.93,3.82,0,0,-44.08,84717,1621611807.18241
775.93,3.82,0,0,-44.05,84738,1621611807.20516
775.93,3.82,0,0,-44.03,84757,1621611807.22478
775.93,3.82,0,0,-44,84776,1621611807.24553
775.93,3.82,0,0,-43.95,84797,1621611807.26569
775.93,3.82,0,0,-43.9,84816,1621611807.28619
775.93,3.82,0,0,-43.85,84837,1621611807.30368
775.93,3.82,0,0,-43.82,84856,1621611807.32463
775.93,3.82,0,0,-43.78,84877,1621611807.35136
775.93,3.82,0,0,-43.75,84896,1621611807.36349
775.93,3.82,0,0,-43.72,84917,1621611807.38303
775.93,3.82,0,0,-43.68,84936,1621611807.40391
775.93,3.82,0,0,-43.62,84957,1621611807.42445
775.93,3.82,0,0,-43.57,84977,1621611807.44492
775.93,3.82,0,0,-43.52,84997,1621611807.46516
775.93,3.82,0,0,-43.45,85017,1621611807.48157
775.93,3.82,0,0,-43.35,85037,1621611807.50304
775.93,3.82,0,0,-43.27,85057,1621611807.52577
775.93,3.82,0,0,-43.18,85076,1621611807.55234
775.93,3.82,0,0,-43.07,85097,1621611807.56445
775.93,3.82,0,0,-42.93,85116,1621611807.58405
775.93,3.82,0,0,-42.8,85137,1621611807.60452
775.93,3.82,0,0,-42.67,85156,1621611807.62539
775.93,3.82,0,0,-42.55,85177,1621611807.64575
775.93,3.82,0,0,-42.42,85197,1621611807.66154
775.93,3.82,0,0,-42.32,85217,1621611807.68222
775.93,3.82,0,0,-42.2,85236,1621611807.70314
775.93,3.82,0,0,-42.05,85257,1621611807.73449
775.93,3.82,0,0,-41.88,85277,1621611807.74475
775.93,3.82,0,0,-41.75,85297,1621611807.76418
775.93,3.82,0,0,-41.62,85317,1621611807.78461
775.93,3.82,0,0,-41.52,85337,1621611807.80484
775.93,3.82,0,0,-41.47,85357,1621611807.83121
775.93,3.82,0,0,-41.42,85377,1621611807.84428
775.93,3.82,0,0,-41.38,85397,1621611807.86701
775.93,3.82,0,0,-41.37,85416,1621611807.88627
775.93,3.82,0,0,-41.37,85437,1621611807.90455
775.93,3.82,0,0,-41.37,85456,1621611807.92647
775.93,3.82,0,0,-41.37,85477,1621611807.94655
775.93,3.82,0,0,-41.35,85496,1621611807.96457
775.93,3.82,0,0,-41.35,85517,1621611807.98564
775.93,3.82,0,0,-41.35,85536,1621611808.0054
775.93,3.82,0,0,-41.35,85557,1621611808.02242
775.93,3.82,0,0,-41.35,85576,1621611808.04259
775.93,3.82,0,0,-41.35,85597,1621611808.06475
775.93,3.82,0,0,-41.35,85616,1621611808.09199
775.93,3.82,0,0,-41.35,85637,1621611808.1066
775.93,3.82,0,0,-41.35,85657,1621611808.12545
775.93,3.82,0,0,-41.35,85677,1621611808.1453
775.93,3.82,0,0,-41.35,85697,1621611808.16629
775.93,3.82,0,0,-41.35,85716,1621611808.18648
775.93,3.82,0,0,-41.35,85737,1621611808.20342
775.93,3.82,0,0,-41.35,85756,1621611808.23462
775.93,3.82,0,0,-41.35,85777,1621611808.24534
775.93,3.82,0,0,-41.35,85796,1621611808.26356
775.93,3.82,0,0,-41.33,85817,1621611808.28403
775.93,3.82,0,0,-41.33,85836,1621611808.30537
775.93,3.82,0,0,-41.33,85857,1621611808.32571
775.93,3.82,0,0,-41.33,85876,1621611808.34596
775.93,3.82,0,0,-41.33,85897,1621611808.36599
775.93,3.82,0,0,-41.33,85917,1621611808.38639
775.93,3.82,0,0,-41.33,85937,1621611808.41276
775.93,3.82,0,0,-41.33,85957,1621611808.43155
775.93,3.82,0,0,-41.33,85977,1621611808.4449
775.93,3.82,0,0,-41.33,85997,1621611808.465
775.93,3.82,0,0,-41.33,86017,1621611808.48511
775.93,3.82,0,0,-41.33,86037,1621611808.50498
775.93,3.82,0,0,-41.33,86056,1621611808.52622
775.93,3.82,0,0,-41.33,86077,1621611808.54569
775.93,3.82,0,0,-41.33,86096,1621611808.56613
775.93,3.82,0,0,-41.33,86117,1621611808.58303
775.93,3.82,0,0,-41.33,86136,1621611808.60431
775.93,3.82,0,0,-41.33,86157,1621611808.62513
775.93,3.82,0,0,-41.33,86176,1621611808.64665
775.93,3.82,0,0,-41.33,86197,1621611808.66844
775.93,3.82,0,0,-41.33,86216,1621611808.68986
775.93,3.82,0,0,-41.33,86237,1621611808.7059
775.93,3.82,0,0,-41.33,86257,1621611808.72597
775.93,3.82,0,0,-41.33,86277,1621611808.74759
775.93,3.82,0,0,-41.33,86297,1621611808.76324
775.93,3.82,0,0,-41.33,86317,1621611808.78458
775.93,3.82,0,0,-41.33,86337,1621611808.80584
775.93,3.82,0,0,-41.33,86356,1621611808.82836
775.93,3.82,0,0,-41.33,86377,1621611808.84751
775.93,3.82,0,0,-41.33,86396,1621611808.86711
775.93,3.82,0,0,-41.33,86417,1621611808.88699
775.93,3.82,0,0,-41.33,86436,1621611808.9067
775.93,3.82,0,0,-41.33,86457,1621611808.92704
775.93,3.82,0,0,-41.33,86476,1621611808.94397
775.93,3.82,0,0,-41.33,86497,1621611808.9647
775.93,3.82,0,0,-41.33,86516,1621611808.98657
775.93,3.82,0,0,-41.33,86537,1621611809.01593
775.93,3.82,0,0,-41.33,86556,1621611809.0289
775.93,3.82,0,0,-41.33,86577,1621611809.04587
775.93,3.82,0,0,-41.33,86597,1621611809.06708
775.93,3.82,0,0,-41.33,86617,1621611809.08755
775.93,3.82,0,0,-41.33,86637,1621611809.10783
775.93,3.82,0,0,-41.33,86657,1621611809.1246
775.93,3.82,0,0,-41.33,86677,1621611809.14527
775.93,3.82,0,0,-41.33,86696,1621611809.16556
775.93,3.82,0,0,-41.33,86717,1621611809.18594
775.93,3.82,0,0,-41.33,86736,1621611809.20635
775.93,3.82,0,0,-41.33,86757,1621611809.22646
775.93,3.82,0,0,-41.33,86776,1621611809.24767
775.93,3.82,0,0,-41.33,86797,1621611809.26713
775.93,3.82,0,0,-41.33,86816,1621611809.28771
775.93,3.82,0,0,-41.33,86837,1621611809.30488
775.93,3.82,0,0,-41.33,86856,1621611809.3249
775.93,3.82,0,0,-41.33,86877,1621611809.34542
775.93,3.82,0,0,-41.33,86897,1621611809.36645
775.93,3.82,0,0,-41.33,86917,1621611809.38674
775.93,3.82,0,0,-41.33,86937,1621611809.41125
775.93,3.82,0,0,-41.33,86957,1621611809.42862
775.93,3.82,0,0,-41.33,86977,1621611809.44793
775.93,3.82,0,0,-41.32,86998,1621611809.47261
775.93,3.82,0,0,-41.32,87017,1621611809.48797
775.93,3.82,0,0,-41.32,87037,1621611809.5052
775.93,3.82,0,0,-41.32,87057,1621611809.52561
775.93,3.82,0,0,-41.32,87077,1621611809.54525
775.93,3.82,0,0,-41.32,87097,1621611809.56567
775.93,3.82,0,0,-41.32,87117,1621611809.58694
775.93,3.82,0,0,-41.32,87137,1621611809.60884
775.93,3.82,0,0,-41.32,87157,1621611809.62762
775.93,3.82,0,0,-41.32,87177,1621611809.64891
775.93,3.82,0,0,-41.32,87197,1621611809.669
775.93,3.82,0,0,-41.32,87217,1621611809.6857
775.93,3.82,0,0,-41.32,87237,1621611809.70719
775.93,3.82,0,0,-41.32,87257,1621611809.72649
775.93,3.82,0,0,-41.32,87277,1621611809.7467
775.93,3.82,0,0,-41.32,87297,1621611809.76698
775.93,3.82,0,0,-41.32,87317,1621611809.78733
775.93,3.82,0,0,-41.32,87337,1621611809.81019
775.93,3.82,0,0,-41.32,87357,1621611809.82964
775.93,3.82,0,0,-41.32,87377,1621611809.84971
775.93,3.82,0,0,-41.32,87397,1621611809.86579
775.93,3.82,0,0,-41.32,87417,1621611809.88579
775.93,3.82,0,0,-41.32,87437,1621611809.90692
775.93,3.82,0,0,-41.32,87457,1621611809.9265
775.93,3.82,0,0,-41.32,87477,1621611809.94735
775.93,3.82,0,0,-41.32,87497,1621611809.96869
775.93,3.82,0,0,-41.32,87517,1621611809.99007
775.93,3.82,0,0,-41.32,87537,1621611810.00976
775.93,3.82,0,0,-41.32,87557,1621611810.03021
775.93,3.82,0,0,-41.32,87577,1621611810.04641
775.93,3.82,0,0,-41.32,87597,1621611810.06688
775.93,3.82,0,0,-41.32,87617,1621611810.08725
775.93,3.82,0,0,-41.32,87638,1621611810.10831
775.93,3.82,0,0,-41.32,87657,1621611810.12774
775.93,3.82,0,0,-41.32,87677,1621611810.14931
775.93,3.82,0,0,-41.32,87697,1621611810.16976
775.93,3.82,0,0,-41.32,87717,1621611810.18989
775.93,3.82,0,0,-41.32,87737,1621611810.21037
775.93,3.82,0,0,-41.32,87757,1621611810.2358
775.93,3.82,0,0,-41.32,87777,1621611810.24618
775.93,3.82,0,0,-41.32,87797,1621611810.2674
775.93,3.82,0,0,-41.32,87817,1621611810.28735
775.93,3.82,0,0,-41.32,87837,1621611810.30774
775.93,3.82,0,0,-41.32,87857,1621611810.32769
775.93,3.82,0,0,-41.32,87877,1621611810.34869
775.93,3.82,0,0,-41.32,87897,1621611810.3689
775.93,3.82,0,0,-41.32,87917,1621611810.39062
775.93,3.82,0,0,-41.32,87937,1621611810.40974
775.93,3.82,0,0,-41.32,87957,1621611810.42669
775.93,3.82,0,0,-41.32,87977,1621611810.4478
775.93,3.82,0,0,-41.32,87997,1621611810.47008
775.93,3.82,0,0,-41.32,88017,1621611810.49066
775.93,3.82,0,0,-41.32,88037,1621611810.50987
775.93,3.82,0,0,-41.32,88057,1621611810.53015
775.93,3.82,0,0,-41.32,88077,1621611810.54993
775.93,3.82,0,0,-41.32,88097,1621611810.57043
775.93,3.82,0,0,-41.32,88117,1621611810.59075
775.93,3.82,0,0,-41.32,88137,1621611810.60733
775.93,3.82,0,0,-41.32,88157,1621611810.62773
775.93,3.82,0,0,-41.32,88177,1621611810.648
775.93,3.82,0,0,-41.32,88197,1621611810.66797
775.93,3.82,0,0,-41.32,88217,1621611810.68973
775.93,3.82,0,0,-41.32,88237,1621611810.70951
775.93,3.82,0,0,-41.32,88257,1621611810.7299
775.93,3.82,0,0,-41.32,88278,1621611810.75053
775.93,3.82,0,0,-41.32,88297,1621611810.77079
775.93,3.82,0,0,-41.32,88317,1621611810.78797
775.93,3.82,0,0,-41.32,88337,1621611810.80782
775.93,3.82,0,0,-41.32,88357,1621611810.82877
775.93,3.82,0,0,-41.32,88377,1621611810.84881
775.93,3.82,0,0,-41.32,88397,1621611810.86912
775.93,3.82,0,0,-41.32,88417,1621611810.89004
775.93,3.82,0,0,-41.32,88437,1621611810.90984
775.93,3.82,0,0,-41.32,88457,1621611810.93045
775.93,3.82,0,0,-41.32,88477,1621611810.95083
775.93,3.82,0,0,-41.32,88497,1621611810.9679
775.93,3.82,0,0,-41.32,88517,1621611810.98845
775.93,3.82,0,0,-41.32,88537,1621611811.00827
775.93,3.82,0,0,-41.32,88557,1621611811.02972
775.93,3.82,0,0,-41.32,88577,1621611811.05279
775.93,3.82,0,0,-41.32,88597,1621611811.07292
775.93,3.82,0,0,-41.32,88617,1621611811.09079
775.93,3.82,0,0,-41.32,88637,1621611811.11941
775.93,3.82,0,0,-41.32,88657,1621611811.13142
775.93,3.82,0,0,-41.32,88677,1621611811.14757
775.93,3.82,0,0,-41.32,88697,1621611811.16707
775.93,3.82,0,0,-41.32,88717,1621611811.18894
775.93,3.82,0,0,-41.32,88737,1621611811.20875
775.93,3.82,0,0,-41.32,88757,1621611811.23634
775.93,3.82,0,0,-41.32,88777,1621611811.25391
775.93,3.82,0,0,-41.32,88797,1621611811.27043
775.93,3.82,0,0,-41.32,88817,1621611811.29141
775.93,3.82,0,0,-41.32,88837,1621611811.31152
775.93,3.82,0,0,-41.32,88857,1621611811.32759
775.93,3.82,0,0,-41.32,88877,1621611811.34853
775.93,3.82,0,0,-41.32,88897,1621611811.36928
775.93,3.82,0,0,-41.32,88918,1621611811.38957
775.93,3.82,0,0,-41.32,88937,1621611811.41003
775.93,3.82,0,0,-41.32,88957,1621611811.43061
775.93,3.82,0,0,-41.32,88977,1621611811.45095
775.93,3.82,0,0,-41.32,88997,1621611811.47094
775.93,3.82,0,0,-41.32,89017,1621611811.4914
775.93,3.82,0,0,-41.32,89037,1621611811.50826
775.93,3.82,0,0,-41.32,89057,1621611811.52837
775.93,3.82,0,0,-41.32,89077,1621611811.54972
775.93,3.82,0,0,-41.32,89097,1621611811.57008
775.93,3.82,0,0,-41.32,89117,1621611811.59044
775.93,3.82,0,0,-41.32,89137,1621611811.61068
775.93,3.82,0,0,-41.32,89157,1621611811.63089
775.93,3.82,0,0,-41.32,89177,1621611811.6526
775.93,3.82,0,0,-41.32,89197,1621611811.67267
775.93,3.82,0,0,-41.32,89217,1621611811.68898
775.93,3.82,0,0,-41.32,89237,1621611811.70889
775.93,3.82,0,0,-41.32,89257,1621611811.73033
775.93,3.82,0,0,-41.32,89277,1621611811.75066
775.93,3.82,0,0,-41.32,89297,1621611811.77053
775.93,3.82,0,0,-41.32,89317,1621611811.79092
775.93,3.82,0,0,-41.32,89337,1621611811.81228
775.93,3.82,0,0,-41.32,89357,1621611811.83247
775.93,3.82,0,0,-41.32,89377,1621611811.85338
775.93,3.82,0,0,-41.32,89397,1621611811.86884
775.93,3.82,0,0,-41.32,89417,1621611811.89084
775.93,3.82,0,0,-41.32,89437,1621611811.90948
775.93,3.82,0,0,-41.32,89457,1621611811.92974
775.93,3.82,0,0,-41.32,89477,1621611811.95113
775.93,3.82,0,0,-41.32,89497,1621611811.97119
775.93,3.82,0,0,-41.32,89517,1621611811.99129
775.93,3.82,0,0,-41.32,89537,1621611812.01177
775.93,3.82,0,0,-41.32,89558,1621611812.03196
775.93,3.82,0,0,-41.32,89577,1621611812.04907
775.93,3.82,0,0,-41.32,89597,1621611812.06951
775.93,3.82,0,0,-41.32,89617,1621611812.08963
775.93,3.82,0,0,-41.32,89637,1621611812.10998
775.93,3.82,0,0,-41.32,89657,1621611812.13095
775.93,3.82,0,0,-41.32,89677,1621611812.15152
775.93,3.82,0,0,-41.32,89697,1621611812.17154
775.93,3.82,0,0,-41.32,89717,1621611812.19264
775.93,3.82,0,0,-41.32,89737,1621611812.21331
775.93,3.82,0,0,-41.32,89757,1621611812.23339
775.93,3.82,0,0,-41.32,89777,1621611812.24916
775.93,3.82,0,0,-41.32,89797,1621611812.26972
775.93,3.82,0,0,-41.32,89817,1621611812.29021
775.93,3.82,0,0,-41.32,89837,1621611812.3112
775.93,3.82,0,0,-41.32,89857,1621611812.33135
775.93,3.82,0,0,-41.32,89877,1621611812.35237
775.93,3.82,0,0,-41.32,89897,1621611812.37261
775.93,3.82,0,0,-41.32,89917,1621611812.393
775.93,3.82,0,0,-41.32,89937,1621611812.41442
775.93,3.82,0,0,-41.32,89957,1621611812.42998
775.93,3.82,0,0,-41.32,89977,1621611812.45025
775.93,3.82,0,0,-41.32,89997,1621611812.47105
775.93,3.82,0,0,-41.32,90017,1621611812.49118
775.93,3.82,0,0,-41.32,90037,1621611812.51236
775.93,3.82,0,0,-41.32,90057,1621611812.53264
775.93,3.82,0,0,-41.32,90077,1621611812.55286
775.93,3.82,0,0,-41.32,90097,1621611812.57291
775.93,3.82,0,0,-41.32,90117,1621611812.59315
775.93,3.82,0,0,-41.32,90137,1621611812.61045
775.93,3.82,0,0,-41.32,90157,1621611812.64108
775.93,3.82,0,0,-41.32,90177,1621611812.65155
775.93,3.82,0,0,-41.32,90198,1621611812.6712
775.93,3.82,0,0,-41.32,90217,1621611812.69128
775.93,3.82,0,0,-41.32,90237,1621611812.71177
775.93,3.82,0,0,-41.32,90257,1621611812.73229
775.93,3.82,0,0,-41.32,90277,1621611812.75856
775.93,3.82,0,0,-41.32,90297,1621611812.77405
775.93,3.82,0,0,-41.32,90317,1621611812.7906
775.93,3.82,0,0,-41.32,90337,1621611812.81043
775.93,3.82,0,0,-41.32,90357,1621611812.83088
775.93,3.82,0,0,-41.32,90377,1621611812.85109
775.93,3.82,0,0,-41.32,90397,1621611812.87165
775.93,3.82,0,0,-41.32,90417,1621611812.89305
775.93,3.82,0,0,-41.32,90437,1621611812.91315
775.93,3.82,0,0,-41.32,90457,1621611812.93323
775.93,3.82,0,0,-41.32,90477,1621611812.95455
775.93,3.82,0,0,-41.32,90497,1621611812.97106
775.93,3.82,0,0,-41.32,90517,1621611812.99155
775.93,3.82,0,0,-41.32,90537,1621611813.01146
775.93,3.82,0,0,-41.32,90557,1621611813.03145
775.93,3.82,0,0,-41.32,90577,1621611813.05257
775.93,3.82,0,0,-41.32,90597,1621611813.07295
775.93,3.82,0,0,-41.32,90617,1621611813.09879
775.93,3.82,0,0,-41.32,90637,1621611813.12024
775.93,3.82,0,0,-41.32,90657,1621611813.13419
775.93,3.82,0,0,-41.32,90677,1621611813.14986
775.93,3.82,0,0,-41.32,90697,1621611813.17964
775.93,3.82,0,0,-41.32,90717,1621611813.19261
775.93,3.82,0,0,-41.3,90737,1621611813.21136
775.93,3.82,0,0,-41.3,90757,1621611813.23164
775.93,3.82,0,0,-41.3,90777,1621611813.25207
775.93,3.82,0,0,-41.3,90797,1621611813.27256
775.93,3.82,0,0,-41.3,90817,1621611813.29411
775.93,3.82,0,0,-41.3,90836,1621611813.31096
775.93,3.82,0,0,-41.3,90857,1621611813.33125
775.93,3.82,0,0,-41.3,90876,1621611813.35909
775.93,3.82,0,0,-41.3,90897,1621611813.37903
775.93,3.82,0,0,-41.3,90916,1621611813.39194
775.93,3.82,0,0,-41.3,90937,1621611813.4123
775.93,3.82,0,0,-41.3,90956,1621611813.43376
775.93,3.82,0,0,-41.3,90977,1621611813.45424
775.93,3.82,0,0,-41.3,90996,1621611813.47492
775.93,3.82,0,0,-41.3,91017,1621611813.49121
775.93,3.82,0,0,-41.3,91036,1621611813.51049
775.93,3.82,0,0,-41.3,91057,1621611813.5321
775.93,3.82,0,0,-41.3,91077,1621611813.55225
775.93,3.82,0,0,-41.3,91097,1621611813.57285
775.93,3.82,0,0,-41.3,91117,1621611813.59328
775.93,3.82,0,0,-41.3,91137,1621611813.61372
775.93,3.82,0,0,-41.3,91157,1621611813.63455
775.93,3.82,0,0,-41.3,91176,1621611813.65396
775.93,3.82,0,0,-41.3,91197,1621611813.67113
775.93,3.82,0,0,-41.3,91216,1621611813.69187
775.93,3.82,0,0,-41.3,91237,1621611813.71132
775.93,3.82,0,0,-41.3,91256,1621611813.73283
775.93,3.82,0,0,-41.3,91277,1621611813.75326
775.93,3.82,0,0,-41.3,91296,1621611813.77318
775.93,3.82,0,0,-41.3,91317,1621611813.79328
775.93,3.82,0,0,-41.3,91336,1621611813.81455
775.93,3.82,0,0,-41.3,91357,1621611813.83498
775.93,3.82,0,0,-41.3,91377,1621611813.85543
775.93,3.82,0,0,-41.3,91397,1621611813.87216
775.93,3.82,0,0,-41.3,91417,1621611813.89242
775.93,3.82,0,0,-41.3,91437,1621611813.91198
775.93,3.82,0,0,-41.3,91457,1621611813.93311
775.93,3.82,0,0,-41.3,91476,1621611813.9535
775.93,3.82,0,0,-41.3,91497,1621611813.97416
775.93,3.82,0,0,-41.3,91516,1621611813.99458
775.93,3.82,0,0,-41.3,91537,1621611814.01438
775.93,3.82,0,0,-41.3,91556,1621611814.03844
775.93,3.82,0,0,-41.3,91577,1621611814.05198
775.93,3.82,0,0,-41.3,91596,1621611814.07202
775.93,3.82,0,0,-41.3,91617,1621611814.09207
775.93,3.82,0,0,-41.3,91636,1621611814.11238
775.93,3.82,0,0,-41.3,91657,1621611814.1337
775.93,3.82,0,0,-41.3,91676,1621611814.15418
775.93,3.82,0,0,-41.3,91697,1621611814.176
775.93,3.82,0,0,-41.3,91717,1621611814.19617
775.93,3.82,0,0,-41.3,91737,1621611814.21601
775.93,3.82,0,0,-41.3,91757,1621611814.24089
775.93,3.82,0,0,-41.3,91777,1621611814.25288
775.93,3.82,0,0,-41.3,91797,1621611814.27297
775.93,3.82,0,0,-41.3,91816,1621611814.29316
775.93,3.82,0,0,-41.3,91837,1621611814.31308
775.93,3.82,0,0,-41.3,91856,1621611814.33452
775.93,3.82,0,0,-41.3,91877,1621611814.35469
775.93,3.82,0,0,-41.3,91896,1621611814.37497
775.93,3.82,0,0,-41.3,91917,1621611814.39525
775.93,3.82,0,0,-41.3,91936,1621611814.41195
775.93,3.82,0,0,-41.3,91957,1621611814.44139
775.93,3.82,0,0,-41.3,91976,1621611814.45953
775.93,3.82,0,0,-41.3,91997,1621611814.47399
775.93,3.82,0,0,-41.3,92017,1621611814.49478
775.93,3.82,0,0,-41.3,92037,1621611814.52369
775.93,3.82,0,0,-41.3,92057,1621611814.53564
775.93,3.82,0,0,-41.3,92077,1621611814.56111
775.93,3.82,0,0,-41.3,92097,1621611814.5752
775.93,3.82,0,0,-41.3,92116,1621611814.5921
775.93,3.82,0,0,-41.3,92137,1621611814.61239
775.93,3.82,0,0,-41.3,92156,1621611814.63303
775.93,3.82,0,0,-41.3,92177,1621611814.65298
775.93,3.82,0,0,-41.3,92196,1621611814.67427
775.93,3.82,0,0,-41.3,92217,1621611814.69724
775.93,3.82,0,0,-41.3,92236,1621611814.71856
775.93,3.82,0,0,-41.3,92257,1621611814.74015
775.93,3.82,0,0,-41.3,92276,1621611814.75627
775.93,3.82,0,0,-41.3,92297,1621611814.77174
775.93,3.82,0,0,-41.3,92317,1621611814.79197
775.93,3.82,0,0,-41.3,92337,1621611814.81268
775.93,3.82,0,0,-41.3,92357,1621611814.83749
775.93,3.82,0,0,-41.3,92377,1621611814.85695
775.93,3.82,0,0,-41.3,92397,1621611814.87753
775.93,3.82,0,0,-41.3,92417,1621611814.89492
775.93,3.82,0,0,-41.3,92437,1621611814.92185
775.93,3.82,0,0,-41.3,92456,1621611814.93809
775.93,3.82,0,0,-41.3,92477,1621611814.95253
775.93,3.82,0,0,-41.3,92496,1621611814.97327
775.93,3.82,0,0,-41.3,92517,1621611814.99314
775.93,3.82,0,0,-41.3,92536,1621611815.01389
775.93,3.82,0,0,-41.3,92557,1621611815.03477
775.93,3.82,0,0,-41.3,92576,1621611815.05532
775.93,3.82,0,0,-41.3,92597,1621611815.08046
775.93,3.82,0,0,-41.3,92616,1621611815.09556
775.93,3.82,0,0,-41.3,92637,1621611815.11608
775.93,3.82,0,0,-41.3,92657,1621611815.13284
775.93,3.82,0,0,-41.3,92677,1621611815.15306
775.93,3.82,0,0,-41.3,92697,1621611815.17406
775.93,3.82,0,0,-41.3,92717,1621611815.19575
775.93,3.82,0,0,-41.3,92737,1621611815.2165
775.93,3.82,0,0,-41.3,92756,1621611815.23796
775.93,3.82,0,0,-41.3,92777,1621611815.25617
775.93,3.82,0,0,-41.3,92796,1621611815.2764
775.93,3.82,0,0,-41.3,92817,1621611815.29686
775.93,3.82,0,0,-41.3,92836,1621611815.31394
775.93,3.82,0,0,-41.3,92857,1621611815.33427
775.93,3.82,0,0,-41.3,92876,1621611815.35518
775.93,3.82,0,0,-41.3,92897,1621611815.37573
775.93,3.82,0,0,-41.3,92916,1621611815.3959
775.93,3.82,0,0,-41.3,92937,1621611815.41733
775.93,3.82,0,0,-41.3,92956,1621611815.43674
775.93,3.82,0,0,-41.3,92977,1621611815.45571
775.93,3.82,0,0,-41.3,92997,1621611815.47703
775.93,3.82,0,0,-41.3,93017,1621611815.49377
775.93,3.82,0,0,-41.3,93037,1621611815.51309
775.93,3.82,0,0,-41.3,93057,1621611815.5348
775.93,3.82,0,0,-41.3,93077,1621611815.55404
775.93,3.82,0,0,-41.3,93096,1621611815.57543
775.93,3.82,0,0,-41.3,93117,1621611815.59555
775.93,3.82,0,0,-41.3,93136,1621611815.61753
775.93,3.82,0,0,-41.3,93157,1621611815.63698
775.93,3.82,0,0,-41.3,93176,1621611815.65786
775.93,3.82,0,0,-41.3,93197,1621611815.67405
775.93,3.82,0,0,-41.3,93216,1621611815.69407
775.93,3.82,0,0,-41.3,93237,1621611815.71618
775.93,3.82,0,0,-41.3,93256,1621611815.73643
775.93,3.82,0,0,-41.3,93277,1621611815.75591
775.93,3.82,0,0,-41.3,93297,1621611815.781
775.93,3.82,0,0,-41.3,93317,1621611815.79689
775.93,3.82,0,0,-41.3,93337,1621611815.81749
775.93,3.82,0,0,-41.3,93357,1621611815.8372
775.93,3.82,0,0,-41.3,93377,1621611815.85397
775.93,3.82,0,0,-41.3,93396,1621611815.8744
775.93,3.82,0,0,-41.3,93417,1621611815.89422
775.93,3.82,0,0,-41.3,93436,1621611815.91476
775.93,3.82,0,0,-41.3,93457,1621611815.9365
775.93,3.82,0,0,-41.3,93476,1621611815.95655
775.93,3.82,0,0,-41.3,93497,1621611815.9769
775.93,3.82,0,0,-41.3,93516,1621611815.99753
775.93,3.82,0,0,-41.3,93537,1621611816.0177
775.93,3.82,0,0,-41.3,93556,1621611816.04288
775.93,3.82,0,0,-41.3,93577,1621611816.05632
775.93,3.82,0,0,-41.3,93597,1621611816.07609
775.93,3.82,0,0,-41.3,93617,1621611816.09583
775.93,3.82,0,0,-41.3,93637,1621611816.11645
775.93,3.82,0,0,-41.3,93657,1621611816.13742
775.93,3.82,0,0,-41.3,93677,1621611816.15695
775.93,3.82,0,0,-41.3,93697,1621611816.17769
775.93,3.82,0,0,-41.3,93717,1621611816.19792
775.93,3.82,0,0,-41.3,93736,1621611816.21844
775.93,3.82,0,0,-41.3,93757,1621611816.23478
775.93,3.82,0,0,-41.3,93776,1621611816.25514
775.93,3.82,0,0,-41.3,93797,1621611816.27571
775.93,3.82,0,0,-41.3,93816,1621611816.29595
775.93,3.82,0,0,-41.3,93837,1621611816.31716
775.93,3.82,0,0,-41.3,93856,1621611816.3377
775.93,3.82,0,0,-41.3,93877,1621611816.36266
775.93,3.82,0,0,-41.3,93897,1621611816.37869
775.93,3.82,0,0,-41.3,93917,1621611816.39825
775.93,3.82,0,0,-41.3,93937,1621611816.41478
775.93,3.82,0,0,-41.3,93957,1621611816.43544
775.93,3.82,0,0,-41.3,93977,1621611816.45658
775.93,3.82,0,0,-41.3,93997,1621611816.47688
775.93,3.82,0,0,-41.3,94017,1621611816.49721
775.93,3.82,0,0,-41.3,94036,1621611816.52436
775.93,3.82,0,0,-41.3,94057,1621611816.53838
775.93,3.82,0,0,-41.3,94076,1621611816.55862
775.93,3.82,0,0,-41.3,94097,1621611816.57876
775.93,3.82,0,0,-41.3,94116,1621611816.59519
775.93,3.82,0,0,-41.3,94137,1621611816.61523
775.93,3.82,0,0,-41.3,94156,1621611816.6356
775.93,3.82,0,0,-41.3,94177,1621611816.65586
775.93,3.82,0,0,-41.3,94196,1621611816.67916
775.93,3.82,0,0,-41.3,94217,1621611816.69979
775.93,3.82,0,0,-41.3,94236,1621611816.71999
775.93,3.82,0,0,-41.3,94257,1621611816.73767
