760.27,3.53,-0.44,0,43.7,104989,1621612330.35021
760.27,3.53,-0.44,0,43.7,105009,1621612330.35104
760.27,3.53,-0.44,0,43.7,105029,1621612330.35178
760.27,3.53,-0.44,0,43.7,105049,1621612330.35255
760.27,3.53,-0.44,0,43.7,105069,1621612330.35322
760.27,3.53,-0.44,0,43.7,105090,1621612330.37177
760.27,3.53,-0.44,0,43.7,105109,1621612330.3921
760.27,3.53,-0.44,0,43.7,105129,1621612330.4262
760.27,3.53,-0.44,0,43.7,105149,1621612330.43359
760.27,3.53,-0.44,0,43.7,105169,1621612330.45279
760.27,3.53,-0.44,0,43.7,105189,1621612330.46911
760.27,3.53,-0.44,0,43.7,105209,1621612330.49038
760.27,3.53,-0.44,0,43.7,105229,1621612330.50986
760.27,3.53,-0.44,0,43.7,105249,1621612330.53589
760.27,3.53,-0.44,0,43.7,105269,1621612330.553
760.27,3.53,-0.44,0,43.7,105289,1621612330.57388
760.27,3.53,-0.44,0,43.7,105309,1621612330.59226
760.27,3.53,-0.44,0,43.7,105329,1621612330.6133
760.27,3.53,-0.44,0,43.7,105349,1621612330.62965
760.27,3.53,-0.44,0,43.7,105369,1621612330.6498
760.27,3.53,-0.44,0,43.7,105389,1621612330.66921
760.27,3.53,-0.44,0,43.7,105409,1621612330.68985
760.27,3.53,-0.44,0,43.7,105430,1621612330.7115
760.27,3.53,-0.44,0,43.7,105449,1621612330.73295
760.27,3.53,-0.44,0,43.7,105469,1621612330.7545
760.27,3.53,-0.44,0,43.7,105489,1621612330.77482
760.27,3.53,-0.44,0,43.7,105509,1621612330.79381
760.27,3.53,-0.44,0,43.7,105529,1621612330.81143
760.27,3.53,-0.44,0,43.7,105549,1621612330.83245
760.27,3.53,-0.44,0,43.7,105569,1621612330.85299
760.27,3.53,-0.44,0,43.7,105589,1621612330.87453
760.27,3.53,-0.44,0,43.7,105609,1621612330.89474
760.27,3.53,-0.44,0,43.7,105629,1621612330.91775
760.27,3.53,-0.44,0,43.7,105649,1621612330.93326
760.27,3.53,-0.44,0,43.7,105669,1621612330.95259
760.27,3.53,-0.44,0,43.7,105690,1621612330.97281
760.27,3.53,-0.44,0,43.7,105709,1621612330.98948
760.27,3.53,-0.44,0,43.7,105730,1621612331.01046
760.27,3.53,-0.44,0,43.7,105749,1621612331.03039
760.27,3.53,-0.44,0,43.7,105769,1621612331.05108
760.27,3.53,-0.44,0,43.7,105789,1621612331.07265
760.27,3.53,-0.44,0,43.7,105809,1621612331.09296
760.27,3.53,-0.44,0,43.7,105829,1621612331.11326
760.27,3.53,-0.44,0,43.7,105849,1621612331.13398
760.27,3.53,-0.44,0,43.7,105869,1621612331.15401
760.27,3.53,-0.44,0,43.7,105889,1621612331.16977
760.27,3.53,-0.44,0,43.7,105909,1621612331.1902
760.27,3.53,-0.44,0,43.7,105929,1621612331.21088
760.27,3.53,-0.44,0,43.7,105949,1621612331.23299
760.27,3.53,-0.44,0,43.7,105969,1621612331.25295
760.27,3.53,-0.44,0,43.7,105989,1621612331.27221
760.27,3.53,-0.44,0,43.7,106009,1621612331.29334
760.27,3.53,-0.44,0,43.7,106029,1621612331.31389
760.27,3.53,-0.44,0,43.7,106049,1621612331.33934
760.27,3.53,-0.44,0,43.7,106070,1621612331.35026
760.27,3.53,-0.44,0,43.7,106089,1621612331.37048
760.27,3.53,-0.44,0,43.7,106109,1621612331.39148
760.27,3.53,-0.44,0,43.7,106129,1621612331.41167
760.27,3.53,-0.44,0,43.7,106149,1621612331.433
760.27,3.53,-0.44,0,43.7,106169,1621612331.45305
760.27,3.53,-0.44,0,43.7,106189,1621612331.47333
760.27,3.53,-0.44,0,43.7,106209,1621612331.49398
760.27,3.53,-0.44,0,43.7,106229,1621612331.5246
760.27,3.53,-0.44,0,43.7,106249,1621612331.53411
760.27,3.53,-0.44,0,43.7,106269,1621612331.54973
760.27,3.53,-0.44,0,43.7,106289,1621612331.57133
760.27,3.53,-0.44,0,43.7,106309,1621612331.59193
760.27,3.53,-0.44,0,43.7,106330,1621612331.61239
760.27,3.53,-0.44,0,43.7,106349,1621612331.63882
760.27,3.53,-0.44,0,43.7,106370,1621612331.654
760.27,3.53,-0.44,0,43.7,106389,1621612331.67364
760.27,3.53,-0.44,0,43.7,106409,1621612331.70025
760.27,3.53,-0.44,0,43.7,106429,1621612331.71768
760.27,3.53,-0.44,0,43.7,106449,1621612331.73586
760.27,3.53,-0.44,0,43.7,106469,1621612331.75229
760.27,3.53,-0.44,0,43.7,106489,1621612331.77276
760.27,3.53,-0.44,0,43.7,106509,1621612331.79197
760.27,3.53,-0.44,0,43.7,106529,1621612331.81318
760.27,3.53,-0.44,0,43.7,106549,1621612331.83393
760.27,3.53,-0.44,0,43.7,106569,1621612331.85379
760.27,3.53,-0.44,0,43.7,106589,1621612331.87479
760.27,3.53,-0.44,0,43.7,106609,1621612331.89512
760.27,3.53,-0.44,0,43.7,106629,1621612331.9196
760.27,3.53,-0.44,0,43.7,106649,1621612331.9317
760.27,3.53,-0.44,0,43.7,106670,1621612331.95233
760.27,3.53,-0.44,0,43.7,106689,1621612331.97231
760.27,3.53,-0.44,0,43.7,106710,1621612331.99238
760.27,3.53,-0.44,0,43.7,106729,1621612332.01395
760.27,3.53,-0.44,0,43.7,106749,1621612332.03462
760.27,3.53,-0.44,0,43.7,106769,1621612332.05445
760.27,3.53,-0.44,0,43.7,106789,1621612332.07558
760.27,3.53,-0.44,0,43.7,106809,1621612332.09157
760.27,3.53,-0.44,0,43.7,106829,1621612332.11267
760.27,3.53,-0.44,0,43.7,106849,1621612332.13317
760.27,3.53,-0.44,0,43.7,106869,1621612332.15364
760.27,3.53,-0.44,0,43.7,106889,1621612332.17433
760.27,3.53,-0.44,0,43.7,106909,1621612332.19524
760.27,3.53,-0.44,0,43.7,106929,1621612332.21631
760.27,3.53,-0.44,0,43.7,106949,1621612332.23577
760.27,3.53,-0.44,0,43.7,106970,1621612332.25616
760.27,3.53,-0.44,0,43.7,106989,1621612332.2722
760.27,3.53,-0.44,0,43.7,107010,1621612332.29255
760.27,3.53,-0.44,0,43.7,107029,1621612332.31292
760.27,3.53,-0.44,0,43.7,107049,1621612332.33303
760.27,3.53,-0.44,0,43.7,107069,1621612332.35352
760.27,3.53,-0.44,0,43.7,107089,1621612332.37478
760.27,3.53,-0.44,0,43.7,107109,1621612332.3962
760.27,3.53,-0.44,0,43.7,107129,1621612332.41559
760.27,3.53,-0.44,0,43.7,107149,1621612332.43546
760.27,3.53,-0.44,0,43.7,107169,1621612332.4522
760.27,3.53,-0.44,0,43.7,107189,1621612332.47281
760.27,3.53,-0.44,0,43.7,107209,1621612332.49437
760.27,3.53,-0.44,0,43.7,107229,1621612332.51399
760.27,3.53,-0.44,0,43.7,107249,1621612332.53431
760.27,3.53,-0.44,0,43.7,107269,1621612332.55443
760.27,3.53,-0.44,0,43.7,107289,1621612332.57561
760.27,3.53,-0.44,0,43.7,107310,1621612332.59661
760.27,3.53,-0.44,0,43.7,107329,1621612332.61634
760.27,3.53,-0.44,0,43.7,107350,1621612332.63194
760.27,3.53,-0.44,0,43.7,107369,1621612332.65275
760.27,3.53,-0.44,0,43.7,107389,1621612332.67359
760.27,3.53,-0.44,0,43.7,107409,1621612332.69465
760.27,3.53,-0.44,0,43.7,107429,1621612332.71806
760.27,3.53,-0.44,0,43.7,107449,1621612332.73547
760.27,3.53,-0.44,0,43.7,107469,1621612332.7543
760.27,3.53,-0.44,0,43.7,107489,1621612332.77476
760.27,3.53,-0.44,0,43.7,107509,1621612332.79526
760.27,3.53,-0.44,0,43.7,107529,1621612332.8123
760.27,3.53,-0.44,0,43.7,107549,1621612332.83308
760.27,3.53,-0.44,0,43.7,107569,1621612332.85277
760.27,3.53,-0.44,0,43.7,107589,1621612332.87466
760.27,3.53,-0.44,0,43.7,107610,1621612332.89466
760.27,3.53,-0.44,0,43.7,107629,1621612332.91542
760.27,3.53,-0.44,0,43.7,107650,1621612332.93688
760.27,3.53,-0.44,0,43.7,107669,1621612332.95583
760.27,3.53,-0.44,0,43.7,107689,1621612332.97618
760.27,3.53,-0.44,0,43.7,107709,1621612332.99318
760.27,3.53,-0.44,0,43.7,107729,1621612333.01354
760.27,3.53,-0.44,0,43.7,107749,1621612333.03425
760.27,3.53,-0.44,0,43.7,107769,1621612333.05462
760.27,3.53,-0.44,0,43.7,107789,1621612333.07586
760.27,3.53,-0.44,0,43.7,107809,1621612333.09571
760.27,3.53,-0.44,0,43.7,107829,1621612333.1165
760.27,3.53,-0.44,0,43.7,107849,1621612333.13627
760.27,3.53,-0.44,0,43.7,107869,1621612333.15651
760.27,3.53,-0.44,0,43.7,107889,1621612333.17332
760.27,3.53,-0.44,0,43.7,107909,1621612333.19321
760.27,3.53,-0.44,0,43.7,107929,1621612333.21387
760.27,3.53,-0.44,0,43.7,107950,1621612333.2351
760.27,3.53,-0.44,0,43.7,107969,1621612333.25481
760.27,3.53,-0.44,0,43.7,107990,1621612333.27504
760.27,3.53,-0.44,0,43.7,108009,1621612333.29567
760.27,3.53,-0.44,0,43.7,108029,1621612333.31583
760.27,3.53,-0.44,0,43.7,108049,1621612333.33704
760.27,3.53,-0.44,0,43.7,108069,1621612333.35255
760.27,3.53,-0.44,0,43.7,108089,1621612333.37378
760.27,3.53,-0.44,0,43.7,108109,1621612333.3939
760.27,3.53,-0.44,0,43.7,108129,1621612333.41453
760.27,3.53,-0.44,0,43.7,108149,1621612333.43496
760.27,3.53,-0.44,0,43.7,108169,1621612333.46117
760.27,3.53,-0.44,0,43.7,108189,1621612333.47604
760.27,3.53,-0.44,0,43.7,108209,1621612333.49624
760.27,3.53,-0.44,0,43.7,108229,1621612333.51733
760.27,3.53,-0.44,0,43.7,108250,1621612333.537
760.27,3.53,-0.44,0,43.7,108269,1621612333.55958
760.27,3.53,-0.44,0,43.7,108290,1621612333.58223
760.27,3.53,-0.44,0,43.7,108309,1621612333.59504
760.27,3.53,-0.44,0,43.7,108329,1621612333.62112
760.27,3.53,-0.44,0,43.7,108349,1621612333.63585
760.27,3.53,-0.44,0,43.7,108369,1621612333.656
760.27,3.53,-0.44,0,43.7,108389,1621612333.67643
760.27,3.53,-0.44,0,43.7,108409,1621612333.69673
760.27,3.53,-0.44,0,43.7,108429,1621612333.71703
760.27,3.53,-0.44,0,43.7,108449,1621612333.73424
760.27,3.53,-0.44,0,43.7,108469,1621612333.75416
760.27,3.53,-0.44,0,43.7,108489,1621612333.77467
760.27,3.53,-0.44,0,43.7,108509,1621612333.79491
760.27,3.53,-0.44,0,43.7,108529,1621612333.81598
760.27,3.53,-0.44,0,43.7,108549,1621612333.83637
760.27,3.53,-0.44,0,43.7,108569,1621612333.85647
760.27,3.53,-0.44,0,43.7,108590,1621612333.87716
760.27,3.53,-0.44,0,43.7,108609,1621612333.89748
760.27,3.53,-0.44,0,43.7,108630,1621612333.91531
760.27,3.53,-0.44,0,43.7,108649,1621612333.93473
760.27,3.53,-0.44,0,43.7,108669,1621612333.96393
760.27,3.53,-0.44,0,43.7,108689,1621612333.97655
760.27,3.53,-0.44,0,43.7,108709,1621612333.99575
760.27,3.53,-0.44,0,43.7,108729,1621612334.01667
760.27,3.53,-0.44,0,43.7,108749,1621612334.03644
760.27,3.53,-0.44,0,43.7,108769,1621612334.06285
760.27,3.53,-0.44,0,43.7,108789,1621612334.08243
760.27,3.53,-0.44,0,43.72,108810,1621612334.09799
760.27,3.53,-0.44,0,43.72,108829,1621612334.11572
760.27,3.53,-0.44,0,43.75,108849,1621612334.13525
760.27,3.53,-0.44,0,43.77,108869,1621612334.15563
760.27,3.53,-0.44,0,43.78,108890,1621612334.18187
760.27,3.53,-0.44,0,43.75,108909,1621612334.19902
760.27,3.53,-0.44,0,43.47,108930,1621612334.21839
760.27,3.53,-0.44,0,43.15,108949,1621612334.23798
760.27,3.53,-0.44,0,42.97,108969,1621612334.25855
760.27,3.53,-0.44,0,42.75,108989,1621612334.27525
760.27,3.53,-0.44,0,42.42,109009,1621612334.29514
760.27,3.53,-0.44,0,42.17,109029,1621612334.31669
760.27,3.53,-0.44,0,41.97,109049,1621612334.33595
760.27,3.53,-0.44,0,41.83,109069,1621612334.35654
760.27,3.53,-0.44,0,41.82,109089,1621612334.37667
760.27,3.53,-0.44,0,41.82,109109,1621612334.39712
760.27,3.53,-0.44,0,41.82,109129,1621612334.41801
760.27,3.53,-0.44,0,41.82,109149,1621612334.43893
760.27,3.53,-0.44,0,41.83,109169,1621612334.45484
760.27,3.53,-0.44,0,41.83,109189,1621612334.47535
760.27,3.53,-0.44,0,41.83,109209,1621612334.49577
760.27,3.53,-0.44,0,41.83,109230,1621612334.51655
760.27,3.53,-0.44,0,41.83,109249,1621612334.53729
760.27,3.53,-0.44,0,41.83,109270,1621612334.55773
760.27,3.53,-0.44,0,41.83,109289,1621612334.57795
760.27,3.53,-0.44,0,41.83,109309,1621612334.59788
760.27,3.53,-0.44,0,41.83,109329,1621612334.61928
760.27,3.53,-0.44,0,41.83,109349,1621612334.63549
760.27,3.53,-0.44,0,41.83,109369,1621612334.65604
760.27,3.53,-0.44,0,41.83,109389,1621612334.67707
760.27,3.53,-0.44,0,41.85,109409,1621612334.69646
760.27,3.53,-0.44,0,41.85,109429,1621612334.71823
760.27,3.53,-0.44,0,41.85,109450,1621612334.73828
760.27,3.53,-0.44,0,41.85,109469,1621612334.75864
760.27,3.53,-0.44,0,41.85,109490,1621612334.7789
760.27,3.53,-0.44,0,41.85,109509,1621612334.79905
760.27,3.53,-0.44,0,41.85,109530,1621612334.82034
760.27,3.53,-0.44,0,41.85,109549,1621612334.83644
760.27,3.53,-0.44,0,41.85,109570,1621612334.85667
760.27,3.53,-0.44,0,41.85,109589,1621612334.87715
760.27,3.53,-0.44,0,41.85,109609,1621612334.89788
760.27,3.53,-0.44,0,41.85,109629,1621612334.91825
760.27,3.53,-0.44,0,41.85,109649,1621612334.93867
760.27,3.53,-0.44,0,41.85,109669,1621612334.96413
760.27,3.53,-0.44,0,41.85,109689,1621612334.98116
760.27,3.53,-0.44,0,41.85,109710,1621612334.99968
760.27,3.53,-0.44,0,41.85,109729,1621612335.01666
760.27,3.53,-0.44,0,41.85,109750,1621612335.03639
760.27,3.53,-0.44,0,41.85,109769,1621612335.05681
760.27,3.53,-0.44,0,41.85,109790,1621612335.07712
760.27,3.53,-0.44,0,41.85,109809,1621612335.09776
760.27,3.53,-0.44,0,41.85,109830,1621612335.11886
760.27,3.53,-0.44,0,41.85,109849,1621612335.14618
760.27,3.53,-0.44,0,41.85,109870,1621612335.1598
760.27,3.53,-0.44,0,41.85,109889,1621612335.1804
760.27,3.53,-0.44,0,41.85,109910,1621612335.19601
760.27,3.53,-0.44,0,41.85,109929,1621612335.21671
760.27,3.53,-0.44,0,41.85,109949,1621612335.23672
760.27,3.53,-0.44,0,41.85,109969,1621612335.2583
760.27,3.53,-0.44,0,41.85,109989,1621612335.27822
760.27,3.53,-0.44,0,41.85,110009,1621612335.29952
760.27,3.53,-0.44,0,41.85,110029,1621612335.31928
760.27,3.53,-0.44,0,41.85,110050,1621612335.33933
760.27,3.53,-0.44,0,41.85,110069,1621612335.36007
760.27,3.53,-0.44,0,41.85,110090,1621612335.37683
760.27,3.53,-0.44,0,41.85,110109,1621612335.39717
760.27,3.53,-0.44,0,41.85,110130,1621612335.41707
760.27,3.53,-0.44,0,41.85,110149,1621612335.43807
760.27,3.53,-0.44,0,41.85,110170,1621612335.45819
760.27,3.53,-0.44,0,41.85,110189,1621612335.47919
760.27,3.53,-0.44,0,41.85,110210,1621612335.50707
760.27,3.53,-0.44,0,41.85,110229,1621612335.52058
760.27,3.53,-0.44,0,41.85,110249,1621612335.53929
760.27,3.53,-0.44,0,41.85,110269,1621612335.55586
760.27,3.53,-0.44,0,41.85,110289,1621612335.57674
760.27,3.53,-0.44,0,41.85,110309,1621612335.59732
760.27,3.53,-0.44,0,41.85,110329,1621612335.61823
760.27,3.53,-0.44,0,41.85,110350,1621612335.63912
760.27,3.53,-0.44,0,41.85,110369,1621612335.65953
760.27,3.53,-0.44,0,41.85,110390,1621612335.67978
760.27,3.53,-0.44,0,41.85,110409,1621612335.70066
760.27,3.53,-0.44,0,41.85,110430,1621612335.72068
760.27,3.53,-0.44,0,41.85,110449,1621612335.73776
760.27,3.53,-0.44,0,41.85,110470,1621612335.75709
760.27,3.53,-0.44,0,41.85,110489,1621612335.77873
760.27,3.53,-0.44,0,41.85,110510,1621612335.80024
760.27,3.53,-0.44,0,41.85,110529,1621612335.81954
760.27,3.53,-0.44,0,41.85,110550,1621612335.84003
760.27,3.53,-0.44,0,41.85,110569,1621612335.86091
760.27,3.53,-0.44,0,41.87,110589,1621612335.8811
760.27,3.53,-0.44,0,41.87,110609,1621612335.9017
760.27,3.53,-0.44,0,41.85,110629,1621612335.92393
760.27,3.53,-0.44,0,41.85,110649,1621612335.93808
760.27,3.53,-0.44,0,41.85,110669,1621612335.9675
760.27,3.53,-0.44,0,41.85,110690,1621612335.9794
760.27,3.53,-0.44,0,41.85,110709,1621612335.99897
760.27,3.53,-0.44,0,41.85,110730,1621612336.0183
760.27,3.53,-0.44,0,41.85,110749,1621612336.03998
760.27,3.53,-0.44,0,41.85,110770,1621612336.06036
760.27,3.53,-0.44,0,41.85,110789,1621612336.08098
760.27,3.53,-0.44,0,41.85,110810,1621612336.10195
760.27,3.53,-0.44,0,41.85,110829,1621612336.11779
760.27,3.53,-0.44,0,41.85,110850,1621612336.13927
760.27,3.53,-0.44,0,41.85,110869,1621612336.1587
760.27,3.53,-0.44,0,41.85,110889,1621612336.1799
760.27,3.53,-0.44,0,41.85,110909,1621612336.20032
760.27,3.53,-0.44,0,41.85,110929,1621612336.22106
760.27,3.53,-0.44,0,41.85,110949,1621612336.24034
760.27,3.53,-0.44,0,41.85,110969,1621612336.26171
760.27,3.53,-0.44,0,41.85,110990,1621612336.28212
760.27,3.53,-0.44,0,41.85,111009,1621612336.29757
760.27,3.53,-0.44,0,41.85,111030,1621612336.31906
760.27,3.53,-0.44,0,41.85,111049,1621612336.33903
760.27,3.53,-0.44,0,41.85,111070,1621612336.3591
760.27,3.53,-0.44,0,41.85,111089,1621612336.37962
760.27,3.53,-0.44,0,41.85,111110,1621612336.39998
760.27,3.53,-0.44,0,41.85,111129,1621612336.42192
760.27,3.53,-0.44,0,41.85,111150,1621612336.44149
760.27,3.53,-0.44,0,41.85,111169,1621612336.46192
760.27,3.53,-0.44,0,41.85,111190,1621612336.47842
760.27,3.53,-0.44,0,41.85,111209,1621612336.49886
760.27,3.53,-0.44,0,41.85,111229,1621612336.52136
760.27,3.53,-0.44,0,41.85,111249,1621612336.5448
760.27,3.53,-0.44,0,41.85,111269,1621612336.56206
760.27,3.53,-0.44,0,41.83,111289,1621612336.58562
760.27,3.53,-0.44,0,41.77,111309,1621612336.60201
760.27,3.53,-0.44,0,41.65,111329,1621612336.6206
760.27,3.53,-0.44,0,41.48,111349,1621612336.64019
760.27,3.53,-0.44,0,41.22,111369,1621612336.6581
760.27,3.53,-0.44,0,40.88,111389,1621612336.67862
760.27,3.53,-0.44,0,40.48,111410,1621612336.69961
760.27,3.53,-0.44,0,40,111429,1621612336.71973
760.27,3.53,-0.44,0,39.52,111450,1621612336.74037
760.27,3.53,-0.44,0,38.97,111469,1621612336.76161
760.27,3.53,-0.44,0,38.42,111490,1621612336.78205
760.27,3.53,-0.44,0,37.8,111509,1621612336.80687
760.27,3.53,-0.44,0,37.17,111529,1621612336.82529
760.27,3.53,-0.44,0,36.53,111549,1621612336.83839
760.27,3.53,-0.44,0,35.88,111569,1621612336.85883
760.27,3.53,-0.44,0,35.25,111589,1621612336.87935
760.27,3.53,-0.44,0,34.7,111609,1621612336.89992
760.27,3.53,-0.44,0,34.22,111629,1621612336.92617
760.27,3.53,-0.44,0,33.85,111649,1621612336.94074
760.27,3.53,-0.44,0,33.58,111669,1621612336.96183
760.27,3.53,-0.44,0,33.45,111689,1621612336.98144
760.27,3.53,-0.44,0,33.42,111709,1621612336.99809
760.27,3.53,-0.44,0,33.42,111729,1621612337.01917
760.27,3.53,-0.44,0,33.42,111749,1621612337.03963
760.27,3.53,-0.44,0,33.42,111769,1621612337.05977
760.27,3.53,-0.44,0,33.42,111789,1621612337.08057
760.27,3.53,-0.44,0,33.42,111809,1621612337.10834
760.27,3.53,-0.44,0,33.4,111830,1621612337.12205
760.27,3.53,-0.44,0,33.4,111849,1621612337.14198
760.27,3.53,-0.44,0,33.37,111869,1621612337.16215
760.27,3.53,-0.44,0,33.3,111889,1621612337.18236
760.27,3.53,-0.44,0,33.22,111909,1621612337.19936
760.27,3.53,-0.44,0,33.12,111929,1621612337.22
760.27,3.53,-0.44,0,32.97,111949,1621612337.24021
760.27,3.53,-0.44,0,32.77,111969,1621612337.26051
760.27,3.53,-0.44,0,32.53,111989,1621612337.28059
760.27,3.53,-0.44,0,32.28,112009,1621612337.30171
760.27,3.53,-0.44,0,32.02,112029,1621612337.32189
760.27,3.53,-0.44,0,31.72,112050,1621612337.34216
760.27,3.53,-0.44,0,31.37,112069,1621612337.3624
760.27,3.53,-0.44,0,30.98,112090,1621612337.37915
760.27,3.53,-0.44,0,30.58,112109,1621612337.40039
760.27,3.53,-0.44,0,30.15,112130,1621612337.42016
760.27,3.53,-0.44,0,29.73,112149,1621612337.4402
760.27,3.53,-0.44,0,29.3,112169,1621612337.46074
760.27,3.53,-0.44,0,28.88,112189,1621612337.48671
760.27,3.53,-0.44,0,28.48,112209,1621612337.50294
760.27,3.53,-0.44,0,28.12,112229,1621612337.52214
760.27,3.53,-0.44,0,27.75,112249,1621612337.54259
760.27,3.53,-0.44,0,27.4,112269,1621612337.5694
760.27,3.53,-0.44,0,27.07,112289,1621612337.58567
760.27,3.53,-0.44,0,26.72,112309,1621612337.60083
760.27,3.53,-0.44,0,26.37,112329,1621612337.621
760.27,3.53,-0.44,0,26.02,112349,1621612337.64123
760.27,3.53,-0.44,0,25.63,112369,1621612337.66129
760.27,3.53,-0.44,0,25.25,112390,1621612337.68289
760.27,3.53,-0.44,0,24.83,112409,1621612337.7035
760.27,3.53,-0.44,0,24.4,112430,1621612337.72315
760.27,3.53,-0.44,0,23.97,112449,1621612337.7401
760.27,3.53,-0.44,0,23.48,112470,1621612337.76047
760.27,3.53,-0.44,0,23,112489,1621612337.78078
760.27,3.53,-0.44,0,22.48,112509,1621612337.80128
760.27,3.53,-0.44,0,21.93,112529,1621612337.82191
760.27,3.53,-0.44,0,21.38,112549,1621612337.84203
760.27,3.53,-0.44,0,20.83,112569,1621612337.8632
760.27,3.53,-0.44,0,20.3,112589,1621612337.88677
760.27,3.53,-0.44,0,19.82,112609,1621612337.90386
760.27,3.53,-0.44,0,19.35,112629,1621612337.91957
760.27,3.53,-0.44,0,18.92,112649,1621612337.94033
760.27,3.53,-0.44,0,18.52,112669,1621612337.96074
760.27,3.53,-0.44,0,18.15,112689,1621612337.98147
760.27,3.53,-0.44,0,17.8,112709,1621612338.00168
760.27,3.53,-0.44,0,17.42,112730,1621612338.02289
760.27,3.53,-0.44,0,17.05,112749,1621612338.04319
760.27,3.53,-0.44,0,16.72,112770,1621612338.0636
760.27,3.53,-0.44,0,16.4,112789,1621612338.08383
760.27,3.53,-0.44,0,16.08,112809,1621612338.10027
760.27,3.53,-0.44,0,15.78,112829,1621612338.12577
760.27,3.53,-0.44,0,15.48,112849,1621612338.14194
760.27,3.53,-0.44,0,15.18,112869,1621612338.1616
760.27,3.53,-0.44,0,14.87,112889,1621612338.18734
760.27,3.53,-0.44,0,14.53,112909,1621612338.20489
760.27,3.53,-0.44,0,14.2,112929,1621612338.2253
760.27,3.53,-0.44,0,13.88,112949,1621612338.24514
760.27,3.53,-0.44,0,13.55,112969,1621612338.26512
760.27,3.53,-0.44,0,13.15,112989,1621612338.28057
760.27,3.53,-0.44,0,12.75,113009,1621612338.30167
760.27,3.53,-0.44,0,12.32,113030,1621612338.32192
760.27,3.53,-0.44,0,11.85,113049,1621612338.34242
760.27,3.53,-0.44,0,11.42,113070,1621612338.36756
760.27,3.53,-0.44,0,11,113089,1621612338.38306
760.27,3.53,-0.44,0,10.58,113110,1621612338.40247
760.27,3.53,-0.44,0,10.18,113129,1621612338.42321
760.27,3.53,-0.44,0,9.82,113149,1621612338.44338
760.27,3.53,-0.44,0,9.5,113169,1621612338.46054
760.27,3.53,-0.44,0,9.23,113189,1621612338.48131
760.27,3.53,-0.44,0,9.03,113209,1621612338.50641
760.27,3.53,-0.44,0,8.87,113229,1621612338.52737
760.27,3.53,-0.44,0,8.72,113249,1621612338.54184
760.27,3.53,-0.44,0,8.55,113269,1621612338.56172
760.27,3.53,-0.44,0,8.35,113289,1621612338.58379
760.27,3.53,-0.44,0,8.12,113309,1621612338.60309
760.27,3.53,-0.44,0,7.82,113329,1621612338.63353
760.27,3.53,-0.44,0,7.52,113349,1621612338.64472
760.27,3.53,-0.44,0,7.23,113369,1621612338.6625
760.27,3.53,-0.44,0,6.98,113389,1621612338.68205
760.27,3.53,-0.44,0,6.77,113410,1621612338.70219
760.27,3.53,-0.44,0,6.57,113429,1621612338.7223
760.27,3.53,-0.44,0,6.37,113449,1621612338.74802
760.27,3.53,-0.44,0,6.23,113469,1621612338.76451
760.27,3.53,-0.44,0,6.12,113489,1621612338.78457
760.27,3.53,-0.44,0,6.03,113509,1621612338.8043
760.27,3.53,-0.44,0,5.97,113529,1621612338.82129
760.27,3.53,-0.44,0,5.85,113549,1621612338.8507
760.27,3.53,-0.44,0,5.73,113569,1621612338.86256
760.27,3.53,-0.44,0,5.55,113589,1621612338.88265
760.27,3.53,-0.44,0,5.35,113609,1621612338.91082
760.27,3.53,-0.44,0,5.1,113629,1621612338.92395
760.27,3.53,-0.44,0,4.83,113649,1621612338.94347
760.27,3.53,-0.44,0,4.57,113669,1621612338.96811
760.27,3.53,-0.44,0,4.33,113689,1621612338.9854
760.27,3.53,-0.44,0,4.15,113709,1621612339.00073
760.27,3.53,-0.44,0,4,113729,1621612339.022
760.27,3.53,-0.44,0,3.9,113750,1621612339.04242
760.27,3.53,-0.44,0,3.87,113769,1621612339.06343
760.27,3.53,-0.44,0,3.85,113789,1621612339.08419
760.27,3.53,-0.44,0,3.85,113809,1621612339.10481
760.27,3.53,-0.44,0,3.83,113829,1621612339.12508
760.27,3.53,-0.44,0,3.83,113849,1621612339.14471
760.27,3.53,-0.44,0,3.83,113869,1621612339.16481
760.27,3.53,-0.44,0,3.83,113889,1621612339.18153
760.27,3.53,-0.44,0,3.8,113909,1621612339.2009
760.27,3.53,-0.44,0,3.73,113929,1621612339.22246
760.27,3.53,-0.44,0,3.65,113949,1621612339.24219
760.27,3.53,-0.44,0,3.57,113969,1621612339.26406
760.27,3.53,-0.44,0,3.47,113989,1621612339.28473
760.27,3.53,-0.44,0,3.42,114009,1621612339.3047
760.27,3.53,-0.44,0,3.4,114029,1621612339.3247
760.27,3.53,-0.44,0,3.4,114049,1621612339.34534
760.27,3.53,-0.44,0,3.4,114069,1621612339.36204
760.27,3.53,-0.44,0,3.4,114089,1621612339.38244
760.27,3.53,-0.44,0,3.4,114109,1621612339.40315
760.27,3.53,-0.44,0,3.38,114129,1621612339.42464
760.27,3.53,-0.44,0,3.38,114149,1621612339.44365
760.27,3.53,-0.44,0,3.38,114169,1621612339.46455
760.27,3.53,-0.44,0,3.37,114189,1621612339.4846
760.27,3.53,-0.44,0,3.33,114209,1621612339.50482
760.27,3.53,-0.44,0,3.3,114229,1621612339.53413
760.27,3.53,-0.44,0,3.22,114249,1621612339.54664
760.27,3.53,-0.44,0,3.13,114269,1621612339.56202
760.27,3.53,-0.44,0,3.03,114289,1621612339.5824
760.27,3.53,-0.44,0,2.95,114309,1621612339.60401
760.27,3.53,-0.44,0,2.88,114329,1621612339.62469
760.27,3.53,-0.44,0,2.83,114349,1621612339.64483
760.27,3.53,-0.44,0,2.8,114369,1621612339.66468
760.27,3.53,-0.44,0,2.78,114390,1621612339.685
760.27,3.53,-0.44,0,2.78,114409,1621612339.70586
760.27,3.53,-0.44,0,2.78,114429,1621612339.72623
760.27,3.53,-0.44,0,2.78,114449,1621612339.74326
760.27,3.53,-0.44,0,2.77,114469,1621612339.76314
760.27,3.53,-0.44,0,2.73,114489,1621612339.78404
760.27,3.53,-0.44,0,2.7,114509,1621612339.8041
760.27,3.53,-0.44,0,2.67,114529,1621612339.82449
760.27,3.53,-0.44,0,2.62,114549,1621612339.84476
760.27,3.53,-0.44,0,2.58,114569,1621612339.86576
760.27,3.53,-0.44,0,2.55,114589,1621612339.88635
760.27,3.53,-0.44,0,2.52,114610,1621612339.9066
760.27,3.53,-0.44,0,2.48,114629,1621612339.92243
760.27,3.53,-0.44,0,2.47,114649,1621612339.94381
760.27,3.53,-0.44,0,2.47,114669,1621612339.96399
760.27,3.53,-0.44,0,2.47,114689,1621612339.98446
760.27,3.53,-0.44,0,2.45,114709,1621612340.0045
760.27,3.53,-0.44,0,2.43,114729,1621612340.0249
760.27,3.53,-0.44,0,2.38,114749,1621612340.04629
760.27,3.53,-0.44,0,2.33,114769,1621612340.06578
760.27,3.53,-0.44,0,2.28,114789,1621612340.08628
760.27,3.53,-0.44,0,2.23,114809,1621612340.10332
760.27,3.53,-0.44,0,2.2,114829,1621612340.12392
760.27,3.53,-0.44,0,2.18,114849,1621612340.1436
760.27,3.53,-0.44,0,2.17,114869,1621612340.16507
760.27,3.53,-0.44,0,2.17,114889,1621612340.18505
760.27,3.53,-0.44,0,2.17,114909,1621612340.2057
760.27,3.53,-0.44,0,2.17,114929,1621612340.22629
760.27,3.53,-0.44,0,2.17,114949,1621612340.24672
760.27,3.53,-0.44,0,2.17,114969,1621612340.26686
760.27,3.53,-0.44,0,2.17,114989,1621612340.28388
760.27,3.53,-0.44,0,2.17,115009,1621612340.30454
760.27,3.53,-0.44,0,2.17,115028,1621612340.32473
760.27,3.53,-0.44,0,2.17,115049,1621612340.34474
760.27,3.53,-0.44,0,2.17,115069,1621612340.36595
760.27,3.53,-0.44,0,2.17,115089,1621612340.38548
760.27,3.53,-0.44,0,2.17,115109,1621612340.40658
760.27,3.53,-0.44,0,2.17,115129,1621612340.42662
760.27,3.53,-0.44,0,2.17,115149,1621612340.44716
760.27,3.53,-0.44,0,2.15,115169,1621612340.46305
760.27,3.53,-0.44,0,2.15,115189,1621612340.48366
760.27,3.53,-0.44,0,2.15,115209,1621612340.50481
760.27,3.53,-0.44,0,2.15,115229,1621612340.52556
760.27,3.53,-0.44,0,2.15,115249,1621612340.54459
760.27,3.53,-0.44,0,2.15,115269,1621612340.56475
760.27,3.53,-0.44,0,2.15,115289,1621612340.58521
760.27,3.53,-0.44,0,2.15,115309,1621612340.60565
760.27,3.53,-0.44,0,2.15,115329,1621612340.62635
760.27,3.53,-0.44,0,2.15,115349,1621612340.64352
760.27,3.53,-0.44,0,2.15,115368,1621612340.66315
760.27,3.53,-0.44,0,2.15,115389,1621612340.68648
760.27,3.53,-0.44,0,2.15,115409,1621612340.70691
760.27,3.53,-0.44,0,2.15,115429,1621612340.72827
760.27,3.53,-0.44,0,2.15,115449,1621612340.74719
760.27,3.53,-0.44,0,2.15,115469,1621612340.76609
760.27,3.53,-0.44,0,2.15,115489,1621612340.7865
760.27,3.53,-0.44,0,2.15,115509,1621612340.80689
760.27,3.53,-0.44,0,2.15,115529,1621612340.82377
760.27,3.53,-0.44,0,2.15,115549,1621612340.85399
760.27,3.53,-0.44,0,2.15,115569,1621612340.86621
760.27,3.53,-0.44,0,2.15,115589,1621612340.88568
760.27,3.53,-0.44,0,2.15,115609,1621612340.90625
760.27,3.53,-0.44,0,2.15,115629,1621612340.92738
760.27,3.53,-0.44,0,2.15,115649,1621612340.94713
760.27,3.53,-0.44,0,2.13,115668,1621612340.96749
760.27,3.53,-0.44,0,2.13,115689,1621612340.98823
760.27,3.53,-0.44,0,2.13,115709,1621612341.00408
760.27,3.53,-0.44,0,2.12,115729,1621612341.02538
760.27,3.53,-0.44,0,2.08,115749,1621612341.04539
760.27,3.53,-0.44,0,2.03,115769,1621612341.0656
760.27,3.53,-0.44,0,1.98,115789,1621612341.08584
760.27,3.53,-0.44,0,1.93,115809,1621612341.10725
760.27,3.53,-0.44,0,1.88,115829,1621612341.1267
760.27,3.53,-0.44,0,1.85,115849,1621612341.14692
760.27,3.53,-0.44,0,1.82,115869,1621612341.16824
760.27,3.53,-0.44,0,1.78,115889,1621612341.18865
760.27,3.53,-0.44,0,1.75,115909,1621612341.20533
760.27,3.53,-0.44,0,1.72,115930,1621612341.2258
760.27,3.53,-0.44,0,1.68,115949,1621612341.24577
760.27,3.53,-0.44,0,1.62,115969,1621612341.26626
760.27,3.53,-0.44,0,1.55,115989,1621612341.28646
760.27,3.53,-0.44,0,1.43,116009,1621612341.30832
760.27,3.53,-0.44,0,1.27,116029,1621612341.32787
760.27,3.53,-0.44,0,1.08,116049,1621612341.34851
760.27,3.53,-0.44,0,0.87,116069,1621612341.36853
760.27,3.53,-0.44,0,0.65,116089,1621612341.3858
760.27,3.53,-0.44,0,0.43,116109,1621612341.4067
760.27,3.53,-0.44,0,0.22,116129,1621612341.42621
760.27,3.53,-0.44,0,0.05,116149,1621612341.44704
760.27,3.53,-0.44,0,-0.12,116169,1621612341.46754
760.27,3.53,-0.44,0,-0.27,116189,1621612341.48792
760.27,3.53,-0.44,0,-0.4,116209,1621612341.50841
760.27,3.53,-0.44,0,-0.5,116229,1621612341.52823
760.27,3.53,-0.44,0,-0.58,116249,1621612341.54511
760.27,3.53,-0.44,0,-0.67,116269,1621612341.5656
760.27,3.53,-0.44,0,-0.75,116289,1621612341.58691
760.27,3.53,-0.44,0,-0.85,116308,1621612341.60667
760.27,3.53,-0.44,0,-0.97,116329,1621612341.62872
760.27,3.53,-0.44,0,-1.1,116349,1621612341.64693
760.27,3.53,-0.44,0,-1.23,116369,1621612341.66697
760.27,3.53,-0.44,0,-1.4,116389,1621612341.68758
760.27,3.53,-0.44,0,-1.58,116409,1621612341.70852
760.27,3.53,-0.44,0,-1.78,116429,1621612341.73636
760.27,3.53,-0.44,0,-1.98,116449,1621612341.74658
760.27,3.53,-0.44,0,-2.15,116469,1621612341.76659
760.27,3.53,-0.44,0,-2.3,116489,1621612341.78606
760.27,3.53,-0.44,0,-2.45,116509,1621612341.80695
760.27,3.53,-0.44,0,-2.6,116529,1621612341.82699
760.27,3.53,-0.44,0,-2.73,116549,1621612341.84746
760.27,3.53,-0.44,0,-2.85,116569,1621612341.86864
760.27,3.53,-0.44,0,-2.97,116589,1621612341.89379
760.27,3.53,-0.44,0,-3.1,116609,1621612341.90946
760.27,3.53,-0.44,0,-3.22,116629,1621612341.92692
760.27,3.53,-0.44,0,-3.37,116649,1621612341.94625
760.27,3.53,-0.44,0,-3.52,116669,1621612341.97464
760.27,3.53,-0.44,0,-3.67,116689,1621612341.98721
760.27,3.53,-0.44,0,-3.83,116709,1621612342.0078
760.27,3.53,-0.44,0,-4.03,116729,1621612342.02796
760.27,3.53,-0.44,0,-4.3,116749,1621612342.04848
760.27,3.53,-0.44,0,-4.58,116769,1621612342.06895
760.27,3.53,-0.44,0,-4.85,116789,1621612342.08943
760.27,3.53,-0.44,0,-5.1,116809,1621612342.10613
760.27,3.53,-0.44,0,-5.32,116829,1621612342.12618
760.27,3.53,-0.44,0,-5.48,116849,1621612342.14682
760.27,3.53,-0.44,0,-5.62,116869,1621612342.16697
760.27,3.53,-0.44,0,-5.72,116889,1621612342.18805
760.27,3.53,-0.44,0,-5.78,116909,1621612342.20785
760.27,3.53,-0.44,0,-5.83,116929,1621612342.22905
760.27,3.53,-0.44,0,-5.87,116948,1621612342.24987
760.27,3.53,-0.44,0,-5.9,116969,1621612342.26969
760.27,3.53,-0.44,0,-5.95,116989,1621612342.28561
760.27,3.53,-0.44,0,-6,117009,1621612342.3071
760.27,3.53,-0.44,0,-6.08,117029,1621612342.32685
760.27,3.53,-0.44,0,-6.23,117049,1621612342.34741
760.27,3.53,-0.44,0,-6.4,117069,1621612342.36735
760.27,3.53,-0.44,0,-6.6,117089,1621612342.38969
760.27,3.53,-0.44,0,-6.83,117109,1621612342.40999
760.27,3.53,-0.44,0,-7.08,117129,1621612342.43069
760.27,3.53,-0.44,0,-7.32,117149,1621612342.45054
760.27,3.53,-0.44,0,-7.53,117169,1621612342.46607
760.27,3.53,-0.44,0,-7.73,117189,1621612342.48683
760.27,3.53,-0.44,0,-7.95,117209,1621612342.50749
760.27,3.53,-0.44,0,-8.1,117229,1621612342.52754
760.27,3.53,-0.44,0,-8.25,117249,1621612342.54781
760.27,3.53,-0.44,0,-8.37,117269,1621612342.56806
760.27,3.53,-0.44,0,-8.48,117289,1621612342.59007
760.27,3.53,-0.44,0,-8.6,117309,1621612342.60991
760.27,3.53,-0.44,0,-8.77,117329,1621612342.63046
760.27,3.53,-0.44,0,-8.95,117349,1621612342.64623
760.27,3.53,-0.44,0,-9.17,117369,1621612342.66662
760.27,3.53,-0.44,0,-9.4,117389,1621612342.68856
760.27,3.53,-0.44,0,-9.62,117409,1621612342.70884
760.27,3.53,-0.44,0,-9.87,117429,1621612342.73667
760.27,3.53,-0.44,0,-10.13,117449,1621612342.75138
760.27,3.53,-0.44,0,-10.37,117469,1621612342.76929
760.27,3.53,-0.44,0,-10.58,117489,1621612342.78953
760.27,3.53,-0.44,0,-10.77,117510,1621612342.80981
760.27,3.53,-0.44,0,-10.93,117529,1621612342.82994
760.27,3.53,-0.44,0,-11.08,117550,1621612342.84677
760.27,3.53,-0.44,0,-11.22,117569,1621612342.86834
760.27,3.53,-0.44,0,-11.35,117590,1621612342.88884
760.27,3.53,-0.44,0,-11.5,117609,1621612342.90929
760.27,3.53,-0.44,0,-11.63,117629,1621612342.92951
760.27,3.53,-0.44,0,-11.85,117649,1621612342.95487
760.27,3.53,-0.44,0,-12.08,117669,1621612342.97012
760.27,3.53,-0.44,0,-12.32,117689,1621612342.99723
760.27,3.53,-0.44,0,-12.52,117709,1621612343.01112
760.27,3.53,-0.44,0,-12.7,117729,1621612343.02726
760.27,3.53,-0.44,0,-12.88,117749,1621612343.05375
760.27,3.53,-0.44,0,-13.05,117769,1621612343.07491
760.27,3.53,-0.44,0,-13.15,117789,1621612343.08875
760.27,3.53,-0.44,0,-13.23,117810,1621612343.10852
760.27,3.53,-0.44,0,-13.28,117829,1621612343.12999
760.27,3.53,-0.44,0,-13.37,117850,1621612343.14987
760.27,3.53,-0.44,0,-13.48,117869,1621612343.17022
760.27,3.53,-0.44,0,-13.57,117890,1621612343.1906
760.27,3.53,-0.44,0,-13.6,117909,1621612343.20748
760.27,3.53,-0.44,0,-13.65,117929,1621612343.24031
760.27,3.53,-0.44,0,-13.68,117949,1621612343.25112
760.27,3.53,-0.44,0,-13.75,117969,1621612343.26918
760.27,3.53,-0.44,0,-13.88,117989,1621612343.28977
760.27,3.53,-0.44,0,-14.05,118009,1621612343.31046
760.27,3.53,-0.44,0,-14.25,118029,1621612343.33098
760.27,3.53,-0.44,0,-14.48,118049,1621612343.35095
760.27,3.53,-0.44,0,-14.75,118069,1621612343.37168
760.27,3.53,-0.44,0,-15.03,118089,1621612343.38893
760.27,3.53,-0.44,0,-15.33,118109,1621612343.40808
760.27,3.53,-0.44,0,-15.58,118129,1621612343.42948
760.27,3.53,-0.44,0,-15.78,118150,1621612343.44993
760.27,3.53,-0.44,0,-15.88,118169,1621612343.47022
760.27,3.53,-0.44,0,-15.93,118190,1621612343.49044
760.27,3.53,-0.44,0,-15.97,118209,1621612343.51048
760.27,3.53,-0.44,0,-15.98,118230,1621612343.53252
760.27,3.53,-0.44,0,-15.98,118249,1621612343.55709
760.27,3.53,-0.44,0,-16,118269,1621612343.57076
760.27,3.53,-0.44,0,-16,118289,1621612343.58984
760.27,3.53,-0.44,0,-16,118309,1621612343.60915
760.27,3.53,-0.44,0,-16,118329,1621612343.62982
760.27,3.53,-0.44,0,-16,118349,1621612343.64992
760.27,3.53,-0.44,0,-16.02,118370,1621612343.67017
760.27,3.53,-0.44,0,-16.03,118389,1621612343.69132
760.27,3.53,-0.44,0,-16.05,118409,1621612343.71175
760.27,3.53,-0.44,0,-16.07,118429,1621612343.73162
760.27,3.53,-0.44,0,-16.08,118450,1621612343.75288
760.27,3.53,-0.44,0,-16.1,118469,1621612343.7688
760.27,3.53,-0.44,0,-16.15,118490,1621612343.79037
760.27,3.53,-0.44,0,-16.23,118509,1621612343.81035
760.27,3.53,-0.44,0,-16.38,118530,1621612343.83037
760.27,3.53,-0.44,0,-16.57,118549,1621612343.8508
760.27,3.53,-0.44,0,-16.78,118569,1621612343.87131
760.27,3.53,-0.44,0,-17.02,118589,1621612343.89158
760.27,3.53,-0.44,0,-17.3,118609,1621612343.91301
760.27,3.53,-0.44,0,-17.57,118629,1621612343.92879
760.27,3.53,-0.44,0,-17.82,118649,1621612343.94901
760.27,3.53,-0.44,0,-18,118669,1621612343.96988
760.27,3.53,-0.44,0,-18.12,118689,1621612343.99036
760.27,3.53,-0.44,0,-18.2,118709,1621612344.01178
760.27,3.53,-0.44,0,-18.28,118729,1621612344.03166
760.27,3.53,-0.44,0,-18.38,118749,1621612344.05173
760.27,3.53,-0.44,0,-18.48,118769,1621612344.07183
760.27,3.53,-0.44,0,-18.6,118789,1621612344.09199
760.27,3.53,-0.44,0,-18.72,118809,1621612344.11007
760.27,3.53,-0.44,0,-18.87,118830,1621612344.12913
760.27,3.53,-0.44,0,-19.03,118849,1621612344.1504
760.27,3.53,-0.44,0,-19.2,118870,1621612344.17093
760.27,3.53,-0.44,0,-19.4,118889,1621612344.19164
760.27,3.53,-0.44,0,-19.6,118909,1621612344.21375
760.27,3.53,-0.44,0,-19.77,118929,1621612344.23226
760.27,3.53,-0.44,0,-19.93,118949,1621612344.25194
760.27,3.53,-0.44,0,-20.08,118969,1621612344.27253
760.27,3.53,-0.44,0,-20.23,118989,1621612344.29279
760.27,3.53,-0.44,0,-20.35,119009,1621612344.30985
760.27,3.53,-0.44,0,-20.48,119029,1621612344.33019
760.27,3.53,-0.44,0,-20.62,119049,1621612344.35019
760.27,3.53,-0.44,0,-20.73,119069,1621612344.37175
760.27,3.53,-0.44,0,-20.85,119089,1621612344.39222
760.27,3.53,-0.44,0,-20.97,119109,1621612344.41147
760.27,3.53,-0.44,0,-21.07,119129,1621612344.43245
760.27,3.53,-0.44,0,-21.18,119149,1621612344.45858
760.27,3.53,-0.44,0,-21.3,119170,1621612344.47229
760.27,3.53,-0.44,0,-21.43,119189,1621612344.48915
760.27,3.53,-0.44,0,-21.6,119209,1621612344.5095
760.27,3.53,-0.44,0,-21.77,119229,1621612344.5301
760.27,3.53,-0.44,0,-21.95,119249,1621612344.55033
760.27,3.53,-0.44,0,-22.13,119269,1621612344.57084
760.27,3.53,-0.44,0,-22.33,119289,1621612344.59131
760.27,3.53,-0.44,0,-22.52,119309,1621612344.61229
760.27,3.53,-0.44,0,-22.68,119329,1621612344.63393
760.27,3.53,-0.44,0,-22.83,119349,1621612344.65806
760.27,3.53,-0.44,0,-22.95,119369,1621612344.6701
760.27,3.53,-0.44,0,-23.07,119389,1621612344.69162
760.27,3.53,-0.44,0,-23.18,119409,1621612344.71956
760.27,3.53,-0.44,0,-23.27,119429,1621612344.73134
760.27,3.53,-0.44,0,-23.35,119449,1621612344.75108
760.27,3.53,-0.44,0,-23.43,119470,1621612344.77151
760.27,3.53,-0.44,0,-23.52,119489,1621612344.792
760.27,3.53,-0.44,0,-23.62,119510,1621612344.81304
760.27,3.53,-0.44,0,-23.72,119529,1621612344.83346
760.27,3.53,-0.44,0,-23.82,119549,1621612344.85018
760.27,3.53,-0.44,0,-23.9,119569,1621612344.87087
760.27,3.53,-0.44,0,-23.98,119589,1621612344.89144
760.27,3.53,-0.44,0,-24.07,119609,1621612344.91151
760.27,3.53,-0.44,0,-24.15,119629,1621612344.9321
760.27,3.53,-0.44,0,-24.25,119649,1621612344.9522
760.27,3.53,-0.44,0,-24.33,119669,1621612344.9726
760.27,3.53,-0.44,0,-24.43,119689,1621612344.99319
760.27,3.53,-0.44,0,-24.55,119709,1621612345.01446
760.27,3.53,-0.44,0,-24.67,119729,1621612345.03013
760.27,3.53,-0.44,0,-24.78,119749,1621612345.05246
760.27,3.53,-0.44,0,-24.92,119770,1621612345.07484
760.27,3.53,-0.44,0,-25.07,119789,1621612345.0918
760.27,3.53,-0.44,0,-25.2,119810,1621612345.11192
760.27,3.53,-0.44,0,-25.33,119829,1621612345.13371
760.27,3.53,-0.44,0,-25.48,119849,1621612345.1534
760.27,3.53,-0.44,0,-25.6,119869,1621612345.17381
760.27,3.53,-0.44,0,-25.72,119889,1621612345.19429
760.27,3.53,-0.44,0,-25.8,119909,1621612345.21075
760.27,3.53,-0.44,0,-25.87,119929,1621612345.23092
760.27,3.53,-0.44,0,-25.93,119949,1621612345.25198
760.27,3.53,-0.44,0,-26,119969,1621612345.28101
760.27,3.53,-0.44,0,-26.07,119989,1621612345.29333
760.27,3.53,-0.44,0,-26.13,120009,1621612345.31229
760.27,3.53,-0.44,0,-26.23,120030,1621612345.33659
760.27,3.53,-0.44,0,-26.35,120049,1621612345.35433
760.27,3.53,-0.44,0,-26.45,120070,1621612345.37353
760.27,3.53,-0.44,0,-26.53,120089,1621612345.39124
760.27,3.53,-0.44,0,-26.63,120110,1621612345.41067
760.27,3.53,-0.44,0,-26.73,120129,1621612345.43225
760.27,3.53,-0.44,0,-26.83,120150,1621612345.45269
760.27,3.53,-0.44,0,-26.95,120169,1621612345.47356
760.27,3.53,-0.44,0,-27.08,120189,1621612345.49268
760.27,3.53,-0.44,0,-27.22,120209,1621612345.51383
760.27,3.53,-0.44,0,-27.37,120229,1621612345.53482
760.27,3.53,-0.44,0,-27.48,120249,1621612345.55505
760.27,3.53,-0.44,0,-27.6,120269,1621612345.57161
760.27,3.53,-0.44,0,-27.7,120289,1621612345.59193
760.27,3.53,-0.44,0,-27.8,120309,1621612345.61193
760.27,3.53,-0.44,0,-27.9,120329,1621612345.63317
760.27,3.53,-0.44,0,-27.98,120349,1621612345.65359
760.27,3.53,-0.44,0,-28.07,120369,1621612345.6736
760.27,3.53,-0.44,0,-28.15,120389,1621612345.69554
760.27,3.53,-0.44,0,-28.23,120410,1621612345.71472
760.27,3.53,-0.44,0,-28.32,120429,1621612345.73483
760.27,3.53,-0.44,0,-28.4,120449,1621612345.75953
760.27,3.53,-0.44,0,-28.5,120469,1621612345.77195
760.27,3.53,-0.44,0,-28.58,120489,1621612345.79264
760.27,3.53,-0.44,0,-28.68,120509,1621612345.81234
760.27,3.53,-0.44,0,-28.78,120529,1621612345.83321
760.27,3.53,-0.44,0,-28.9,120549,1621612345.85323
760.27,3.53,-0.44,0,-29,120569,1621612345.87325
760.27,3.53,-0.44,0,-29.12,120589,1621612345.89516
760.27,3.53,-0.44,0,-29.23,120609,1621612345.91469
760.27,3.53,-0.44,0,-29.33,120629,1621612345.94119
760.27,3.53,-0.44,0,-29.45,120649,1621612345.9615
760.27,3.53,-0.44,0,-29.57,120670,1621612345.97278
760.27,3.53,-0.44,0,-29.68,120689,1621612345.99301
760.27,3.53,-0.44,0,-29.82,120710,1621612346.01842
760.27,3.53,-0.44,0,-29.93,120729,1621612346.03671
760.27,3.53,-0.44,0,-30.07,120750,1621612346.05513
760.27,3.53,-0.44,0,-30.22,120769,1621612346.0755
760.27,3.53,-0.44,0,-30.33,120790,1621612346.09528
760.27,3.53,-0.44,0,-30.47,120809,1621612346.11301
760.27,3.53,-0.44,0,-30.58,120829,1621612346.13267
760.27,3.53,-0.44,0,-30.68,120849,1621612346.15373
760.27,3.53,-0.44,0,-30.78,120869,1621612346.17409
760.27,3.53,-0.44,0,-30.88,120889,1621612346.19423
760.27,3.53,-0.44,0,-30.98,120909,1621612346.21477
760.27,3.53,-0.44,0,-31.1,120929,1621612346.23524
760.27,3.53,-0.44,0,-31.2,120949,1621612346.25539
760.27,3.53,-0.44,0,-31.3,120969,1621612346.27648
760.27,3.53,-0.44,0,-31.4,120989,1621612346.29231
760.27,3.53,-0.44,0,-31.48,121010,1621612346.32054
760.27,3.53,-0.44,0,-31.57,121029,1621612346.33412
760.27,3.53,-0.44,0,-31.65,121049,1621612346.35417
760.27,3.53,-0.44,0,-31.73,121069,1621612346.37409
760.27,3.53,-0.44,0,-31.8,121089,1621612346.40273
760.27,3.53,-0.44,0,-31.87,121109,1621612346.41549
760.27,3.53,-0.44,0,-31.95,121129,1621612346.43513
760.27,3.53,-0.44,0,-32.02,121149,1621612346.45555
760.27,3.53,-0.44,0,-32.1,121169,1621612346.48088
760.27,3.53,-0.44,0,-32.17,121189,1621612346.50544
760.27,3.53,-0.44,0,-32.23,121209,1621612346.51923
760.27,3.53,-0.44,0,-32.32,121229,1621612346.53381
760.27,3.53,-0.44,0,-32.4,121249,1621612346.55399
760.27,3.53,-0.44,0,-32.5,121269,1621612346.57465
760.27,3.53,-0.44,0,-32.6,121289,1621612346.59381
760.27,3.53,-0.44,0,-32.7,121310,1621612346.61536
760.27,3.53,-0.44,0,-32.8,121329,1621612346.63521
760.27,3.53,-0.44,0,-32.9,121350,1621612346.66072
760.27,3.53,-0.44,0,-33.02,121369,1621612346.68019
760.27,3.53,-0.44,0,-33.13,121390,1621612346.69423
760.27,3.53,-0.44,0,-33.23,121409,1621612346.71552
760.27,3.53,-0.44,0,-33.33,121430,1621612346.73547
760.27,3.53,-0.44,0,-33.42,121449,1621612346.75562
760.27,3.53,-0.44,0,-33.5,121469,1621612346.77622
760.27,3.53,-0.44,0,-33.57,121489,1621612346.79584
760.27,3.53,-0.44,0,-33.63,121509,1621612346.81767
760.27,3.53,-0.44,0,-33.68,121529,1621612346.83718
760.27,3.53,-0.44,0,-33.73,121549,1621612346.85408
760.27,3.53,-0.44,0,-33.78,121569,1621612346.87444
760.27,3.53,-0.44,0,-33.82,121589,1621612346.89522
760.27,3.53,-0.44,0,-33.87,121609,1621612346.9209
760.27,3.53,-0.44,0,-33.92,121629,1621612346.93971
760.27,3.53,-0.44,0,-33.97,121649,1621612346.95483
760.27,3.53,-0.44,0,-34.03,121669,1621612346.97518
760.27,3.53,-0.44,0,-34.08,121690,1621612346.99673
760.27,3.53,-0.44,0,-34.13,121709,1621612347.01681
760.27,3.53,-0.44,0,-34.17,121730,1621612347.03364
760.27,3.53,-0.44,0,-34.2,121749,1621612347.05327
760.27,3.53,-0.44,0,-34.23,121769,1621612347.07475
760.27,3.53,-0.44,0,-34.27,121789,1621612347.09525
760.27,3.53,-0.44,0,-34.32,121809,1621612347.123
760.27,3.53,-0.44,0,-34.37,121829,1621612347.13729
760.27,3.53,-0.44,0,-34.42,121849,1621612347.15543
760.27,3.53,-0.44,0,-34.48,121869,1621612347.18073
760.27,3.53,-0.44,0,-34.55,121889,1621612347.19731
760.27,3.53,-0.44,0,-34.65,121909,1621612347.21347
760.27,3.53,-0.44,0,-34.75,121929,1621612347.23318
760.27,3.53,-0.44,0,-34.87,121949,1621612347.25461
760.27,3.53,-0.44,0,-34.97,121969,1621612347.276
760.27,3.53,-0.44,0,-35.05,121990,1621612347.29639
760.27,3.53,-0.44,0,-35.13,122009,1621612347.3177
760.27,3.53,-0.44,0,-35.2,122030,1621612347.33879
760.27,3.53,-0.44,0,-35.25,122049,1621612347.35682
760.27,3.53,-0.44,0,-35.3,122070,1621612347.37708
760.27,3.53,-0.44,0,-35.33,122089,1621612347.39382
760.27,3.53,-0.44,0,-35.37,122109,1621612347.41504
760.27,3.53,-0.44,0,-35.38,122129,1621612347.43758
760.27,3.53,-0.44,0,-35.4,122149,1621612347.45986
760.27,3.53,-0.44,0,-35.43,122169,1621612347.47505
760.27,3.53,-0.44,0,-35.45,122189,1621612347.49596
760.27,3.53,-0.44,0,-35.48,122210,1621612347.51667
760.27,3.53,-0.44,0,-35.5,122229,1621612347.53609
760.27,3.53,-0.44,0,-35.53,122249,1621612347.5578
760.27,3.53,-0.44,0,-35.55,122269,1621612347.57812
760.27,3.53,-0.44,0,-35.6,122289,1621612347.59422
760.27,3.53,-0.44,0,-35.63,122309,1621612347.61519
760.27,3.53,-0.44,0,-35.68,122330,1621612347.636
760.27,3.53,-0.44,0,-35.72,122349,1621612347.65632
760.27,3.53,-0.44,0,-35.77,122370,1621612347.67659
760.27,3.53,-0.44,0,-35.83,122389,1621612347.69706
760.27,3.53,-0.44,0,-35.9,122409,1621612347.71778
760.27,3.53,-0.44,0,-35.98,122429,1621612347.73825
760.27,3.53,-0.44,0,-36.07,122449,1621612347.75525
760.27,3.53,-0.44,0,-36.15,122469,1621612347.77628
760.27,3.53,-0.44,0,-36.25,122489,1621612347.79624
760.27,3.53,-0.44,0,-36.32,122509,1621612347.8158
760.27,3.53,-0.44,0,-36.4,122529,1621612347.83572
760.27,3.53,-0.44,0,-36.47,122549,1621612347.85688
760.27,3.53,-0.44,0,-36.53,122569,1621612347.87737
760.27,3.53,-0.44,0,-36.6,122589,1621612347.89779
760.27,3.53,-0.44,0,-36.68,122609,1621612347.91814
760.27,3.53,-0.44,0,-36.77,122630,1621612347.93784
760.27,3.53,-0.44,0,-36.85,122649,1621612347.9549
760.27,3.53,-0.44,0,-36.95,122670,1621612347.97527
760.27,3.53,-0.44,0,-37.05,122689,1621612347.99577
760.27,3.53,-0.44,0,-37.15,122710,1621612348.01688
760.27,3.53,-0.44,0,-37.25,122729,1621612348.0366
760.27,3.53,-0.44,0,-37.33,122749,1621612348.05712
760.27,3.53,-0.44,0,-37.42,122769,1621612348.0773
760.27,3.53,-0.44,0,-37.47,122789,1621612348.09874
760.27,3.53,-0.44,0,-37.53,122809,1621612348.11498
760.27,3.53,-0.44,0,-37.58,122829,1621612348.1349
760.27,3.53,-0.44,0,-37.63,122849,1621612348.15618
760.27,3.53,-0.44,0,-37.68,122869,1621612348.17757
760.27,3.53,-0.44,0,-37.75,122889,1621612348.19945
760.27,3.53,-0.44,0,-37.8,122909,1621612348.21854
760.27,3.53,-0.44,0,-37.87,122929,1621612348.23745
760.27,3.53,-0.44,0,-37.92,122949,1621612348.25777
760.27,3.53,-0.44,0,-37.98,122969,1621612348.27818
760.27,3.53,-0.44,0,-38.03,122989,1621612348.30605
760.27,3.53,-0.44,0,-38.08,123010,1621612348.3196
760.27,3.53,-0.44,0,-38.12,123029,1621612348.33654
760.27,3.53,-0.44,0,-38.15,123049,1621612348.35649
760.27,3.53,-0.44,0,-38.18,123069,1621612348.37694
760.27,3.53,-0.44,0,-38.23,123089,1621612348.39766
760.27,3.53,-0.44,0,-38.27,123109,1621612348.42311
760.27,3.53,-0.44,0,-38.3,123129,1621612348.43811
760.27,3.53,-0.44,0,-38.35,123149,1621612348.45832
760.27,3.53,-0.44,0,-38.38,123169,1621612348.47415
760.27,3.53,-0.44,0,-38.43,123189,1621612348.49555
760.27,3.53,-0.44,0,-38.48,123209,1621612348.51594
760.27,3.53,-0.44,0,-38.55,123230,1621612348.53644
760.27,3.53,-0.44,0,-38.62,123249,1621612348.557
760.27,3.53,-0.44,0,-38.68,123270,1621612348.5769
760.27,3.53,-0.44,0,-38.75,123289,1621612348.59799
760.27,3.53,-0.44,0,-38.82,123310,1621612348.62503
760.27,3.53,-0.44,0,-38.88,123329,1621612348.63877
760.27,3.53,-0.44,0,-38.95,123350,1621612348.65872
760.27,3.53,-0.44,0,-39.02,123369,1621612348.6756
760.27,3.53,-0.44,0,-39.08,123389,1621612348.69594
760.27,3.53,-0.44,0,-39.13,123409,1621612348.71644
760.27,3.53,-0.44,0,-39.2,123429,1621612348.7367
760.27,3.53,-0.44,0,-39.27,123449,1621612348.75713
760.27,3.53,-0.44,0,-39.32,123469,1621612348.77735
760.27,3.53,-0.44,0,-39.38,123489,1621612348.79901
760.27,3.53,-0.44,0,-39.45,123509,1621612348.81874
760.27,3.53,-0.44,0,-39.52,123529,1621612348.83902
760.27,3.53,-0.44,0,-39.58,123549,1621612348.85591
760.27,3.53,-0.44,0,-39.67,123569,1621612348.87618
760.27,3.53,-0.44,0,-39.75,123589,1621612348.90159
760.27,3.53,-0.44,0,-39.8,123610,1621612348.91844
760.27,3.53,-0.44,0,-39.87,123629,1621612348.93829
760.27,3.53,-0.44,0,-39.92,123650,1621612348.95913
760.27,3.53,-0.44,0,-39.97,123669,1621612348.97971
760.27,3.53,-0.44,0,-40.02,123689,1621612349.00096
760.27,3.53,-0.44,0,-40.05,123709,1621612349.01929
760.27,3.53,-0.44,0,-40.1,123729,1621612349.0362
760.27,3.53,-0.44,0,-40.15,123749,1621612349.05702
760.27,3.53,-0.44,0,-40.2,123769,1621612349.07717
760.27,3.53,-0.44,0,-40.25,123789,1621612349.09785
760.27,3.53,-0.44,0,-40.28,123809,1621612349.11776
760.27,3.53,-0.44,0,-40.33,123829,1621612349.13899
760.27,3.53,-0.44,0,-40.37,123849,1621612349.15945
760.27,3.53,-0.44,0,-40.38,123869,1621612349.17974
760.27,3.53,-0.44,0,-40.42,123889,1621612349.20058
760.27,3.53,-0.44,0,-40.45,123909,1621612349.21655
760.27,3.53,-0.44,0,-40.47,123929,1621612349.2365
760.27,3.53,-0.44,0,-40.5,123950,1621612349.26045
760.27,3.53,-0.44,0,-40.53,123969,1621612349.28616
760.27,3.53,-0.44,0,-40.55,123990,1621612349.29958
760.27,3.53,-0.44,0,-40.57,124009,1621612349.31839
760.27,3.53,-0.44,0,-40.58,124029,1621612349.33906
760.27,3.53,-0.44,0,-40.62,124049,1621612349.35925
760.27,3.53,-0.44,0,-40.65,124069,1621612349.37955
760.27,3.53,-0.44,0,-40.67,124089,1621612349.39632
760.27,3.53,-0.44,0,-40.7,124109,1621612349.41809
760.27,3.53,-0.44,0,-40.73,124129,1621612349.4382
760.27,3.53,-0.44,0,-40.77,124149,1621612349.45852
760.27,3.53,-0.44,0,-40.8,124169,1621612349.47885
760.27,3.53,-0.44,0,-40.82,124189,1621612349.5034
760.27,3.53,-0.44,0,-40.85,124209,1621612349.51942
760.27,3.53,-0.44,0,-40.87,124229,1621612349.53976
760.27,3.53,-0.44,0,-40.9,124250,1621612349.56033
760.27,3.53,-0.44,0,-40.93,124269,1621612349.57638
760.27,3.53,-0.44,0,-40.97,124290,1621612349.5971
760.27,3.53,-0.44,0,-41.02,124309,1621612349.62023
760.27,3.53,-0.44,0,-41.05,124329,1621612349.64105
760.27,3.53,-0.44,0,-41.1,124349,1621612349.66142
760.27,3.53,-0.44,0,-41.13,124369,1621612349.68073
760.27,3.53,-0.44,0,-41.17,124389,1621612349.69999
760.27,3.53,-0.44,0,-41.22,124409,1621612349.72108
760.27,3.53,-0.44,0,-41.25,124429,1621612349.7407
760.27,3.53,-0.44,0,-41.3,124449,1621612349.76099
760.27,3.53,-0.44,0,-41.35,124469,1621612349.77781
760.27,3.53,-0.44,0,-41.38,124489,1621612349.79787
760.27,3.53,-0.44,0,-41.43,124510,1621612349.81919
760.27,3.53,-0.44,0,-41.47,124529,1621612349.83852
760.27,3.53,-0.44,0,-41.52,124549,1621612349.85896
760.27,3.53,-0.44,0,-41.55,124569,1621612349.87941
760.27,3.53,-0.44,0,-41.6,124590,1621612349.90142
760.27,3.53,-0.44,0,-41.63,124609,1621612349.92104
760.27,3.53,-0.44,0,-41.67,124630,1621612349.94135
760.27,3.53,-0.44,0,-41.7,124649,1621612349.95839
760.27,3.53,-0.44,0,-41.73,124669,1621612349.97852
760.27,3.53,-0.44,0,-41.75,124689,1621612349.99843
760.27,3.53,-0.44,0,-41.78,124709,1621612350.0224
760.27,3.53,-0.44,0,-41.8,124729,1621612350.04108
760.27,3.53,-0.44,0,-41.83,124749,1621612350.06036
760.27,3.53,-0.44,0,-41.85,124769,1621612350.0804
760.27,3.53,-0.44,0,-41.88,124789,1621612350.10165
760.27,3.53,-0.44,0,-41.92,124809,1621612350.11796
760.27,3.53,-0.44,0,-41.95,124829,1621612350.13849
760.27,3.53,-0.44,0,-41.98,124849,1621612350.15889
760.27,3.53,-0.44,0,-42.03,124869,1621612350.18073
760.27,3.53,-0.44,0,-42.08,124890,1621612350.20145
760.27,3.53,-0.44,0,-42.15,124909,1621612350.21958
760.27,3.53,-0.44,0,-42.23,124930,1621612350.23967
760.27,3.53,-0.44,0,-42.32,124949,1621612350.26068
760.27,3.53,-0.44,0,-42.4,124969,1621612350.28141
760.27,3.53,-0.44,0,-42.48,124989,1621612350.30067
760.27,3.53,-0.44,0,-42.57,125009,1621612350.31752
760.27,3.53,-0.44,0,-42.65,125029,1621612350.33773
760.27,3.53,-0.44,0,-42.72,125049,1621612350.35887
760.27,3.53,-0.44,0,-42.8,125069,1621612350.3796
760.27,3.53,-0.44,0,-42.87,125089,1621612350.39962
760.27,3.53,-0.44,0,-42.92,125109,1621612350.41975
760.27,3.53,-0.44,0,-42.97,125129,1621612350.44129
760.27,3.53,-0.44,0,-43.02,125150,1621612350.46169
760.27,3.53,-0.44,0,-43.05,125169,1621612350.48314
760.27,3.53,-0.44,0,-43.1,125190,1621612350.50106
760.27,3.53,-0.44,0,-43.13,125209,1621612350.51815
760.27,3.53,-0.44,0,-43.17,125230,1621612350.53885
760.27,3.53,-0.44,0,-43.22,125249,1621612350.55931
760.27,3.53,-0.44,0,-43.25,125270,1621612350.57993
760.27,3.53,-0.44,0,-43.3,125289,1621612350.60046
760.27,3.53,-0.44,0,-43.33,125309,1621612350.62057
760.27,3.53,-0.44,0,-43.37,125329,1621612350.64232
760.27,3.53,-0.44,0,-43.4,125349,1621612350.66229
760.27,3.53,-0.44,0,-43.43,125369,1621612350.67978
760.27,3.53,-0.44,0,-43.47,125389,1621612350.69895
760.27,3.53,-0.44,0,-43.5,125409,1621612350.72524
760.27,3.53,-0.44,0,-43.53,125429,1621612350.743
760.27,3.53,-0.44,0,-43.57,125449,1621612350.76115
760.27,3.53,-0.44,0,-43.6,125469,1621612350.78112
760.27,3.53,-0.44,0,-43.63,125489,1621612350.80163
760.27,3.53,-0.44,0,-43.67,125509,1621612350.82242
760.27,3.53,-0.44,0,-43.7,125530,1621612350.84802
760.27,3.53,-0.44,0,-43.73,125549,1621612350.86383
760.27,3.53,-0.44,0,-43.77,125570,1621612350.87962
760.27,3.53,-0.44,0,-43.8,125589,1621612350.90045
760.27,3.53,-0.44,0,-43.82,125609,1621612350.91992
760.27,3.53,-0.44,0,-43.85,125629,1621612350.94135
760.27,3.53,-0.44,0,-43.9,125649,1621612350.96165
760.27,3.53,-0.44,0,-43.93,125669,1621612350.98207
760.27,3.53,-0.44,0,-43.97,125689,1621612351.00239
760.27,3.53,-0.44,0,-43.98,125709,1621612351.02199
760.27,3.53,-0.44,0,-44.02,125729,1621612351.04301
760.27,3.53,-0.44,0,-44.05,125749,1621612351.05982
760.27,3.53,-0.44,0,-44.08,125769,1621612351.07968
760.27,3.53,-0.44,0,-44.12,125789,1621612351.10099
760.27,3.53,-0.44,0,-44.15,125809,1621612351.121
760.27,3.53,-0.44,0,-44.18,125829,1621612351.14118
760.27,3.53,-0.44,0,-44.22,125849,1621612351.16151
760.27,3.53,-0.44,0,-44.25,125869,1621612351.18185
760.27,3.53,-0.44,0,-44.28,125889,1621612351.20385
760.27,3.53,-0.44,0,-44.32,125910,1621612351.21897
760.27,3.53,-0.44,0,-44.37,125929,1621612351.2392
760.27,3.53,-0.44,0,-44.4,125949,1621612351.26035
760.27,3.53,-0.44,0,-44.43,125969,1621612351.28056
760.27,3.53,-0.44,0,-44.47,125989,1621612351.30184
760.27,3.53,-0.44,0,-44.48,126010,1621612351.32162
760.27,3.53,-0.44,0,-44.52,126029,1621612351.34147
760.27,3.53,-0.44,0,-44.53,126049,1621612351.36268
760.27,3.53,-0.44,0,-44.57,126069,1621612351.38312
760.27,3.53,-0.44,0,-44.62,126089,1621612351.39904
760.27,3.53,-0.44,0,-44.65,126109,1621612351.42027
760.27,3.53,-0.44,0,-44.68,126130,1621612351.44046
760.27,3.53,-0.44,0,-44.72,126149,1621612351.46203
760.27,3.53,-0.44,0,-44.73,126170,1621612351.4822
760.27,3.53,-0.44,0,-44.75,126189,1621612351.50454
760.27,3.53,-0.44,0,-44.77,126210,1621612351.52378
760.27,3.53,-0.44,0,-44.8,126229,1621612351.5445
760.27,3.53,-0.44,0,-44.83,126249,1621612351.56407
760.27,3.53,-0.44,0,-44.85,126269,1621612351.57948
760.27,3.53,-0.44,0,-44.88,126289,1621612351.60073
760.27,3.53,-0.44,0,-44.9,126309,1621612351.62054
760.27,3.53,-0.44,0,-44.93,126329,1621612351.64086
760.27,3.53,-0.44,0,-44.97,126349,1621612351.662
760.27,3.53,-0.44,0,-45.02,126369,1621612351.68263
760.27,3.53,-0.44,0,-45.05,126389,1621612351.70304
760.27,3.53,-0.44,0,-45.1,126409,1621612351.7237
760.27,3.53,-0.44,0,-45.13,126429,1621612351.74443
760.27,3.53,-0.44,0,-45.18,126449,1621612351.75976
760.27,3.53,-0.44,0,-45.22,126470,1621612351.7812
760.27,3.53,-0.44,0,-45.27,126489,1621612351.80126
760.27,3.53,-0.44,0,-45.32,126509,1621612351.8221
760.27,3.53,-0.44,0,-45.37,126529,1621612351.84205
760.27,3.53,-0.44,0,-45.42,126550,1621612351.86723
760.27,3.53,-0.44,0,-45.47,126569,1621612351.88237
760.27,3.53,-0.44,0,-45.52,126589,1621612351.90294
760.27,3.53,-0.44,0,-45.57,126609,1621612351.92304
760.27,3.53,-0.44,0,-45.6,126629,1621612351.93991
760.27,3.53,-0.44,0,-45.63,126649,1621612351.96966
760.27,3.53,-0.44,0,-45.67,126669,1621612351.98752
760.27,3.53,-0.44,0,-45.7,126689,1621612352.00161
760.27,3.53,-0.44,0,-45.73,126709,1621612352.02174
760.27,3.53,-0.44,0,-45.77,126729,1621612352.0424
760.27,3.53,-0.44,0,-45.78,126749,1621612352.06294
760.27,3.53,-0.44,0,-45.78,126769,1621612352.08367
760.27,3.53,-0.44,0,-45.8,126789,1621612352.10377
760.27,3.53,-0.44,0,-45.82,126810,1621612352.12447
760.27,3.53,-0.44,0,-45.83,126829,1621612352.13986
760.27,3.53,-0.44,0,-45.83,126850,1621612352.16033
760.27,3.53,-0.44,0,-45.85,126869,1621612352.18125
760.27,3.53,-0.44,0,-45.87,126889,1621612352.20162
760.27,3.53,-0.44,0,-45.88,126909,1621612352.222
760.27,3.53,-0.44,0,-45.9,126929,1621612352.2433
760.27,3.53,-0.44,0,-45.92,126949,1621612352.26391
760.27,3.53,-0.44,0,-45.93,126969,1621612352.28408
760.27,3.53,-0.44,0,-45.93,126989,1621612352.30481
760.27,3.53,-0.44,0,-45.95,127009,1621612352.32169
760.27,3.53,-0.44,0,-45.95,127030,1621612352.34205
760.27,3.53,-0.44,0,-45.97,127049,1621612352.3626
760.27,3.53,-0.44,0,-45.98,127069,1621612352.383
760.27,3.53,-0.44,0,-45.98,127089,1621612352.40343
760.27,3.53,-0.44,0,-45.98,127109,1621612352.4239
760.27,3.53,-0.44,0,-46,127129,1621612352.44421
760.27,3.53,-0.44,0,-46.02,127150,1621612352.46473
760.27,3.53,-0.44,0,-46.02,127169,1621612352.48496
760.27,3.53,-0.44,0,-46.03,127190,1621612352.50192
760.27,3.53,-0.44,0,-46.05,127209,1621612352.52325
760.27,3.53,-0.44,0,-46.05,127229,1621612352.54129
760.27,3.53,-0.44,0,-46.07,127249,1621612352.56204
760.27,3.53,-0.44,0,-46.08,127269,1621612352.58235
760.27,3.53,-0.44,0,-46.1,127289,1621612352.60311
760.27,3.53,-0.44,0,-46.12,127309,1621612352.6239
760.27,3.53,-0.44,0,-46.12,127329,1621612352.64457
760.27,3.53,-0.44,0,-46.12,127349,1621612352.66565
760.27,3.53,-0.44,0,-46.13,127369,1621612352.68129
760.27,3.53,-0.44,0,-46.13,127389,1621612352.70244
760.27,3.53,-0.44,0,-46.15,127410,1621612352.72397
760.27,3.53,-0.44,0,-46.15,127429,1621612352.74399
760.27,3.53,-0.44,0,-46.17,127450,1621612352.7643
760.27,3.53,-0.44,0,-46.17,127469,1621612352.78448
760.27,3.53,-0.44,0,-46.18,127490,1621612352.80513
760.27,3.53,-0.44,0,-46.2,127509,1621612352.82541
760.27,3.53,-0.44,0,-46.22,127529,1621612352.84546
760.27,3.53,-0.44,0,-46.23,127549,1621612352.86739
760.27,3.53,-0.44,0,-46.25,127569,1621612352.88303
760.27,3.53,-0.44,0,-46.25,127589,1621612352.90249
760.27,3.53,-0.44,0,-46.27,127609,1621612352.92281
760.27,3.53,-0.44,0,-46.28,127629,1621612352.94365
760.27,3.53,-0.44,0,-46.3,127649,1621612352.96419
760.27,3.53,-0.44,0,-46.32,127669,1621612352.98438
760.27,3.53,-0.44,0,-46.32,127689,1621612353.00475
760.27,3.53,-0.44,0,-46.33,127709,1621612353.02511
760.27,3.53,-0.44,0,-46.35,127729,1621612353.04194
760.27,3.53,-0.44,0,-46.35,127750,1621612353.06302
760.27,3.53,-0.44,0,-46.37,127769,1621612353.08304
760.27,3.53,-0.44,0,-46.37,127790,1621612353.1123
760.27,3.53,-0.44,0,-46.37,127809,1621612353.12463
760.27,3.53,-0.44,0,-46.37,127830,1621612353.14384
760.27,3.53,-0.44,0,-46.37,127849,1621612353.16455
760.27,3.53,-0.44,0,-46.37,127869,1621612353.18532
760.27,3.53,-0.44,0,-46.37,127889,1621612353.2054
760.27,3.53,-0.44,0,-46.37,127909,1621612353.22207
760.27,3.53,-0.44,0,-46.37,127929,1621612353.24218
760.27,3.53,-0.44,0,-46.37,127949,1621612353.26322
760.27,3.53,-0.44,0,-46.35,127970,1621612353.28389
760.27,3.53,-0.44,0,-46.33,127989,1621612353.30818
760.27,3.53,-0.44,0,-46.32,128009,1621612353.32483
760.27,3.53,-0.44,0,-46.28,128029,1621612353.34474
760.27,3.53,-0.44,0,-46.23,128049,1621612353.36482
760.27,3.53,-0.44,0,-46.2,128069,1621612353.38543
760.27,3.53,-0.44,0,-46.15,128090,1621612353.40601
760.27,3.53,-0.44,0,-46.12,128109,1621612353.42299
760.27,3.53,-0.44,0,-46.07,128130,1621612353.44401
760.27,3.53,-0.44,0,-46.02,128149,1621612353.46461
760.27,3.53,-0.44,0,-45.95,128169,1621612353.48474
760.27,3.53,-0.44,0,-45.9,128189,1621612353.5055
760.27,3.53,-0.44,0,-45.83,128209,1621612353.52555
760.27,3.53,-0.44,0,-45.75,128229,1621612353.54618
760.27,3.53,-0.44,0,-45.67,128249,1621612353.56667
760.27,3.53,-0.44,0,-45.57,128269,1621612353.58316
760.27,3.53,-0.44,0,-45.47,128289,1621612353.60406
760.27,3.53,-0.44,0,-45.35,128309,1621612353.62411
760.27,3.53,-0.44,0,-45.25,128329,1621612353.64452
760.27,3.53,-0.44,0,-45.12,128349,1621612353.66571
760.27,3.53,-0.44,0,-44.98,128369,1621612353.68503
760.27,3.53,-0.44,0,-44.85,128390,1621612353.70638
760.27,3.53,-0.44,0,-44.72,128409,1621612353.72604
760.27,3.53,-0.44,0,-44.58,128430,1621612353.74645
760.27,3.53,-0.44,0,-44.42,128449,1621612353.76316
760.27,3.53,-0.44,0,-44.25,128470,1621612353.78383
760.27,3.53,-0.44,0,-44.1,128489,1621612353.80373
760.27,3.53,-0.44,0,-43.95,128509,1621612353.83236
760.27,3.53,-0.44,0,-43.78,128529,1621612353.84456
760.27,3.53,-0.44,0,-43.65,128549,1621612353.86454
760.27,3.53,-0.44,0,-43.52,128569,1621612353.8902
760.27,3.53,-0.44,0,-43.38,128589,1621612353.90629
760.27,3.53,-0.44,0,-43.25,128609,1621612353.92571
760.27,3.53,-0.44,0,-43.15,128629,1621612353.9463
760.27,3.53,-0.44,0,-43.08,128650,1621612353.96344
760.27,3.53,-0.44,0,-43.05,128669,1621612353.98357
760.27,3.53,-0.44,0,-43.03,128689,1621612354.00575
760.27,3.53,-0.44,0,-43.02,128709,1621612354.02558
760.27,3.53,-0.44,0,-42.98,128729,1621612354.04585
760.27,3.53,-0.44,0,-42.97,128749,1621612354.06632
760.27,3.53,-0.44,0,-42.97,128770,1621612354.08659
760.27,3.53,-0.44,0,-42.95,128789,1621612354.10684
760.27,3.53,-0.44,0,-42.95,128809,1621612354.12759
760.27,3.53,-0.44,0,-42.95,128829,1621612354.14326
760.27,3.53,-0.44,0,-42.95,128849,1621612354.16372
760.27,3.53,-0.44,0,-42.95,128869,1621612354.18529
760.27,3.53,-0.44,0,-42.95,128889,1621612354.20604
760.27,3.53,-0.44,0,-42.95,128910,1621612354.22581
760.27,3.53,-0.44,0,-42.95,128929,1621612354.24601
760.27,3.53,-0.44,0,-42.95,128950,1621612354.27187
760.27,3.53,-0.44,0,-42.95,128969,1621612354.28698
760.27,3.53,-0.44,0,-42.95,128990,1621612354.30872
760.27,3.53,-0.44,0,-42.95,129009,1621612354.32757
760.27,3.53,-0.44,0,-42.95,129030,1621612354.34828
760.27,3.53,-0.44,0,-42.95,129049,1621612354.3657
760.27,3.53,-0.44,0,-42.95,129070,1621612354.38662
760.27,3.53,-0.44,0,-42.93,129089,1621612354.40828
760.27,3.53,-0.44,0,-42.93,129110,1621612354.42672
760.27,3.53,-0.44,0,-42.93,129129,1621612354.44673
760.27,3.53,-0.44,0,-42.93,129149,1621612354.46698
760.27,3.53,-0.44,0,-42.93,129169,1621612354.48756
760.27,3.53,-0.44,0,-42.93,129189,1621612354.5054
760.27,3.53,-0.44,0,-42.93,129209,1621612354.52441
760.27,3.53,-0.44,0,-42.93,129229,1621612354.54475
760.27,3.53,-0.44,0,-42.93,129249,1621612354.56596
760.27,3.53,-0.44,0,-42.93,129269,1621612354.5862
760.27,3.53,-0.44,0,-42.93,129289,1621612354.60727
760.27,3.53,-0.44,0,-42.93,129309,1621612354.63244
760.27,3.53,-0.44,0,-42.93,129329,1621612354.64681
760.27,3.53,-0.44,0,-42.93,129349,1621612354.66786
760.27,3.53,-0.44,0,-42.93,129370,1621612354.68459
760.27,3.53,-0.44,0,-42.93,129389,1621612354.70506
760.27,3.53,-0.44,0,-42.93,129410,1621612354.72535
760.27,3.53,-0.44,0,-42.93,129429,1621612354.74612
760.27,3.53,-0.44,0,-42.93,129449,1621612354.76676
760.27,3.53,-0.44,0,-42.93,129469,1621612354.79211
760.27,3.53,-0.44,0,-42.93,129489,1621612354.80729
760.27,3.53,-0.44,0,-42.93,129509,1621612354.8278
760.27,3.53,-0.44,0,-42.93,129529,1621612354.84804
760.27,3.53,-0.44,0,-42.93,129549,1621612354.86511
760.27,3.53,-0.44,0,-42.93,129569,1621612354.88544
760.27,3.53,-0.44,0,-42.93,129589,1621612354.90578
760.27,3.53,-0.44,0,-42.93,129609,1621612354.92599
760.27,3.53,-0.44,0,-42.93,129629,1621612354.95097
760.27,3.53,-0.44,0,-42.93,129649,1621612354.9674
760.27,3.53,-0.44,0,-42.93,129669,1621612354.9872
760.27,3.53,-0.44,0,-42.93,129689,1621612355.00753
760.27,3.53,-0.44,0,-42.93,129710,1621612355.02781
760.27,3.53,-0.44,0,-42.93,129729,1621612355.04456
760.27,3.53,-0.44,0,-42.93,129750,1621612355.06522
760.27,3.53,-0.44,0,-42.93,129769,1621612355.08656
760.27,3.53,-0.44,0,-42.93,129789,1621612355.10657
760.27,3.53,-0.44,0,-42.93,129809,1621612355.12781
760.27,3.53,-0.44,0,-42.93,129829,1621612355.148
760.27,3.53,-0.44,0,-42.93,129849,1621612355.16788
760.27,3.53,-0.44,0,-42.93,129869,1621612355.19668
760.27,3.53,-0.44,0,-42.93,129889,1621612355.21048
760.27,3.53,-0.44,0,-42.93,129909,1621612355.22918
760.27,3.53,-0.44,0,-42.92,129929,1621612355.24626
760.27,3.53,-0.44,0,-42.92,129949,1621612355.2668
760.27,3.53,-0.44,0,-42.92,129969,1621612355.28757
760.27,3.53,-0.44,0,-42.92,129989,1621612355.30766
760.27,3.53,-0.44,0,-42.92,130009,1621612355.32817
760.27,3.53,-0.44,0,-42.92,130029,1621612355.34799
760.27,3.53,-0.44,0,-42.92,130050,1621612355.36878
760.27,3.53,-0.44,0,-42.92,130069,1621612355.38921
760.27,3.53,-0.44,0,-42.92,130089,1621612355.40498
760.27,3.53,-0.44,0,-42.92,130109,1621612355.42632
760.27,3.53,-0.44,0,-42.92,130129,1621612355.44664
760.27,3.53,-0.44,0,-42.92,130149,1621612355.46712
760.27,3.53,-0.44,0,-42.92,130169,1621612355.48736
760.27,3.53,-0.44,0,-42.92,130189,1621612355.50729
760.27,3.53,-0.44,0,-42.92,130209,1621612355.52875
760.27,3.53,-0.44,0,-42.92,130229,1621612355.54887
760.27,3.53,-0.44,0,-42.92,130249,1621612355.56872
760.27,3.53,-0.44,0,-42.92,130269,1621612355.58557
760.27,3.53,-0.44,0,-42.92,130289,1621612355.60641
760.27,3.53,-0.44,0,-42.92,130309,1621612355.62664
760.27,3.53,-0.44,0,-42.92,130329,1621612355.64712
760.27,3.53,-0.44,0,-42.92,130349,1621612355.67185
760.27,3.53,-0.44,0,-42.92,130369,1621612355.68841
760.27,3.53,-0.44,0,-42.92,130390,1621612355.70835
760.27,3.53,-0.44,0,-42.92,130409,1621612355.72865
760.27,3.53,-0.44,0,-42.92,130429,1621612355.74949
760.27,3.53,-0.44,0,-42.92,130449,1621612355.76617
760.27,3.53,-0.44,0,-42.92,130469,1621612355.78655
760.27,3.53,-0.44,0,-42.92,130489,1621612355.80693
760.27,3.53,-0.44,0,-42.92,130509,1621612355.82718
760.27,3.53,-0.44,0,-42.92,130529,1621612355.84759
760.27,3.53,-0.44,0,-42.92,130549,1621612355.87586
760.27,3.53,-0.44,0,-42.92,130569,1621612355.88892
760.27,3.53,-0.44,0,-42.92,130589,1621612355.90903
760.27,3.53,-0.44,0,-42.92,130609,1621612355.92963
760.27,3.53,-0.44,0,-42.92,130629,1621612355.95022
760.27,3.53,-0.44,0,-42.92,130649,1621612355.96611
760.27,3.53,-0.44,0,-42.92,130669,1621612355.98677
760.27,3.53,-0.44,0,-42.92,130690,1621612356.0079
760.27,3.53,-0.44,0,-42.92,130709,1621612356.02904
760.27,3.53,-0.44,0,-42.92,130729,1621612356.04958
760.27,3.53,-0.44,0,-42.92,130749,1621612356.06967
760.27,3.53,-0.44,0,-42.92,130769,1621612356.08999
760.27,3.53,-0.44,0,-42.92,130789,1621612356.11046
760.27,3.53,-0.44,0,-42.92,130809,1621612356.13018
760.27,3.53,-0.44,0,-42.92,130829,1621612356.14665
760.27,3.53,-0.44,0,-42.92,130849,1621612356.16709
760.27,3.53,-0.44,0,-42.92,130869,1621612356.188
760.27,3.53,-0.44,0,-42.92,130889,1621612356.20765
760.27,3.53,-0.44,0,-42.92,130909,1621612356.22803
760.27,3.53,-0.44,0,-42.92,130929,1621612356.24881
760.27,3.53,-0.44,0,-42.92,130949,1621612356.26985
760.27,3.53,-0.44,0,-42.92,130969,1621612356.28999
760.27,3.53,-0.44,0,-42.92,130989,1621612356.31085
760.27,3.53,-0.44,0,-42.92,131009,1621612356.32622
760.27,3.53,-0.44,0,-42.92,131030,1621612356.34694
760.27,3.53,-0.44,0,-42.92,131049,1621612356.36845
760.27,3.53,-0.44,0,-42.92,131069,1621612356.38926
760.27,3.53,-0.44,0,-42.92,131089,1621612356.40978
760.27,3.53,-0.44,0,-42.92,131109,1621612356.42967
760.27,3.53,-0.44,0,-42.92,131129,1621612356.44997
760.27,3.53,-0.44,0,-42.92,131149,1621612356.46985
760.27,3.53,-0.44,0,-42.92,131169,1621612356.49104
760.27,3.53,-0.44,0,-42.92,131189,1621612356.50704
760.27,3.53,-0.44,0,-42.92,131209,1621612356.52719
760.27,3.53,-0.44,0,-42.92,131229,1621612356.54768
760.27,3.53,-0.44,0,-42.92,131249,1621612356.56782
760.27,3.53,-0.44,0,-42.92,131269,1621612356.58845
760.27,3.53,-0.44,0,-42.92,131289,1621612356.60933
760.27,3.53,-0.44,0,-42.92,131309,1621612356.62928
760.27,3.53,-0.44,0,-42.92,131330,1621612356.65022
760.27,3.53,-0.44,0,-42.92,131349,1621612356.67118
760.27,3.53,-0.44,0,-42.92,131369,1621612356.6868
760.27,3.53,-0.44,0,-42.92,131389,1621612356.70758
760.27,3.53,-0.44,0,-42.92,131409,1621612356.72742
760.27,3.53,-0.44,0,-42.92,131429,1621612356.74909
760.27,3.53,-0.44,0,-42.92,131449,1621612356.76935
760.27,3.53,-0.44,0,-42.92,131469,1621612356.78962
760.27,3.53,-0.44,0,-42.92,131489,1621612356.81024
760.27,3.53,-0.44,0,-42.92,131509,1621612356.83108
760.27,3.53,-0.44,0,-42.92,131529,1621612356.85102
760.27,3.53,-0.44,0,-42.92,131549,1621612356.86797
760.27,3.53,-0.44,0,-42.92,131569,1621612356.88845
760.27,3.53,-0.44,0,-42.92,131589,1621612356.90906
760.27,3.53,-0.44,0,-42.92,131609,1621612356.92912
760.27,3.53,-0.44,0,-42.92,131629,1621612356.94944
760.27,3.53,-0.44,0,-42.92,131649,1621612356.98158
760.27,3.53,-0.44,0,-42.92,131670,1621612356.99054
760.27,3.53,-0.44,0,-42.92,131689,1621612357.01243
760.27,3.53,-0.44,0,-42.92,131709,1621612357.03127
760.27,3.53,-0.44,0,-42.92,131729,1621612357.04804
760.27,3.53,-0.44,0,-42.92,131749,1621612357.0684
760.27,3.53,-0.44,0,-42.92,131769,1621612357.08901
760.27,3.53,-0.44,0,-42.9,131789,1621612357.10844
760.27,3.53,-0.44,0,-42.9,131809,1621612357.12958
760.27,3.53,-0.44,0,-42.9,131829,1621612357.14972
760.27,3.53,-0.44,0,-42.9,131849,1621612357.17481
760.27,3.53,-0.44,0,-42.9,131869,1621612357.19087
760.27,3.53,-0.44,0,-42.9,131889,1621612357.21149
760.27,3.53,-0.44,0,-42.9,131909,1621612357.22739
760.27,3.53,-0.44,0,-42.9,131930,1621612357.24759
760.27,3.53,-0.44,0,-42.9,131949,1621612357.26872
760.27,3.53,-0.44,0,-42.9,131970,1621612357.28957
760.27,3.53,-0.44,0,-42.9,131989,1621612357.31069
760.27,3.53,-0.44,0,-42.9,132009,1621612357.32973
760.27,3.53,-0.44,0,-42.9,132029,1621612357.35035
760.27,3.53,-0.44,0,-42.9,132049,1621612357.37048
760.27,3.53,-0.44,0,-42.9,132069,1621612357.391
760.27,3.53,-0.44,0,-42.9,132089,1621612357.40893
760.27,3.53,-0.44,0,-42.9,132109,1621612357.42787
760.27,3.53,-0.44,0,-42.9,132129,1621612357.44885
760.27,3.53,-0.44,0,-42.9,132149,1621612357.46902
760.27,3.53,-0.44,0,-42.9,132169,1621612357.48944
760.27,3.53,-0.44,0,-42.9,132189,1621612357.50997
760.27,3.53,-0.44,0,-42.9,132209,1621612357.53137
760.27,3.53,-0.44,0,-42.9,132229,1621612357.55174
760.27,3.53,-0.44,0,-42.9,132249,1621612357.57194
760.27,3.53,-0.44,0,-42.9,132270,1621612357.58743
760.27,3.53,-0.44,0,-42.9,132289,1621612357.60895
760.27,3.53,-0.44,0,-42.9,132310,1621612357.62916
760.27,3.53,-0.44,0,-42.9,132329,1621612357.64921
760.27,3.53,-0.44,0,-42.9,132349,1621612357.66937
760.27,3.53,-0.44,0,-42.9,132369,1621612357.69073
760.27,3.53,-0.44,0,-42.9,132389,1621612357.72199
760.27,3.53,-0.44,0,-42.9,132409,1621612357.73308
760.27,3.53,-0.44,0,-42.9,132429,1621612357.75335
760.27,3.53,-0.44,0,-42.9,132449,1621612357.76876
760.27,3.53,-0.44,0,-42.9,132469,1621612357.78911
760.27,3.53,-0.44,0,-42.9,132489,1621612357.80853
760.27,3.53,-0.44,0,-42.9,132509,1621612357.82972
760.27,3.53,-0.44,0,-42.9,132529,1621612357.84964
760.27,3.53,-0.44,0,-42.9,132549,1621612357.87125
760.27,3.53,-0.44,0,-42.9,132570,1621612357.89139
760.27,3.53,-0.44,0,-42.9,132589,1621612357.91086
760.27,3.53,-0.44,0,-42.9,132610,1621612357.93216
760.27,3.53,-0.44,0,-42.9,132629,1621612357.95192
760.27,3.53,-0.44,0,-42.9,132649,1621612357.96865
760.27,3.53,-0.44,0,-42.9,132669,1621612357.98912
760.27,3.53,-0.44,0,-42.9,132689,1621612358.01149
760.27,3.53,-0.44,0,-42.9,132709,1621612358.03291
760.27,3.53,-0.44,0,-42.9,132729,1621612358.05123
760.27,3.53,-0.44,0,-42.9,132749,1621612358.071
760.27,3.53,-0.44,0,-42.9,132769,1621612358.09161
760.27,3.53,-0.44,0,-42.9,132789,1621612358.1127
760.27,3.53,-0.44,0,-42.9,132809,1621612358.13302
760.27,3.53,-0.44,0,-42.9,132829,1621612358.14919
760.27,3.53,-0.44,0,-42.9,132849,1621612358.17049
760.27,3.53,-0.44,0,-42.9,132869,1621612358.19162
760.27,3.53,-0.44,0,-42.9,132889,1621612358.21178
760.27,3.53,-0.44,0,-42.9,132910,1621612358.23209
760.27,3.53,-0.44,0,-42.9,132929,1621612358.25191
760.27,3.53,-0.44,0,-42.9,132950,1621612358.27206
760.27,3.53,-0.44,0,-42.9,132969,1621612358.29293
760.27,3.53,-0.44,0,-42.9,132989,1621612358.31441
760.27,3.53,-0.44,0,-42.9,133009,1621612358.33091
760.27,3.53,-0.44,0,-42.9,133029,1621612358.35081
760.27,3.53,-0.44,0,-42.9,133049,1621612358.37104
760.27,3.53,-0.44,0,-42.9,133069,1621612358.39116
760.27,3.53,-0.44,0,-42.9,133089,1621612358.4114
760.27,3.53,-0.44,0,-42.9,133109,1621612358.43319
760.27,3.53,-0.44,0,-42.9,133129,1621612358.45226
760.27,3.53,-0.44,0,-42.9,133149,1621612358.47283
760.27,3.53,-0.44,0,-42.9,133169,1621612358.49819
760.27,3.53,-0.44,0,-42.9,133189,1621612358.50953
760.27,3.53,-0.44,0,-42.9,133210,1621612358.52983
760.27,3.53,-0.44,0,-42.9,133229,1621612358.54996
760.27,3.53,-0.44,0,-42.9,133250,1621612358.57119
760.27,3.53,-0.44,0,-42.9,133269,1621612358.59123
760.27,3.53,-0.44,0,-42.9,133289,1621612358.61199
760.27,3.53,-0.44,0,-42.9,133309,1621612358.63191
760.27,3.53,-0.44,0,-42.9,133329,1621612358.6523
760.27,3.53,-0.44,0,-42.9,133349,1621612358.67322
760.27,3.53,-0.44,0,-42.9,133369,1621612358.69012
760.27,3.53,-0.44,0,-42.9,133389,1621612358.70996
760.27,3.53,-0.44,0,-42.9,133409,1621612358.73945
760.27,3.53,-0.44,0,-42.9,133429,1621612358.75139
760.27,3.53,-0.44,0,-42.9,133449,1621612358.77211
760.27,3.53,-0.44,0,-42.9,133469,1621612358.79239
760.27,3.53,-0.44,0,-42.9,133489,1621612358.81275
760.27,3.53,-0.44,0,-42.9,133509,1621612358.83419
760.27,3.53,-0.44,0,-42.9,133529,1621612358.85445
760.27,3.53,-0.44,0,-42.9,133550,1621612358.86987
760.27,3.53,-0.44,0,-42.9,133569,1621612358.89086
