757.2,4.04,-0.48,0,43.48,70300,1621616777.28782
757.2,4.04,-0.48,0,43.48,70320,1621616777.28875
757.2,4.04,-0.48,0,43.48,70340,1621616777.28956
757.2,4.04,-0.48,0,43.48,70360,1621616777.29033
757.2,4.04,-0.48,0,43.48,70380,1621616777.29159
757.2,4.04,-0.48,0,43.48,70401,1621616777.33513
757.2,4.04,-0.48,0,43.48,70420,1621616777.33837
757.2,4.04,-0.48,0,43.48,70440,1621616777.41577
757.2,4.04,-0.48,0,43.48,70460,1621616777.41848
757.2,4.04,-0.48,0,43.48,70480,1621616777.42115
757.2,4.04,-0.48,0,43.48,70500,1621616777.42437
757.2,4.04,-0.48,0,43.48,70520,1621616777.44131
757.2,4.04,-0.48,0,43.48,70540,1621616777.45684
757.2,4.04,-0.48,0,43.48,70560,1621616777.47278
757.2,4.04,-0.48,0,43.48,70580,1621616777.49883
757.2,4.04,-0.48,0,43.48,70600,1621616777.51481
757.2,4.04,-0.48,0,43.48,70620,1621616777.53451
757.2,4.04,-0.48,0,43.48,70640,1621616777.55444
757.2,4.04,-0.48,0,43.48,70660,1621616777.57561
757.2,4.04,-0.48,0,43.48,70680,1621616777.59575
757.2,4.04,-0.48,0,43.48,70700,1621616777.61506
757.2,4.04,-0.48,0,43.48,70720,1621616777.63592
757.2,4.04,-0.48,0,43.48,70740,1621616777.65689
757.2,4.04,-0.48,0,43.48,70760,1621616777.67404
757.2,4.04,-0.48,0,43.48,70780,1621616777.70619
757.2,4.04,-0.48,0,43.48,70800,1621616777.72068
757.2,4.04,-0.48,0,43.48,70820,1621616777.73829
757.2,4.04,-0.48,0,43.48,70840,1621616777.76359
757.2,4.04,-0.48,0,43.48,70860,1621616777.78178
757.2,4.04,-0.48,0,43.48,70880,1621616777.79678
757.2,4.04,-0.48,0,43.48,70900,1621616777.81746
757.2,4.04,-0.48,0,43.48,70920,1621616777.83709
757.2,4.04,-0.48,0,43.48,70940,1621616777.85293
757.2,4.04,-0.48,0,43.48,70960,1621616777.87344
757.2,4.04,-0.48,0,43.48,70980,1621616777.89453
757.2,4.04,-0.48,0,43.48,71000,1621616777.91521
757.2,4.04,-0.48,0,43.48,71020,1621616777.93595
757.2,4.04,-0.48,0,43.48,71040,1621616777.95691
757.2,4.04,-0.48,0,43.48,71060,1621616777.977
757.2,4.04,-0.48,0,43.48,71080,1621616777.99717
757.2,4.04,-0.48,0,43.48,71100,1621616778.01738
757.2,4.04,-0.48,0,43.48,71120,1621616778.03441
757.2,4.04,-0.48,0,43.48,71140,1621616778.06289
757.2,4.04,-0.48,0,43.48,71160,1621616778.07565
757.2,4.04,-0.48,0,43.48,71180,1621616778.09512
757.2,4.04,-0.48,0,43.48,71200,1621616778.11603
757.2,4.04,-0.48,0,43.48,71220,1621616778.13658
757.2,4.04,-0.48,0,43.48,71240,1621616778.15707
757.2,4.04,-0.48,0,43.48,71260,1621616778.17764
757.2,4.04,-0.48,0,43.48,71280,1621616778.19817
757.2,4.04,-0.48,0,43.48,71300,1621616778.21444
757.2,4.04,-0.48,0,43.48,71320,1621616778.23513
757.2,4.04,-0.48,0,43.48,71340,1621616778.25565
757.2,4.04,-0.48,0,43.48,71360,1621616778.27622
757.2,4.04,-0.48,0,43.48,71380,1621616778.29611
757.2,4.04,-0.48,0,43.48,71400,1621616778.31764
757.2,4.04,-0.48,0,43.48,71420,1621616778.33735
757.2,4.04,-0.48,0,43.48,71440,1621616778.35765
757.2,4.04,-0.48,0,43.48,71460,1621616778.37826
757.2,4.04,-0.48,0,43.48,71480,1621616778.39531
757.2,4.04,-0.48,0,43.48,71500,1621616778.41584
757.2,4.04,-0.48,0,43.48,71520,1621616778.43566
757.2,4.04,-0.48,0,43.48,71540,1621616778.45577
757.2,4.04,-0.48,0,43.48,71560,1621616778.47737
757.2,4.04,-0.48,0,43.48,71580,1621616778.49771
757.2,4.04,-0.48,0,43.48,71600,1621616778.51844
757.2,4.04,-0.48,0,43.48,71620,1621616778.53755
757.2,4.04,-0.48,0,43.48,71640,1621616778.55898
757.2,4.04,-0.48,0,43.48,71660,1621616778.57468
757.2,4.04,-0.48,0,43.48,71680,1621616778.59519
757.2,4.04,-0.48,0,43.48,71700,1621616778.6279
757.2,4.04,-0.48,0,43.48,71720,1621616778.6385
757.2,4.04,-0.48,0,43.48,71740,1621616778.65564
757.2,4.04,-0.48,0,43.48,71760,1621616778.68181
757.2,4.04,-0.48,0,43.48,71780,1621616778.69939
757.2,4.04,-0.48,0,43.48,71800,1621616778.7173
757.2,4.04,-0.48,0,43.48,71820,1621616778.7378
757.2,4.04,-0.48,0,43.48,71840,1621616778.75675
757.2,4.04,-0.48,0,43.48,71860,1621616778.78292
757.2,4.04,-0.48,0,43.48,71880,1621616778.79787
757.2,4.04,-0.48,0,43.48,71900,1621616778.82084
757.2,4.04,-0.48,0,43.48,71920,1621616778.83925
757.2,4.04,-0.48,0,43.48,71940,1621616778.85806
757.2,4.04,-0.48,0,43.48,71960,1621616778.87834
757.2,4.04,-0.48,0,43.48,71980,1621616778.89845
757.2,4.04,-0.48,0,43.48,72000,1621616778.91968
757.2,4.04,-0.48,0,43.48,72020,1621616778.93571
757.2,4.04,-0.48,0,43.48,72040,1621616778.95597
757.2,4.04,-0.48,0,43.48,72060,1621616778.97637
757.2,4.04,-0.48,0,43.48,72080,1621616778.99695
757.2,4.04,-0.48,0,43.48,72100,1621616779.01797
757.2,4.04,-0.48,0,43.48,72120,1621616779.03831
757.2,4.04,-0.48,0,43.48,72140,1621616779.05878
757.2,4.04,-0.48,0,43.48,72160,1621616779.07914
757.2,4.04,-0.48,0,43.48,72180,1621616779.09911
757.2,4.04,-0.48,0,43.48,72200,1621616779.11725
757.2,4.04,-0.48,0,43.48,72220,1621616779.13668
757.2,4.04,-0.48,0,43.48,72240,1621616779.15728
757.2,4.04,-0.48,0,43.48,72260,1621616779.17777
757.2,4.04,-0.48,0,43.48,72280,1621616779.19774
757.2,4.04,-0.48,0,43.48,72300,1621616779.21843
757.2,4.04,-0.48,0,43.48,72320,1621616779.23844
757.2,4.04,-0.48,0,43.48,72340,1621616779.25898
757.2,4.04,-0.48,0,43.48,72360,1621616779.28362
757.2,4.04,-0.48,0,43.48,72380,1621616779.29632
757.2,4.04,-0.48,0,43.48,72400,1621616779.3153
757.2,4.04,-0.48,0,43.48,72420,1621616779.33596
757.2,4.04,-0.48,0,43.48,72440,1621616779.35655
757.2,4.04,-0.48,0,43.48,72460,1621616779.37732
757.2,4.04,-0.48,0,43.48,72480,1621616779.39755
757.2,4.04,-0.48,0,43.48,72500,1621616779.41759
757.2,4.04,-0.48,0,43.48,72520,1621616779.4391
757.2,4.04,-0.48,0,43.48,72540,1621616779.45972
757.2,4.04,-0.48,0,43.48,72560,1621616779.48008
757.2,4.04,-0.48,0,43.48,72580,1621616779.49603
757.2,4.04,-0.48,0,43.48,72600,1621616779.51713
757.2,4.04,-0.48,0,43.48,72620,1621616779.53756
757.2,4.04,-0.48,0,43.48,72640,1621616779.55815
757.2,4.04,-0.48,0,43.48,72660,1621616779.58207
757.2,4.04,-0.48,0,43.48,72680,1621616779.60011
757.2,4.04,-0.48,0,43.48,72700,1621616779.61948
757.2,4.04,-0.48,0,43.48,72720,1621616779.6388
757.2,4.04,-0.48,0,43.48,72740,1621616779.66006
757.2,4.04,-0.48,0,43.48,72760,1621616779.67575
757.2,4.04,-0.48,0,43.48,72780,1621616779.69727
757.2,4.04,-0.48,0,43.48,72800,1621616779.72084
757.2,4.04,-0.48,0,43.48,72820,1621616779.73899
757.2,4.04,-0.48,0,43.48,72840,1621616779.75816
757.2,4.04,-0.48,0,43.48,72860,1621616779.78022
757.2,4.04,-0.48,0,43.48,72880,1621616779.79852
757.2,4.04,-0.48,0,43.48,72900,1621616779.81888
757.2,4.04,-0.48,0,43.48,72920,1621616779.83939
757.2,4.04,-0.48,0,43.48,72940,1621616779.85667
757.2,4.04,-0.48,0,43.48,72960,1621616779.87649
757.2,4.04,-0.48,0,43.48,72980,1621616779.89793
757.2,4.04,-0.48,0,43.48,73000,1621616779.91886
757.2,4.04,-0.48,0,43.48,73020,1621616779.93945
757.2,4.04,-0.48,0,43.5,73040,1621616779.95964
757.2,4.04,-0.48,0,43.5,73060,1621616779.9799
757.2,4.04,-0.48,0,43.5,73079,1621616779.9959
757.2,4.04,-0.48,0,43.5,73100,1621616780.01661
757.2,4.04,-0.48,0,43.5,73119,1621616780.03673
757.2,4.04,-0.48,0,43.5,73140,1621616780.058
757.2,4.04,-0.48,0,43.5,73159,1621616780.07843
757.2,4.04,-0.48,0,43.57,73180,1621616780.099
757.2,4.04,-0.48,0,43.6,73199,1621616780.11906
757.2,4.04,-0.48,0,43.6,73220,1621616780.13996
757.2,4.04,-0.48,0,43.6,73239,1621616780.15942
757.2,4.04,-0.48,0,43.43,73260,1621616780.18557
757.2,4.04,-0.48,0,43.2,73280,1621616780.1982
757.2,4.04,-0.48,0,43.03,73299,1621616780.2162
757.2,4.04,-0.48,0,42.92,73320,1621616780.2374
757.2,4.04,-0.48,0,42.88,73340,1621616780.25784
757.2,4.04,-0.48,0,42.88,73360,1621616780.27871
757.2,4.04,-0.48,0,42.88,73380,1621616780.30131
757.2,4.04,-0.48,0,42.88,73400,1621616780.32066
757.2,4.04,-0.48,0,42.9,73420,1621616780.33951
757.2,4.04,-0.48,0,42.9,73440,1621616780.3597
757.2,4.04,-0.48,0,42.9,73459,1621616780.38483
757.2,4.04,-0.48,0,42.9,73480,1621616780.39848
757.2,4.04,-0.48,0,42.9,73499,1621616780.41788
757.2,4.04,-0.48,0,42.9,73520,1621616780.43822
757.2,4.04,-0.48,0,42.9,73539,1621616780.45922
757.2,4.04,-0.48,0,42.9,73560,1621616780.47982
757.2,4.04,-0.48,0,42.9,73579,1621616780.50071
757.2,4.04,-0.48,0,42.9,73600,1621616780.52087
757.2,4.04,-0.48,0,42.9,73619,1621616780.5413
757.2,4.04,-0.48,0,42.9,73639,1621616780.55735
757.2,4.04,-0.48,0,42.9,73659,1621616780.57778
757.2,4.04,-0.48,0,42.88,73679,1621616780.59965
757.2,4.04,-0.48,0,42.88,73700,1621616780.61884
757.2,4.04,-0.48,0,42.88,73720,1621616780.63968
757.2,4.04,-0.48,0,42.88,73740,1621616780.65992
757.2,4.04,-0.48,0,42.88,73760,1621616780.67996
757.2,4.04,-0.48,0,42.88,73780,1621616780.70786
757.2,4.04,-0.48,0,42.88,73800,1621616780.72279
757.2,4.04,-0.48,0,42.88,73820,1621616780.74097
757.2,4.04,-0.48,0,42.88,73840,1621616780.75834
757.2,4.04,-0.48,0,42.88,73860,1621616780.7778
757.2,4.04,-0.48,0,42.88,73880,1621616780.79877
757.2,4.04,-0.48,0,42.88,73900,1621616780.81899
757.2,4.04,-0.48,0,42.88,73920,1621616780.83948
757.2,4.04,-0.48,0,42.88,73940,1621616780.86002
757.2,4.04,-0.48,0,42.88,73960,1621616780.88065
757.2,4.04,-0.48,0,42.88,73980,1621616780.90047
757.2,4.04,-0.48,0,42.88,74000,1621616780.92176
757.2,4.04,-0.48,0,42.88,74020,1621616780.9376
757.2,4.04,-0.48,0,42.88,74040,1621616780.95818
757.2,4.04,-0.48,0,42.88,74060,1621616780.97866
757.2,4.04,-0.48,0,42.88,74080,1621616780.99998
757.2,4.04,-0.48,0,42.88,74100,1621616781.02027
757.2,4.04,-0.48,0,42.88,74120,1621616781.04076
757.2,4.04,-0.48,0,42.88,74140,1621616781.061
757.2,4.04,-0.48,0,42.88,74160,1621616781.08165
757.2,4.04,-0.48,0,42.88,74180,1621616781.10223
757.2,4.04,-0.48,0,42.88,74200,1621616781.11888
757.2,4.04,-0.48,0,42.88,74220,1621616781.13859
757.2,4.04,-0.48,0,42.88,74240,1621616781.15896
757.2,4.04,-0.48,0,42.88,74260,1621616781.17933
757.2,4.04,-0.48,0,42.87,74279,1621616781.2002
757.2,4.04,-0.48,0,42.85,74299,1621616781.22698
757.2,4.04,-0.48,0,42.82,74319,1621616781.24084
757.2,4.04,-0.48,0,42.8,74340,1621616781.26078
757.2,4.04,-0.48,0,42.78,74359,1621616781.2781
757.2,4.04,-0.48,0,42.73,74380,1621616781.29881
757.2,4.04,-0.48,0,42.62,74399,1621616781.3197
757.2,4.04,-0.48,0,42.4,74420,1621616781.33971
757.2,4.04,-0.48,0,42.1,74439,1621616781.35988
757.2,4.04,-0.48,0,41.77,74460,1621616781.38054
757.2,4.04,-0.48,0,41.43,74479,1621616781.40072
757.2,4.04,-0.48,0,41.1,74500,1621616781.42186
757.2,4.04,-0.48,0,40.72,74520,1621616781.44261
757.2,4.04,-0.48,0,40.33,74540,1621616781.46214
757.2,4.04,-0.48,0,40,74559,1621616781.48069
757.2,4.04,-0.48,0,39.7,74579,1621616781.50264
757.2,4.04,-0.48,0,39.4,74600,1621616781.52028
757.2,4.04,-0.48,0,39.12,74619,1621616781.54048
757.2,4.04,-0.48,0,38.82,74640,1621616781.56066
757.2,4.04,-0.48,0,38.48,74659,1621616781.58122
757.2,4.04,-0.48,0,38.13,74680,1621616781.60149
757.2,4.04,-0.48,0,37.75,74699,1621616781.62181
757.2,4.04,-0.48,0,37.32,74720,1621616781.643
757.2,4.04,-0.48,0,36.92,74739,1621616781.65883
757.2,4.04,-0.48,0,36.5,74760,1621616781.67953
757.2,4.04,-0.48,0,36.12,74779,1621616781.69987
757.2,4.04,-0.48,0,35.72,74800,1621616781.72028
757.2,4.04,-0.48,0,35.32,74820,1621616781.7414
757.2,4.04,-0.48,0,34.92,74840,1621616781.76082
757.2,4.04,-0.48,0,34.48,74860,1621616781.78114
757.2,4.04,-0.48,0,33.97,74880,1621616781.80245
757.2,4.04,-0.48,0,33.42,74900,1621616781.8219
757.2,4.04,-0.48,0,32.92,74919,1621616781.84837
757.2,4.04,-0.48,0,32.45,74940,1621616781.86225
757.2,4.04,-0.48,0,32.08,74959,1621616781.88047
757.2,4.04,-0.48,0,31.78,74980,1621616781.90084
757.2,4.04,-0.48,0,31.53,74999,1621616781.92162
757.2,4.04,-0.48,0,31.33,75020,1621616781.94235
757.2,4.04,-0.48,0,31.17,75039,1621616781.96294
757.2,4.04,-0.48,0,31,75060,1621616781.98235
757.2,4.04,-0.48,0,30.83,75079,1621616782.00281
757.2,4.04,-0.48,0,30.67,75100,1621616782.01992
757.2,4.04,-0.48,0,30.47,75120,1621616782.04059
757.2,4.04,-0.48,0,30.28,75140,1621616782.06088
757.2,4.04,-0.48,0,30.1,75159,1621616782.08116
757.2,4.04,-0.48,0,29.93,75180,1621616782.10175
757.2,4.04,-0.48,0,29.77,75200,1621616782.12229
757.2,4.04,-0.48,0,29.62,75219,1621616782.14166
757.2,4.04,-0.48,0,29.52,75240,1621616782.16257
757.2,4.04,-0.48,0,29.42,75259,1621616782.18274
757.2,4.04,-0.48,0,29.33,75280,1621616782.19965
757.2,4.04,-0.48,0,29.23,75299,1621616782.22059
757.2,4.04,-0.48,0,29.12,75320,1621616782.24058
757.2,4.04,-0.48,0,28.98,75339,1621616782.26079
757.2,4.04,-0.48,0,28.83,75360,1621616782.28185
757.2,4.04,-0.48,0,28.67,75379,1621616782.30232
757.2,4.04,-0.48,0,28.45,75400,1621616782.33415
757.2,4.04,-0.48,0,28.22,75419,1621616782.34427
757.2,4.04,-0.48,0,27.95,75440,1621616782.36328
757.2,4.04,-0.48,0,27.67,75459,1621616782.37965
757.2,4.04,-0.48,0,27.38,75480,1621616782.39982
757.2,4.04,-0.48,0,27.08,75500,1621616782.41976
757.2,4.04,-0.48,0,26.8,75520,1621616782.4498
757.2,4.04,-0.48,0,26.52,75540,1621616782.46302
757.2,4.04,-0.48,0,26.28,75559,1621616782.48388
757.2,4.04,-0.48,0,26.07,75580,1621616782.50228
757.2,4.04,-0.48,0,25.83,75599,1621616782.52214
757.2,4.04,-0.48,0,25.6,75620,1621616782.54324
757.2,4.04,-0.48,0,25.38,75639,1621616782.55916
757.2,4.04,-0.48,0,25.13,75660,1621616782.57971
757.2,4.04,-0.48,0,24.87,75679,1621616782.60037
757.2,4.04,-0.48,0,24.58,75700,1621616782.62151
757.2,4.04,-0.48,0,24.28,75719,1621616782.64186
757.2,4.04,-0.48,0,23.97,75740,1621616782.66314
757.2,4.04,-0.48,0,23.65,75760,1621616782.68383
757.2,4.04,-0.48,0,23.33,75780,1621616782.70475
757.2,4.04,-0.48,0,23.03,75800,1621616782.72528
757.2,4.04,-0.48,0,22.73,75820,1621616782.74051
757.2,4.04,-0.48,0,22.45,75840,1621616782.76185
757.2,4.04,-0.48,0,22.17,75859,1621616782.78236
757.2,4.04,-0.48,0,21.93,75880,1621616782.80231
757.2,4.04,-0.48,0,21.73,75899,1621616782.8228
757.2,4.04,-0.48,0,21.57,75920,1621616782.84224
757.2,4.04,-0.48,0,21.43,75939,1621616782.86247
757.2,4.04,-0.48,0,21.32,75960,1621616782.88283
757.2,4.04,-0.48,0,21.22,75979,1621616782.90326
757.2,4.04,-0.48,0,21.1,76000,1621616782.92427
757.2,4.04,-0.48,0,21,76019,1621616782.94021
757.2,4.04,-0.48,0,20.87,76040,1621616782.96074
757.2,4.04,-0.48,0,20.7,76059,1621616782.98132
757.2,4.04,-0.48,0,20.52,76080,1621616783.00176
757.2,4.04,-0.48,0,20.32,76099,1621616783.02297
757.2,4.04,-0.48,0,20.15,76120,1621616783.04343
757.2,4.04,-0.48,0,20,76139,1621616783.06413
757.2,4.04,-0.48,0,19.88,76160,1621616783.08465
757.2,4.04,-0.48,0,19.77,76179,1621616783.10049
757.2,4.04,-0.48,0,19.67,76199,1621616783.12179
757.2,4.04,-0.48,0,19.58,76220,1621616783.1418
757.2,4.04,-0.48,0,19.53,76239,1621616783.16198
757.2,4.04,-0.48,0,19.45,76260,1621616783.18236
757.2,4.04,-0.48,0,19.37,76279,1621616783.20398
757.2,4.04,-0.48,0,19.25,76300,1621616783.22329
757.2,4.04,-0.48,0,19.12,76319,1621616783.24887
757.2,4.04,-0.48,0,18.93,76340,1621616783.26455
757.2,4.04,-0.48,0,18.73,76360,1621616783.28464
757.2,4.04,-0.48,0,18.5,76380,1621616783.30094
757.2,4.04,-0.48,0,18.27,76399,1621616783.32132
757.2,4.04,-0.48,0,18.05,76420,1621616783.34259
757.2,4.04,-0.48,0,17.85,76439,1621616783.36603
757.2,4.04,-0.48,0,17.65,76460,1621616783.38307
757.2,4.04,-0.48,0,17.48,76480,1621616783.4045
757.2,4.04,-0.48,0,17.37,76499,1621616783.42355
757.2,4.04,-0.48,0,17.27,76520,1621616783.44364
757.2,4.04,-0.48,0,17.2,76539,1621616783.46524
757.2,4.04,-0.48,0,17.15,76560,1621616783.48062
757.2,4.04,-0.48,0,17.08,76579,1621616783.50179
757.2,4.04,-0.48,0,16.98,76600,1621616783.52189
757.2,4.04,-0.48,0,16.85,76619,1621616783.5421
757.2,4.04,-0.48,0,16.7,76640,1621616783.56452
757.2,4.04,-0.48,0,16.53,76659,1621616783.58512
757.2,4.04,-0.48,0,16.35,76680,1621616783.61177
757.2,4.04,-0.48,0,16.17,76699,1621616783.62745
757.2,4.04,-0.48,0,15.98,76720,1621616783.64158
757.2,4.04,-0.48,0,15.82,76740,1621616783.66123
757.2,4.04,-0.48,0,15.68,76760,1621616783.68168
757.2,4.04,-0.48,0,15.55,76779,1621616783.70303
757.2,4.04,-0.48,0,15.45,76800,1621616783.72311
757.2,4.04,-0.48,0,15.33,76820,1621616783.74317
757.2,4.04,-0.48,0,15.23,76839,1621616783.76364
757.2,4.04,-0.48,0,15.1,76860,1621616783.78474
757.2,4.04,-0.48,0,14.95,76879,1621616783.8063
757.2,4.04,-0.48,0,14.78,76900,1621616783.82483
757.2,4.04,-0.48,0,14.6,76919,1621616783.85018
757.2,4.04,-0.48,0,14.4,76940,1621616783.86288
757.2,4.04,-0.48,0,14.22,76959,1621616783.88184
757.2,4.04,-0.48,0,14.03,76980,1621616783.90306
757.2,4.04,-0.48,0,13.87,76999,1621616783.9232
757.2,4.04,-0.48,0,13.68,77020,1621616783.94392
757.2,4.04,-0.48,0,13.53,77039,1621616783.96438
757.2,4.04,-0.48,0,13.38,77060,1621616783.99085
757.2,4.04,-0.48,0,13.25,77080,1621616784.00834
757.2,4.04,-0.48,0,13.13,77100,1621616784.02145
757.2,4.04,-0.48,0,13.03,77119,1621616784.0428
757.2,4.04,-0.48,0,12.95,77139,1621616784.06321
757.2,4.04,-0.48,0,12.87,77160,1621616784.09201
757.2,4.04,-0.48,0,12.8,77179,1621616784.10649
757.2,4.04,-0.48,0,12.73,77200,1621616784.12464
757.2,4.04,-0.48,0,12.68,77219,1621616784.14516
757.2,4.04,-0.48,0,12.63,77240,1621616784.16472
757.2,4.04,-0.48,0,12.58,77259,1621616784.18611
757.2,4.04,-0.48,0,12.53,77280,1621616784.20608
757.2,4.04,-0.48,0,12.5,77299,1621616784.22305
757.2,4.04,-0.48,0,12.47,77320,1621616784.24296
757.2,4.04,-0.48,0,12.45,77339,1621616784.26384
757.2,4.04,-0.48,0,12.43,77360,1621616784.28463
757.2,4.04,-0.48,0,12.42,77380,1621616784.30564
757.2,4.04,-0.48,0,12.42,77400,1621616784.32603
757.2,4.04,-0.48,0,12.42,77420,1621616784.34619
757.2,4.04,-0.48,0,12.42,77440,1621616784.36723
757.2,4.04,-0.48,0,12.42,77460,1621616784.3867
757.2,4.04,-0.48,0,12.42,77480,1621616784.40324
757.2,4.04,-0.48,0,12.42,77500,1621616784.43225
757.2,4.04,-0.48,0,12.42,77520,1621616784.44437
757.2,4.04,-0.48,0,12.42,77540,1621616784.4644
757.2,4.04,-0.48,0,12.42,77560,1621616784.48482
757.2,4.04,-0.48,0,12.42,77580,1621616784.50505
757.2,4.04,-0.48,0,12.4,77600,1621616784.52561
757.2,4.04,-0.48,0,12.4,77620,1621616784.54554
757.2,4.04,-0.48,0,12.4,77639,1621616784.5718
757.2,4.04,-0.48,0,12.4,77660,1621616784.59506
757.2,4.04,-0.48,0,12.4,77679,1621616784.60615
757.2,4.04,-0.48,0,12.4,77700,1621616784.6245
757.2,4.04,-0.48,0,12.4,77719,1621616784.64447
757.2,4.04,-0.48,0,12.4,77740,1621616784.6652
757.2,4.04,-0.48,0,12.4,77759,1621616784.68566
757.2,4.04,-0.48,0,12.4,77779,1621616784.7117
757.2,4.04,-0.48,0,12.4,77799,1621616784.72829
757.2,4.04,-0.48,0,12.4,77819,1621616784.74242
757.2,4.04,-0.48,0,12.4,77840,1621616784.76281
757.2,4.04,-0.48,0,12.4,77859,1621616784.7832
757.2,4.04,-0.48,0,12.38,77879,1621616784.80572
757.2,4.04,-0.48,0,12.38,77899,1621616784.82977
757.2,4.04,-0.48,0,12.38,77920,1621616784.84799
757.2,4.04,-0.48,0,12.35,77939,1621616784.86653
757.2,4.04,-0.48,0,12.3,77960,1621616784.88686
757.2,4.04,-0.48,0,12.2,77979,1621616784.90696
757.2,4.04,-0.48,0,12.1,78000,1621616784.92786
757.2,4.04,-0.48,0,11.98,78019,1621616784.94396
757.2,4.04,-0.48,0,11.85,78040,1621616784.96468
757.2,4.04,-0.48,0,11.73,78060,1621616784.98591
757.2,4.04,-0.48,0,11.63,78080,1621616785.00585
757.2,4.04,-0.48,0,11.55,78100,1621616785.03309
757.2,4.04,-0.48,0,11.47,78119,1621616785.04654
757.2,4.04,-0.48,0,11.38,78140,1621616785.06622
757.2,4.04,-0.48,0,11.28,78159,1621616785.08682
757.2,4.04,-0.48,0,11.15,78180,1621616785.10316
757.2,4.04,-0.48,0,11,78199,1621616785.12346
757.2,4.04,-0.48,0,10.83,78220,1621616785.14474
757.2,4.04,-0.48,0,10.65,78239,1621616785.16531
757.2,4.04,-0.48,0,10.45,78260,1621616785.18987
757.2,4.04,-0.48,0,10.23,78279,1621616785.20642
757.2,4.04,-0.48,0,10.03,78300,1621616785.22606
757.2,4.04,-0.48,0,9.87,78319,1621616785.2466
757.2,4.04,-0.48,0,9.72,78340,1621616785.26829
757.2,4.04,-0.48,0,9.6,78359,1621616785.2846
757.2,4.04,-0.48,0,9.5,78380,1621616785.3038
757.2,4.04,-0.48,0,9.43,78399,1621616785.3242
757.2,4.04,-0.48,0,9.35,78419,1621616785.3455
757.2,4.04,-0.48,0,9.3,78439,1621616785.36702
757.2,4.04,-0.48,0,9.23,78459,1621616785.38781
757.2,4.04,-0.48,0,9.17,78479,1621616785.40772
757.2,4.04,-0.48,0,9.08,78499,1621616785.42759
757.2,4.04,-0.48,0,8.98,78520,1621616785.44752
757.2,4.04,-0.48,0,8.9,78539,1621616785.46434
757.2,4.04,-0.48,0,8.8,78560,1621616785.48497
757.2,4.04,-0.48,0,8.7,78579,1621616785.50456
757.2,4.04,-0.48,0,8.6,78600,1621616785.52556
757.2,4.04,-0.48,0,8.5,78619,1621616785.54582
757.2,4.04,-0.48,0,8.4,78640,1621616785.56577
757.2,4.04,-0.48,0,8.28,78659,1621616785.58735
757.2,4.04,-0.48,0,8.15,78680,1621616785.60824
757.2,4.04,-0.48,0,8.02,78699,1621616785.62938
757.2,4.04,-0.48,0,7.87,78720,1621616785.64464
757.2,4.04,-0.48,0,7.7,78739,1621616785.66521
757.2,4.04,-0.48,0,7.5,78759,1621616785.68601
757.2,4.04,-0.48,0,7.28,78779,1621616785.70614
757.2,4.04,-0.48,0,7.03,78799,1621616785.72702
757.2,4.04,-0.48,0,6.75,78820,1621616785.75448
757.2,4.04,-0.48,0,6.45,78839,1621616785.76746
757.2,4.04,-0.48,0,6.18,78860,1621616785.78679
757.2,4.04,-0.48,0,5.92,78879,1621616785.8075
757.2,4.04,-0.48,0,5.72,78900,1621616785.82433
757.2,4.04,-0.48,0,5.55,78919,1621616785.84999
757.2,4.04,-0.48,0,5.45,78940,1621616785.87147
757.2,4.04,-0.48,0,5.37,78959,1621616785.88575
757.2,4.04,-0.48,0,5.32,78980,1621616785.90546
757.2,4.04,-0.48,0,5.28,78999,1621616785.92686
757.2,4.04,-0.48,0,5.27,79020,1621616785.94731
757.2,4.04,-0.48,0,5.25,79039,1621616785.96776
757.2,4.04,-0.48,0,5.23,79059,1621616785.98829
757.2,4.04,-0.48,0,5.22,79080,1621616786.00915
757.2,4.04,-0.48,0,5.2,79099,1621616786.02561
757.2,4.04,-0.48,0,5.17,79119,1621616786.04545
757.2,4.04,-0.48,0,5.12,79139,1621616786.06665
757.2,4.04,-0.48,0,5.07,79160,1621616786.08675
757.2,4.04,-0.48,0,5,79179,1621616786.11944
757.2,4.04,-0.48,0,4.95,79200,1621616786.1297
757.2,4.04,-0.48,0,4.9,79219,1621616786.14761
757.2,4.04,-0.48,0,4.85,79240,1621616786.16781
757.2,4.04,-0.48,0,4.82,79259,1621616786.18844
757.2,4.04,-0.48,0,4.78,79280,1621616786.20619
757.2,4.04,-0.48,0,4.78,79299,1621616786.22537
757.2,4.04,-0.48,0,4.77,79320,1621616786.24555
757.2,4.04,-0.48,0,4.77,79339,1621616786.26649
757.2,4.04,-0.48,0,4.75,79360,1621616786.28698
757.2,4.04,-0.48,0,4.75,79380,1621616786.32253
757.2,4.04,-0.48,0,4.75,79399,1621616786.33226
757.2,4.04,-0.48,0,4.73,79419,1621616786.34846
757.2,4.04,-0.48,0,4.72,79439,1621616786.36442
757.2,4.04,-0.48,0,4.68,79460,1621616786.38495
757.2,4.04,-0.48,0,4.63,79479,1621616786.40528
757.2,4.04,-0.48,0,4.58,79499,1621616786.42626
757.2,4.04,-0.48,0,4.52,79519,1621616786.44799
757.2,4.04,-0.48,0,4.45,79540,1621616786.47495
757.2,4.04,-0.48,0,4.37,79559,1621616786.48808
757.2,4.04,-0.48,0,4.3,79580,1621616786.50739
757.2,4.04,-0.48,0,4.22,79599,1621616786.52866
757.2,4.04,-0.48,0,4.13,79620,1621616786.54894
757.2,4.04,-0.48,0,4.05,79640,1621616786.56595
757.2,4.04,-0.48,0,4,79660,1621616786.58708
757.2,4.04,-0.48,0,3.95,79680,1621616786.60817
757.2,4.04,-0.48,0,3.9,79699,1621616786.6281
757.2,4.04,-0.48,0,3.85,79719,1621616786.64864
757.2,4.04,-0.48,0,3.8,79739,1621616786.6692
757.2,4.04,-0.48,0,3.75,79760,1621616786.68958
757.2,4.04,-0.48,0,3.72,79779,1621616786.70978
757.2,4.04,-0.48,0,3.68,79800,1621616786.72953
757.2,4.04,-0.48,0,3.65,79819,1621616786.74618
757.2,4.04,-0.48,0,3.6,79840,1621616786.76583
757.2,4.04,-0.48,0,3.57,79859,1621616786.78657
757.2,4.04,-0.48,0,3.52,79880,1621616786.80723
757.2,4.04,-0.48,0,3.45,79899,1621616786.82738
757.2,4.04,-0.48,0,3.4,79920,1621616786.84732
757.2,4.04,-0.48,0,3.37,79939,1621616786.86767
757.2,4.04,-0.48,0,3.33,79960,1621616786.88873
757.2,4.04,-0.48,0,3.32,79979,1621616786.90914
757.2,4.04,-0.48,0,3.3,80000,1621616786.9376
757.2,4.04,-0.48,0,3.27,80019,1621616786.94829
757.2,4.04,-0.48,0,3.22,80039,1621616786.96651
757.2,4.04,-0.48,0,3.17,80059,1621616786.98667
757.2,4.04,-0.48,0,3.1,80079,1621616787.01868
757.2,4.04,-0.48,0,3.02,80099,1621616787.03076
757.2,4.04,-0.48,0,2.92,80119,1621616787.04893
757.2,4.04,-0.48,0,2.78,80140,1621616787.06939
757.2,4.04,-0.48,0,2.63,80159,1621616787.09043
757.2,4.04,-0.48,0,2.48,80180,1621616787.10944
757.2,4.04,-0.48,0,2.33,80199,1621616787.12626
757.2,4.04,-0.48,0,2.17,80220,1621616787.14682
757.2,4.04,-0.48,0,2,80239,1621616787.16759
757.2,4.04,-0.48,0,1.87,80260,1621616787.18906
757.2,4.04,-0.48,0,1.77,80279,1621616787.20879
757.2,4.04,-0.48,0,1.68,80300,1621616787.22961
757.2,4.04,-0.48,0,1.63,80319,1621616787.24965
757.2,4.04,-0.48,0,1.57,80339,1621616787.2701
757.2,4.04,-0.48,0,1.48,80359,1621616787.28698
757.2,4.04,-0.48,0,1.4,80379,1621616787.30792
757.2,4.04,-0.48,0,1.3,80399,1621616787.32857
757.2,4.04,-0.48,0,1.18,80419,1621616787.34883
757.2,4.04,-0.48,0,1.08,80439,1621616787.36908
757.2,4.04,-0.48,0,0.97,80459,1621616787.38986
757.2,4.04,-0.48,0,0.87,80480,1621616787.40985
757.2,4.04,-0.48,0,0.77,80499,1621616787.43014
757.2,4.04,-0.48,0,0.68,80520,1621616787.45056
757.2,4.04,-0.48,0,0.6,80539,1621616787.47087
757.2,4.04,-0.48,0,0.52,80560,1621616787.48776
757.2,4.04,-0.48,0,0.47,80580,1621616787.5077
757.2,4.04,-0.48,0,0.45,80600,1621616787.52838
757.2,4.04,-0.48,0,0.45,80619,1621616787.5496
757.2,4.04,-0.48,0,0.45,80640,1621616787.57677
757.2,4.04,-0.48,0,0.43,80659,1621616787.58972
757.2,4.04,-0.48,0,0.43,80679,1621616787.6094
757.2,4.04,-0.48,0,0.43,80699,1621616787.62973
757.2,4.04,-0.48,0,0.43,80719,1621616787.64654
757.2,4.04,-0.48,0,0.43,80739,1621616787.66676
757.2,4.04,-0.48,0,0.42,80759,1621616787.68731
757.2,4.04,-0.48,0,0.42,80780,1621616787.70865
757.2,4.04,-0.48,0,0.42,80800,1621616787.72879
757.2,4.04,-0.48,0,0.42,80820,1621616787.74907
757.2,4.04,-0.48,0,0.42,80840,1621616787.76969
757.2,4.04,-0.48,0,0.42,80860,1621616787.79006
757.2,4.04,-0.48,0,0.42,80880,1621616787.81013
757.2,4.04,-0.48,0,0.42,80900,1621616787.83197
757.2,4.04,-0.48,0,0.42,80920,1621616787.85187
757.2,4.04,-0.48,0,0.42,80940,1621616787.86846
757.2,4.04,-0.48,0,0.42,80960,1621616787.88851
757.2,4.04,-0.48,0,0.4,80979,1621616787.90848
757.2,4.04,-0.48,0,0.4,80999,1621616787.93071
757.2,4.04,-0.48,0,0.4,81019,1621616787.95922
757.2,4.04,-0.48,0,0.4,81039,1621616787.97046
757.2,4.04,-0.48,0,0.4,81059,1621616787.99064
757.2,4.04,-0.48,0,0.4,81079,1621616788.01114
757.2,4.04,-0.48,0,0.4,81099,1621616788.0282
757.2,4.04,-0.48,0,0.4,81120,1621616788.04817
757.2,4.04,-0.48,0,0.4,81139,1621616788.06906
757.2,4.04,-0.48,0,0.4,81159,1621616788.09041
757.2,4.04,-0.48,0,0.4,81179,1621616788.11534
757.2,4.04,-0.48,0,0.4,81200,1621616788.13391
757.2,4.04,-0.48,0,0.4,81219,1621616788.15117
757.2,4.04,-0.48,0,0.4,81240,1621616788.17083
757.2,4.04,-0.48,0,0.4,81259,1621616788.19883
757.2,4.04,-0.48,0,0.4,81280,1621616788.20781
757.2,4.04,-0.48,0,0.4,81299,1621616788.22872
757.2,4.04,-0.48,0,0.4,81319,1621616788.24826
757.2,4.04,-0.48,0,0.38,81339,1621616788.26895
757.2,4.04,-0.48,0,0.38,81359,1621616788.2898
757.2,4.04,-0.48,0,0.38,81379,1621616788.31049
757.2,4.04,-0.48,0,0.38,81399,1621616788.33147
757.2,4.04,-0.48,0,0.38,81419,1621616788.35146
757.2,4.04,-0.48,0,0.38,81439,1621616788.36824
757.2,4.04,-0.48,0,0.38,81459,1621616788.38884
757.2,4.04,-0.48,0,0.38,81479,1621616788.40901
757.2,4.04,-0.48,0,0.38,81499,1621616788.42969
757.2,4.04,-0.48,0,0.38,81519,1621616788.44933
757.2,4.04,-0.48,0,0.38,81540,1621616788.47087
757.2,4.04,-0.48,0,0.38,81559,1621616788.49784
757.2,4.04,-0.48,0,0.38,81580,1621616788.51127
757.2,4.04,-0.48,0,0.38,81599,1621616788.53097
757.2,4.04,-0.48,0,0.38,81619,1621616788.55128
757.2,4.04,-0.48,0,0.38,81639,1621616788.56831
757.2,4.04,-0.48,0,0.38,81659,1621616788.58935
757.2,4.04,-0.48,0,0.38,81679,1621616788.61012
757.2,4.04,-0.48,0,0.38,81699,1621616788.63109
757.2,4.04,-0.48,0,0.38,81719,1621616788.65025
757.2,4.04,-0.48,0,0.38,81739,1621616788.67648
757.2,4.04,-0.48,0,0.38,81759,1621616788.69254
757.2,4.04,-0.48,0,0.38,81779,1621616788.71217
757.2,4.04,-0.48,0,0.38,81799,1621616788.73327
757.2,4.04,-0.48,0,0.38,81819,1621616788.7496
757.2,4.04,-0.48,0,0.38,81839,1621616788.77025
757.2,4.04,-0.48,0,0.38,81859,1621616788.79069
757.2,4.04,-0.48,0,0.38,81880,1621616788.81144
757.2,4.04,-0.48,0,0.38,81899,1621616788.8323
757.2,4.04,-0.48,0,0.38,81920,1621616788.85259
757.2,4.04,-0.48,0,0.38,81939,1621616788.87194
757.2,4.04,-0.48,0,0.38,81959,1621616788.89263
757.2,4.04,-0.48,0,0.38,81979,1621616788.91368
757.2,4.04,-0.48,0,0.38,81999,1621616788.93054
757.2,4.04,-0.48,0,0.38,82019,1621616788.94959
757.2,4.04,-0.48,0,0.38,82039,1621616788.97013
757.2,4.04,-0.48,0,0.38,82059,1621616788.99067
757.2,4.04,-0.48,0,0.38,82079,1621616789.01267
757.2,4.04,-0.48,0,0.38,82099,1621616789.03237
757.2,4.04,-0.48,0,0.38,82119,1621616789.05209
757.2,4.04,-0.48,0,0.38,82139,1621616789.07248
757.2,4.04,-0.48,0,0.38,82159,1621616789.09318
757.2,4.04,-0.48,0,0.38,82180,1621616789.11141
757.2,4.04,-0.48,0,0.38,82199,1621616789.1318
757.2,4.04,-0.48,0,0.38,82220,1621616789.15026
757.2,4.04,-0.48,0,0.38,82239,1621616789.17146
757.2,4.04,-0.48,0,0.38,82259,1621616789.19277
757.2,4.04,-0.48,0,0.38,82279,1621616789.21534
757.2,4.04,-0.48,0,0.38,82299,1621616789.23323
757.2,4.04,-0.48,0,0.38,82319,1621616789.25189
757.2,4.04,-0.48,0,0.38,82339,1621616789.27187
757.2,4.04,-0.48,0,0.38,82359,1621616789.2889
757.2,4.04,-0.48,0,0.38,82379,1621616789.30974
757.2,4.04,-0.48,0,0.38,82399,1621616789.33067
757.2,4.04,-0.48,0,0.38,82419,1621616789.35082
757.2,4.04,-0.48,0,0.38,82439,1621616789.37114
757.2,4.04,-0.48,0,0.38,82459,1621616789.3923
757.2,4.04,-0.48,0,0.38,82480,1621616789.41671
757.2,4.04,-0.48,0,0.37,82499,1621616789.43487
757.2,4.04,-0.48,0,0.37,82520,1621616789.45395
757.2,4.04,-0.48,0,0.37,82539,1621616789.4707
757.2,4.04,-0.48,0,0.37,82560,1621616789.49068
757.2,4.04,-0.48,0,0.37,82579,1621616789.51118
757.2,4.04,-0.48,0,0.37,82599,1621616789.53177
757.2,4.04,-0.48,0,0.37,82619,1621616789.5516
757.2,4.04,-0.48,0,0.37,82639,1621616789.57206
757.2,4.04,-0.48,0,0.37,82659,1621616789.59257
757.2,4.04,-0.48,0,0.37,82679,1621616789.61403
757.2,4.04,-0.48,0,0.37,82699,1621616789.63465
757.2,4.04,-0.48,0,0.37,82719,1621616789.64986
757.2,4.04,-0.48,0,0.37,82739,1621616789.67051
757.2,4.04,-0.48,0,0.37,82759,1621616789.69067
757.2,4.04,-0.48,0,0.37,82780,1621616789.71234
757.2,4.04,-0.48,0,0.37,82799,1621616789.73263
757.2,4.04,-0.48,0,0.37,82820,1621616789.75245
757.2,4.04,-0.48,0,0.37,82839,1621616789.77308
757.2,4.04,-0.48,0,0.37,82860,1621616789.79345
757.2,4.04,-0.48,0,0.37,82879,1621616789.81512
757.2,4.04,-0.48,0,0.37,82899,1621616789.83113
757.2,4.04,-0.48,0,0.37,82919,1621616789.85112
757.2,4.04,-0.48,0,0.37,82939,1621616789.87152
757.2,4.04,-0.48,0,0.37,82959,1621616789.89177
757.2,4.04,-0.48,0,0.37,82979,1621616789.91249
757.2,4.04,-0.48,0,0.37,83000,1621616789.93326
757.2,4.04,-0.48,0,0.37,83019,1621616789.95389
757.2,4.04,-0.48,0,0.37,83040,1621616789.97406
757.2,4.04,-0.48,0,0.37,83059,1621616789.99475
757.2,4.04,-0.48,0,0.37,83080,1621616790.01071
757.2,4.04,-0.48,0,0.37,83099,1621616790.04043
757.2,4.04,-0.48,0,0.37,83120,1621616790.05142
757.2,4.04,-0.48,0,0.37,83139,1621616790.07222
757.2,4.04,-0.48,0,0.37,83160,1621616790.09278
757.2,4.04,-0.48,0,0.37,83179,1621616790.11399
757.2,4.04,-0.48,0,0.37,83200,1621616790.13278
757.2,4.04,-0.48,0,0.37,83219,1621616790.15405
757.2,4.04,-0.48,0,0.37,83239,1621616790.17466
757.2,4.04,-0.48,0,0.37,83259,1621616790.1951
757.2,4.04,-0.48,0,0.37,83279,1621616790.21147
757.2,4.04,-0.48,0,0.37,83299,1621616790.23178
757.2,4.04,-0.48,0,0.37,83319,1621616790.25228
757.2,4.04,-0.48,0,0.37,83339,1621616790.27287
757.2,4.04,-0.48,0,0.37,83359,1621616790.29308
757.2,4.04,-0.48,0,0.37,83380,1621616790.31497
757.2,4.04,-0.48,0,0.37,83399,1621616790.33496
757.2,4.04,-0.48,0,0.37,83420,1621616790.35417
757.2,4.04,-0.48,0,0.37,83439,1621616790.37546
757.2,4.04,-0.48,0,0.37,83460,1621616790.39228
757.2,4.04,-0.48,0,0.37,83479,1621616790.41291
757.2,4.04,-0.48,0,0.37,83500,1621616790.43303
757.2,4.04,-0.48,0,0.37,83519,1621616790.45372
757.2,4.04,-0.48,0,0.37,83539,1621616790.47385
757.2,4.04,-0.48,0,0.37,83559,1621616790.49405
757.2,4.04,-0.48,0,0.37,83579,1621616790.52216
757.2,4.04,-0.48,0,0.37,83599,1621616790.53617
757.2,4.04,-0.48,0,0.37,83619,1621616790.55477
757.2,4.04,-0.48,0,0.37,83639,1621616790.5718
757.2,4.04,-0.48,0,0.37,83659,1621616790.59116
757.2,4.04,-0.48,0,0.37,83680,1621616790.61255
757.2,4.04,-0.48,0,0.37,83699,1621616790.63241
757.2,4.04,-0.48,0,0.37,83719,1621616790.65306
757.2,4.04,-0.48,0,0.37,83739,1621616790.67357
757.2,4.04,-0.48,0,0.37,83760,1621616790.69504
757.2,4.04,-0.48,0,0.37,83779,1621616790.71442
757.2,4.04,-0.48,0,0.37,83800,1621616790.73488
757.2,4.04,-0.48,0,0.37,83819,1621616790.75083
757.2,4.04,-0.48,0,0.35,83840,1621616790.77255
757.2,4.04,-0.48,0,0.35,83860,1621616790.7931
757.2,4.04,-0.48,0,0.35,83879,1621616790.81398
757.2,4.04,-0.48,0,0.35,83900,1621616790.83415
757.2,4.04,-0.48,0,0.35,83919,1621616790.85536
757.2,4.04,-0.48,0,0.33,83939,1621616790.87595
757.2,4.04,-0.48,0,0.32,83959,1621616790.89782
757.2,4.04,-0.48,0,0.28,83979,1621616790.91666
757.2,4.04,-0.48,0,0.22,83999,1621616790.93224
757.2,4.04,-0.48,0,0.1,84020,1621616790.95292
757.2,4.04,-0.48,0,-0.03,84039,1621616790.97294
757.2,4.04,-0.48,0,-0.2,84060,1621616790.99404
757.2,4.04,-0.48,0,-0.38,84079,1621616791.01476
757.2,4.04,-0.48,0,-0.57,84100,1621616791.03407
757.2,4.04,-0.48,0,-0.73,84119,1621616791.0555
757.2,4.04,-0.48,0,-0.88,84140,1621616791.0758
757.2,4.04,-0.48,0,-1,84160,1621616791.09606
757.2,4.04,-0.48,0,-1.08,84179,1621616791.11608
757.2,4.04,-0.48,0,-1.13,84200,1621616791.13308
757.2,4.04,-0.48,0,-1.18,84219,1621616791.1533
757.2,4.04,-0.48,0,-1.2,84239,1621616791.1739
757.2,4.04,-0.48,0,-1.23,84259,1621616791.1949
757.2,4.04,-0.48,0,-1.23,84280,1621616791.21542
757.2,4.04,-0.48,0,-1.25,84300,1621616791.23556
757.2,4.04,-0.48,0,-1.27,84319,1621616791.25589
757.2,4.04,-0.48,0,-1.27,84339,1621616791.27619
757.2,4.04,-0.48,0,-1.28,84360,1621616791.29273
757.2,4.04,-0.48,0,-1.28,84379,1621616791.31406
757.2,4.04,-0.48,0,-1.28,84400,1621616791.33414
757.2,4.04,-0.48,0,-1.28,84419,1621616791.35474
757.2,4.04,-0.48,0,-1.3,84440,1621616791.37508
757.2,4.04,-0.48,0,-1.3,84459,1621616791.3955
757.2,4.04,-0.48,0,-1.32,84480,1621616791.41588
757.2,4.04,-0.48,0,-1.33,84499,1621616791.4361
757.2,4.04,-0.48,0,-1.37,84519,1621616791.45593
757.2,4.04,-0.48,0,-1.42,84539,1621616791.47301
757.2,4.04,-0.48,0,-1.45,84559,1621616791.493
757.2,4.04,-0.48,0,-1.5,84579,1621616791.51432
757.2,4.04,-0.48,0,-1.55,84599,1621616791.53459
757.2,4.04,-0.48,0,-1.62,84620,1621616791.55535
757.2,4.04,-0.48,0,-1.67,84639,1621616791.57553
757.2,4.04,-0.48,0,-1.72,84660,1621616791.59576
757.2,4.04,-0.48,0,-1.78,84679,1621616791.61619
757.2,4.04,-0.48,0,-1.83,84699,1621616791.6371
757.2,4.04,-0.48,0,-1.9,84719,1621616791.65273
757.2,4.04,-0.48,0,-1.97,84740,1621616791.67448
757.2,4.04,-0.48,0,-2.03,84759,1621616791.6943
757.2,4.04,-0.48,0,-2.1,84780,1621616791.71469
757.2,4.04,-0.48,0,-2.17,84799,1621616791.73486
757.2,4.04,-0.48,0,-2.22,84819,1621616791.75602
757.2,4.04,-0.48,0,-2.23,84839,1621616791.77624
757.2,4.04,-0.48,0,-2.25,84859,1621616791.79669
757.2,4.04,-0.48,0,-2.25,84880,1621616791.8182
757.2,4.04,-0.48,0,-2.25,84899,1621616791.83741
757.2,4.04,-0.48,0,-2.25,84920,1621616791.85782
757.2,4.04,-0.48,0,-2.25,84940,1621616791.87461
757.2,4.04,-0.48,0,-2.25,84960,1621616791.89513
757.2,4.04,-0.48,0,-2.25,84980,1621616791.9251
757.2,4.04,-0.48,0,-2.25,85000,1621616791.93848
757.2,4.04,-0.48,0,-2.25,85020,1621616791.95631
757.2,4.04,-0.48,0,-2.25,85040,1621616791.97681
757.2,4.04,-0.48,0,-2.25,85060,1621616791.99727
757.2,4.04,-0.48,0,-2.25,85080,1621616792.01704
757.2,4.04,-0.48,0,-2.25,85100,1621616792.03772
757.2,4.04,-0.48,0,-2.25,85120,1621616792.05465
757.2,4.04,-0.48,0,-2.27,85139,1621616792.07487
757.2,4.04,-0.48,0,-2.27,85159,1621616792.09538
757.2,4.04,-0.48,0,-2.27,85179,1621616792.11571
757.2,4.04,-0.48,0,-2.27,85199,1621616792.13571
757.2,4.04,-0.48,0,-2.27,85219,1621616792.15631
757.2,4.04,-0.48,0,-2.27,85239,1621616792.17658
757.2,4.04,-0.48,0,-2.27,85260,1621616792.19733
757.2,4.04,-0.48,0,-2.28,85279,1621616792.21419
757.2,4.04,-0.48,0,-2.3,85299,1621616792.23523
757.2,4.04,-0.48,0,-2.35,85319,1621616792.26217
757.2,4.04,-0.48,0,-2.45,85340,1621616792.27541
757.2,4.04,-0.48,0,-2.58,85359,1621616792.29509
757.2,4.04,-0.48,0,-2.77,85380,1621616792.31644
757.2,4.04,-0.48,0,-3,85399,1621616792.34228
757.2,4.04,-0.48,0,-3.25,85420,1621616792.35874
757.2,4.04,-0.48,0,-3.5,85439,1621616792.37727
757.2,4.04,-0.48,0,-3.72,85459,1621616792.39395
757.2,4.04,-0.48,0,-3.9,85479,1621616792.4142
757.2,4.04,-0.48,0,-4.08,85499,1621616792.43763
757.2,4.04,-0.48,0,-4.23,85519,1621616792.4563
757.2,4.04,-0.48,0,-4.37,85539,1621616792.4757
757.2,4.04,-0.48,0,-4.48,85560,1621616792.49579
757.2,4.04,-0.48,0,-4.58,85579,1621616792.5175
757.2,4.04,-0.48,0,-4.7,85600,1621616792.53768
757.2,4.04,-0.48,0,-4.82,85619,1621616792.55811
757.2,4.04,-0.48,0,-4.97,85640,1621616792.57448
757.2,4.04,-0.48,0,-5.1,85659,1621616792.59535
757.2,4.04,-0.48,0,-5.23,85680,1621616792.61601
757.2,4.04,-0.48,0,-5.35,85699,1621616792.63606
757.2,4.04,-0.48,0,-5.45,85720,1621616792.65639
757.2,4.04,-0.48,0,-5.55,85739,1621616792.67694
757.2,4.04,-0.48,0,-5.65,85760,1621616792.69719
757.2,4.04,-0.48,0,-5.73,85780,1621616792.71776
757.2,4.04,-0.48,0,-5.8,85799,1621616792.73858
757.2,4.04,-0.48,0,-5.87,85820,1621616792.75884
757.2,4.04,-0.48,0,-5.95,85839,1621616792.77527
757.2,4.04,-0.48,0,-6.02,85860,1621616792.79763
757.2,4.04,-0.48,0,-6.08,85879,1621616792.8156
757.2,4.04,-0.48,0,-6.17,85900,1621616792.83747
757.2,4.04,-0.48,0,-6.27,85919,1621616792.85645
757.2,4.04,-0.48,0,-6.4,85940,1621616792.87783
757.2,4.04,-0.48,0,-6.55,85959,1621616792.89861
757.2,4.04,-0.48,0,-6.68,85980,1621616792.91774
757.2,4.04,-0.48,0,-6.83,85999,1621616792.93945
757.2,4.04,-0.48,0,-6.95,86020,1621616792.95538
757.2,4.04,-0.48,0,-7.07,86039,1621616792.97627
757.2,4.04,-0.48,0,-7.18,86060,1621616793.00668
757.2,4.04,-0.48,0,-7.28,86079,1621616793.02156
757.2,4.04,-0.48,0,-7.4,86099,1621616793.0373
757.2,4.04,-0.48,0,-7.5,86119,1621616793.0575
757.2,4.04,-0.48,0,-7.6,86139,1621616793.08226
757.2,4.04,-0.48,0,-7.7,86159,1621616793.1055
757.2,4.04,-0.48,0,-7.8,86179,1621616793.11913
757.2,4.04,-0.48,0,-7.88,86200,1621616793.13515
757.2,4.04,-0.48,0,-7.97,86219,1621616793.15543
757.2,4.04,-0.48,0,-8.07,86240,1621616793.17548
757.2,4.04,-0.48,0,-8.15,86259,1621616793.19713
757.2,4.04,-0.48,0,-8.23,86280,1621616793.21735
757.2,4.04,-0.48,0,-8.33,86299,1621616793.23773
757.2,4.04,-0.48,0,-8.45,86320,1621616793.25831
757.2,4.04,-0.48,0,-8.57,86339,1621616793.27875
757.2,4.04,-0.48,0,-8.7,86360,1621616793.29916
757.2,4.04,-0.48,0,-8.85,86379,1621616793.31552
757.2,4.04,-0.48,0,-9.02,86400,1621616793.33567
757.2,4.04,-0.48,0,-9.18,86420,1621616793.35686
757.2,4.04,-0.48,0,-9.33,86439,1621616793.37769
757.2,4.04,-0.48,0,-9.47,86459,1621616793.39792
757.2,4.04,-0.48,0,-9.57,86479,1621616793.4181
757.2,4.04,-0.48,0,-9.68,86500,1621616793.43868
757.2,4.04,-0.48,0,-9.78,86519,1621616793.45905
757.2,4.04,-0.48,0,-9.9,86540,1621616793.47946
757.2,4.04,-0.48,0,-10.05,86559,1621616793.49622
757.2,4.04,-0.48,0,-10.22,86580,1621616793.51574
757.2,4.04,-0.48,0,-10.38,86600,1621616793.53738
757.2,4.04,-0.48,0,-10.52,86620,1621616793.55675
757.2,4.04,-0.48,0,-10.65,86639,1621616793.57724
757.2,4.04,-0.48,0,-10.78,86660,1621616793.60573
757.2,4.04,-0.48,0,-10.92,86679,1621616793.62031
757.2,4.04,-0.48,0,-11.05,86700,1621616793.63917
757.2,4.04,-0.48,0,-11.17,86720,1621616793.65925
757.2,4.04,-0.48,0,-11.3,86739,1621616793.68067
757.2,4.04,-0.48,0,-11.45,86760,1621616793.69747
757.2,4.04,-0.48,0,-11.62,86779,1621616793.71675
757.2,4.04,-0.48,0,-11.77,86800,1621616793.73726
757.2,4.04,-0.48,0,-11.92,86819,1621616793.75843
757.2,4.04,-0.48,0,-12.07,86840,1621616793.77843
757.2,4.04,-0.48,0,-12.18,86859,1621616793.79967
757.2,4.04,-0.48,0,-12.28,86880,1621616793.81985
757.2,4.04,-0.48,0,-12.4,86899,1621616793.83997
757.2,4.04,-0.48,0,-12.52,86920,1621616793.85712
757.2,4.04,-0.48,0,-12.65,86939,1621616793.88486
757.2,4.04,-0.48,0,-12.78,86960,1621616793.90271
757.2,4.04,-0.48,0,-12.9,86980,1621616793.91858
757.2,4.04,-0.48,0,-13.03,87000,1621616793.93796
757.2,4.04,-0.48,0,-13.18,87020,1621616793.96341
757.2,4.04,-0.48,0,-13.32,87040,1621616793.9803
757.2,4.04,-0.48,0,-13.45,87059,1621616793.99893
757.2,4.04,-0.48,0,-13.57,87079,1621616794.01936
757.2,4.04,-0.48,0,-13.68,87100,1621616794.03952
757.2,4.04,-0.48,0,-13.78,87119,1621616794.05725
757.2,4.04,-0.48,0,-13.88,87140,1621616794.07923
757.2,4.04,-0.48,0,-13.95,87159,1621616794.10245
757.2,4.04,-0.48,0,-14.02,87180,1621616794.12206
757.2,4.04,-0.48,0,-14.05,87199,1621616794.13808
757.2,4.04,-0.48,0,-14.08,87220,1621616794.1583
757.2,4.04,-0.48,0,-14.13,87240,1621616794.1788
757.2,4.04,-0.48,0,-14.17,87260,1621616794.19909
757.2,4.04,-0.48,0,-14.2,87279,1621616794.21974
757.2,4.04,-0.48,0,-14.25,87300,1621616794.23694
757.2,4.04,-0.48,0,-14.28,87319,1621616794.25797
757.2,4.04,-0.48,0,-14.32,87340,1621616794.28294
757.2,4.04,-0.48,0,-14.35,87359,1621616794.30425
757.2,4.04,-0.48,0,-14.38,87379,1621616794.32469
757.2,4.04,-0.48,0,-14.42,87399,1621616794.33973
757.2,4.04,-0.48,0,-14.43,87419,1621616794.35917
757.2,4.04,-0.48,0,-14.47,87440,1621616794.39017
757.2,4.04,-0.48,0,-14.48,87459,1621616794.4029
757.2,4.04,-0.48,0,-14.5,87480,1621616794.41727
757.2,4.04,-0.48,0,-14.53,87499,1621616794.43749
757.2,4.04,-0.48,0,-14.57,87520,1621616794.45783
757.2,4.04,-0.48,0,-14.6,87540,1621616794.47834
757.2,4.04,-0.48,0,-14.62,87560,1621616794.49909
757.2,4.04,-0.48,0,-14.67,87580,1621616794.51941
757.2,4.04,-0.48,0,-14.72,87600,1621616794.53953
757.2,4.04,-0.48,0,-14.77,87619,1621616794.56106
757.2,4.04,-0.48,0,-14.82,87640,1621616794.57658
757.2,4.04,-0.48,0,-14.88,87660,1621616794.60197
757.2,4.04,-0.48,0,-14.95,87680,1621616794.61859
757.2,4.04,-0.48,0,-15.03,87699,1621616794.64193
757.2,4.04,-0.48,0,-15.12,87719,1621616794.65971
757.2,4.04,-0.48,0,-15.2,87740,1621616794.68004
757.2,4.04,-0.48,0,-15.28,87759,1621616794.70076
757.2,4.04,-0.48,0,-15.37,87780,1621616794.72236
757.2,4.04,-0.48,0,-15.45,87799,1621616794.74182
757.2,4.04,-0.48,0,-15.53,87820,1621616794.76621
757.2,4.04,-0.48,0,-15.62,87839,1621616794.77944
757.2,4.04,-0.48,0,-15.68,87860,1621616794.79912
757.2,4.04,-0.48,0,-15.75,87879,1621616794.81894
757.2,4.04,-0.48,0,-15.8,87900,1621616794.84894
757.2,4.04,-0.48,0,-15.85,87919,1621616794.86005
757.2,4.04,-0.48,0,-15.9,87940,1621616794.87977
757.2,4.04,-0.48,0,-15.93,87960,1621616794.90039
757.2,4.04,-0.48,0,-15.97,87980,1621616794.92093
757.2,4.04,-0.48,0,-16,88000,1621616794.94207
757.2,4.04,-0.48,0,-16.03,88019,1621616794.95775
757.2,4.04,-0.48,0,-16.08,88039,1621616794.97855
757.2,4.04,-0.48,0,-16.13,88059,1621616794.99853
757.2,4.04,-0.48,0,-16.2,88080,1621616795.01924
757.2,4.04,-0.48,0,-16.27,88099,1621616795.03953
757.2,4.04,-0.48,0,-16.35,88120,1621616795.06019
757.2,4.04,-0.48,0,-16.43,88139,1621616795.08061
757.2,4.04,-0.48,0,-16.53,88160,1621616795.10176
757.2,4.04,-0.48,0,-16.63,88179,1621616795.12183
757.2,4.04,-0.48,0,-16.72,88200,1621616795.13866
757.2,4.04,-0.48,0,-16.83,88219,1621616795.159
757.2,4.04,-0.48,0,-16.93,88240,1621616795.18
757.2,4.04,-0.48,0,-17.03,88259,1621616795.20356
757.2,4.04,-0.48,0,-17.15,88280,1621616795.22035
757.2,4.04,-0.48,0,-17.27,88300,1621616795.24025
757.2,4.04,-0.48,0,-17.38,88320,1621616795.26168
757.2,4.04,-0.48,0,-17.47,88340,1621616795.28203
757.2,4.04,-0.48,0,-17.57,88359,1621616795.30206
757.2,4.04,-0.48,0,-17.65,88380,1621616795.31893
757.2,4.04,-0.48,0,-17.73,88399,1621616795.33947
757.2,4.04,-0.48,0,-17.82,88420,1621616795.35958
757.2,4.04,-0.48,0,-17.88,88439,1621616795.38002
757.2,4.04,-0.48,0,-17.97,88460,1621616795.39986
757.2,4.04,-0.48,0,-18.03,88479,1621616795.42033
757.2,4.04,-0.48,0,-18.1,88500,1621616795.44175
757.2,4.04,-0.48,0,-18.15,88519,1621616795.46202
757.2,4.04,-0.48,0,-18.18,88540,1621616795.48251
757.2,4.04,-0.48,0,-18.22,88559,1621616795.49854
757.2,4.04,-0.48,0,-18.25,88580,1621616795.51935
757.2,4.04,-0.48,0,-18.28,88599,1621616795.53926
757.2,4.04,-0.48,0,-18.32,88620,1621616795.56036
757.2,4.04,-0.48,0,-18.35,88639,1621616795.5808
757.2,4.04,-0.48,0,-18.38,88659,1621616795.60107
757.2,4.04,-0.48,0,-18.42,88679,1621616795.62155
757.2,4.04,-0.48,0,-18.45,88699,1621616795.64196
757.2,4.04,-0.48,0,-18.48,88719,1621616795.66229
757.2,4.04,-0.48,0,-18.53,88739,1621616795.68288
757.2,4.04,-0.48,0,-18.58,88760,1621616795.70777
757.2,4.04,-0.48,0,-18.65,88779,1621616795.71952
757.2,4.04,-0.48,0,-18.73,88800,1621616795.75168
757.2,4.04,-0.48,0,-18.83,88819,1621616795.76156
757.2,4.04,-0.48,0,-18.95,88840,1621616795.78159
757.2,4.04,-0.48,0,-19.05,88859,1621616795.80184
757.2,4.04,-0.48,0,-19.15,88880,1621616795.8219
757.2,4.04,-0.48,0,-19.23,88899,1621616795.84247
757.2,4.04,-0.48,0,-19.3,88920,1621616795.85943
757.2,4.04,-0.48,0,-19.37,88939,1621616795.88011
757.2,4.04,-0.48,0,-19.43,88960,1621616795.9004
757.2,4.04,-0.48,0,-19.48,88980,1621616795.92112
757.2,4.04,-0.48,0,-19.53,88999,1621616795.9414
757.2,4.04,-0.48,0,-19.58,89020,1621616795.96146
757.2,4.04,-0.48,0,-19.63,89039,1621616795.98268
757.2,4.04,-0.48,0,-19.67,89060,1621616796.00318
757.2,4.04,-0.48,0,-19.72,89079,1621616796.0233
757.2,4.04,-0.48,0,-19.75,89099,1621616796.04024
757.2,4.04,-0.48,0,-19.8,89120,1621616796.06073
757.2,4.04,-0.48,0,-19.85,89140,1621616796.08079
757.2,4.04,-0.48,0,-19.92,89159,1621616796.10089
757.2,4.04,-0.48,0,-20,89180,1621616796.12194
757.2,4.04,-0.48,0,-20.08,89200,1621616796.14366
757.2,4.04,-0.48,0,-20.17,89220,1621616796.16248
757.2,4.04,-0.48,0,-20.27,89239,1621616796.1822
757.2,4.04,-0.48,0,-20.35,89260,1621616796.20336
757.2,4.04,-0.48,0,-20.45,89279,1621616796.21934
757.2,4.04,-0.48,0,-20.55,89299,1621616796.23978
757.2,4.04,-0.48,0,-20.68,89320,1621616796.26035
757.2,4.04,-0.48,0,-20.82,89339,1621616796.28127
757.2,4.04,-0.48,0,-20.92,89360,1621616796.30258
757.2,4.04,-0.48,0,-21.02,89379,1621616796.32259
757.2,4.04,-0.48,0,-21.12,89400,1621616796.34302
757.2,4.04,-0.48,0,-21.2,89419,1621616796.36377
757.2,4.04,-0.48,0,-21.27,89440,1621616796.38563
757.2,4.04,-0.48,0,-21.32,89459,1621616796.40469
757.2,4.04,-0.48,0,-21.38,89480,1621616796.42034
757.2,4.04,-0.48,0,-21.43,89499,1621616796.44067
757.2,4.04,-0.48,0,-21.5,89520,1621616796.46087
757.2,4.04,-0.48,0,-21.57,89539,1621616796.48259
757.2,4.04,-0.48,0,-21.62,89560,1621616796.50684
757.2,4.04,-0.48,0,-21.7,89579,1621616796.52589
757.2,4.04,-0.48,0,-21.78,89600,1621616796.54193
757.2,4.04,-0.48,0,-21.85,89620,1621616796.56385
757.2,4.04,-0.48,0,-21.93,89639,1621616796.58294
757.2,4.04,-0.48,0,-22.02,89660,1621616796.60086
757.2,4.04,-0.48,0,-22.1,89679,1621616796.62975
757.2,4.04,-0.48,0,-22.18,89700,1621616796.64136
757.2,4.04,-0.48,0,-22.28,89719,1621616796.6624
757.2,4.04,-0.48,0,-22.38,89740,1621616796.68255
757.2,4.04,-0.48,0,-22.48,89759,1621616796.70324
757.2,4.04,-0.48,0,-22.58,89780,1621616796.72859
757.2,4.04,-0.48,0,-22.67,89799,1621616796.74281
757.2,4.04,-0.48,0,-22.75,89820,1621616796.76336
757.2,4.04,-0.48,0,-22.82,89840,1621616796.7803
757.2,4.04,-0.48,0,-22.87,89860,1621616796.80029
757.2,4.04,-0.48,0,-22.92,89879,1621616796.82095
757.2,4.04,-0.48,0,-22.95,89900,1621616796.84154
757.2,4.04,-0.48,0,-23,89920,1621616796.86427
757.2,4.04,-0.48,0,-23.05,89939,1621616796.88464
757.2,4.04,-0.48,0,-23.12,89960,1621616796.90884
757.2,4.04,-0.48,0,-23.2,89979,1621616796.92366
757.2,4.04,-0.48,0,-23.28,90000,1621616796.94469
757.2,4.04,-0.48,0,-23.37,90019,1621616796.96031
757.2,4.04,-0.48,0,-23.45,90040,1621616796.98053
757.2,4.04,-0.48,0,-23.55,90059,1621616797.00109
757.2,4.04,-0.48,0,-23.63,90080,1621616797.02226
757.2,4.04,-0.48,0,-23.72,90099,1621616797.05172
757.2,4.04,-0.48,0,-23.8,90120,1621616797.06544
757.2,4.04,-0.48,0,-23.87,90139,1621616797.08423
757.2,4.04,-0.48,0,-23.95,90160,1621616797.1045
757.2,4.04,-0.48,0,-24.03,90179,1621616797.12492
757.2,4.04,-0.48,0,-24.1,90200,1621616797.14049
757.2,4.04,-0.48,0,-24.18,90219,1621616797.16178
757.2,4.04,-0.48,0,-24.25,90240,1621616797.19621
757.2,4.04,-0.48,0,-24.33,90260,1621616797.20511
757.2,4.04,-0.48,0,-24.42,90279,1621616797.22215
757.2,4.04,-0.48,0,-24.5,90300,1621616797.24324
757.2,4.04,-0.48,0,-24.57,90319,1621616797.26425
757.2,4.04,-0.48,0,-24.65,90340,1621616797.28473
757.2,4.04,-0.48,0,-24.73,90359,1621616797.31121
757.2,4.04,-0.48,0,-24.82,90380,1621616797.32899
757.2,4.04,-0.48,0,-24.9,90399,1621616797.34194
757.2,4.04,-0.48,0,-24.98,90420,1621616797.36168
757.2,4.04,-0.48,0,-25.05,90439,1621616797.38196
757.2,4.04,-0.48,0,-25.13,90460,1621616797.40302
757.2,4.04,-0.48,0,-25.2,90480,1621616797.42396
757.2,4.04,-0.48,0,-25.25,90500,1621616797.44427
757.2,4.04,-0.48,0,-25.3,90519,1621616797.4722
757.2,4.04,-0.48,0,-25.35,90540,1621616797.49156
757.2,4.04,-0.48,0,-25.4,90560,1621616797.50486
757.2,4.04,-0.48,0,-25.43,90579,1621616797.5221
757.2,4.04,-0.48,0,-25.48,90599,1621616797.54263
757.2,4.04,-0.48,0,-25.53,90619,1621616797.57131
757.2,4.04,-0.48,0,-25.58,90640,1621616797.58472
757.2,4.04,-0.48,0,-25.65,90659,1621616797.60383
757.2,4.04,-0.48,0,-25.72,90680,1621616797.62432
757.2,4.04,-0.48,0,-25.78,90699,1621616797.64484
757.2,4.04,-0.48,0,-25.87,90720,1621616797.66487
757.2,4.04,-0.48,0,-25.95,90739,1621616797.68536
757.2,4.04,-0.48,0,-26.03,90760,1621616797.70775
757.2,4.04,-0.48,0,-26.12,90779,1621616797.73285
757.2,4.04,-0.48,0,-26.18,90800,1621616797.74318
757.2,4.04,-0.48,0,-26.27,90819,1621616797.76314
757.2,4.04,-0.48,0,-26.33,90840,1621616797.78404
757.2,4.04,-0.48,0,-26.42,90860,1621616797.80454
757.2,4.04,-0.48,0,-26.5,90880,1621616797.82479
757.2,4.04,-0.48,0,-26.58,90900,1621616797.8459
757.2,4.04,-0.48,0,-26.67,90919,1621616797.86234
757.2,4.04,-0.48,0,-26.77,90940,1621616797.88268
757.2,4.04,-0.48,0,-26.85,90959,1621616797.90289
757.2,4.04,-0.48,0,-26.95,90980,1621616797.92363
757.2,4.04,-0.48,0,-27.03,90999,1621616797.9442
757.2,4.04,-0.48,0,-27.12,91020,1621616797.96389
757.2,4.04,-0.48,0,-27.18,91039,1621616797.98528
757.2,4.04,-0.48,0,-27.23,91060,1621616798.00523
757.2,4.04,-0.48,0,-27.27,91080,1621616798.02551
757.2,4.04,-0.48,0,-27.3,91100,1621616798.04232
757.2,4.04,-0.48,0,-27.35,91119,1621616798.0714
757.2,4.04,-0.48,0,-27.38,91140,1621616798.08388
757.2,4.04,-0.48,0,-27.42,91159,1621616798.1039
757.2,4.04,-0.48,0,-27.45,91180,1621616798.12405
757.2,4.04,-0.48,0,-27.5,91199,1621616798.14424
757.2,4.04,-0.48,0,-27.55,91219,1621616798.16529
757.2,4.04,-0.48,0,-27.6,91240,1621616798.18584
757.2,4.04,-0.48,0,-27.67,91259,1621616798.20594
757.2,4.04,-0.48,0,-27.73,91280,1621616798.2264
757.2,4.04,-0.48,0,-27.82,91299,1621616798.24274
757.2,4.04,-0.48,0,-27.9,91320,1621616798.27102
757.2,4.04,-0.48,0,-27.98,91339,1621616798.2852
757.2,4.04,-0.48,0,-28.08,91360,1621616798.30434
757.2,4.04,-0.48,0,-28.17,91379,1621616798.32488
757.2,4.04,-0.48,0,-28.25,91400,1621616798.34506
757.2,4.04,-0.48,0,-28.33,91419,1621616798.36621
757.2,4.04,-0.48,0,-28.4,91440,1621616798.38645
757.2,4.04,-0.48,0,-28.48,91460,1621616798.40692
757.2,4.04,-0.48,0,-28.55,91480,1621616798.42304
757.2,4.04,-0.48,0,-28.62,91499,1621616798.44336
757.2,4.04,-0.48,0,-28.7,91520,1621616798.46495
757.2,4.04,-0.48,0,-28.77,91539,1621616798.48504
757.2,4.04,-0.48,0,-28.83,91559,1621616798.50519
757.2,4.04,-0.48,0,-28.92,91580,1621616798.52565
757.2,4.04,-0.48,0,-28.98,91599,1621616798.54601
757.2,4.04,-0.48,0,-29.07,91620,1621616798.56677
757.2,4.04,-0.48,0,-29.15,91639,1621616798.58683
757.2,4.04,-0.48,0,-29.23,91660,1621616798.60383
757.2,4.04,-0.48,0,-29.32,91679,1621616798.62395
757.2,4.04,-0.48,0,-29.4,91700,1621616798.64524
757.2,4.04,-0.48,0,-29.5,91719,1621616798.66502
757.2,4.04,-0.48,0,-29.58,91740,1621616798.68547
757.2,4.04,-0.48,0,-29.67,91760,1621616798.70556
757.2,4.04,-0.48,0,-29.73,91780,1621616798.72651
757.2,4.04,-0.48,0,-29.8,91800,1621616798.74707
757.2,4.04,-0.48,0,-29.85,91820,1621616798.7673
757.2,4.04,-0.48,0,-29.9,91839,1621616798.78441
757.2,4.04,-0.48,0,-29.95,91859,1621616798.80386
757.2,4.04,-0.48,0,-29.98,91880,1621616798.82384
757.2,4.04,-0.48,0,-30.02,91899,1621616798.84411
757.2,4.04,-0.48,0,-30.07,91920,1621616798.86514
757.2,4.04,-0.48,0,-30.1,91939,1621616798.88594
757.2,4.04,-0.48,0,-30.13,91960,1621616798.90616
757.2,4.04,-0.48,0,-30.18,91979,1621616798.9273
757.2,4.04,-0.48,0,-30.25,92000,1621616798.94711
757.2,4.04,-0.48,0,-30.3,92019,1621616798.96292
757.2,4.04,-0.48,0,-30.38,92040,1621616798.99373
757.2,4.04,-0.48,0,-30.45,92059,1621616799.00941
757.2,4.04,-0.48,0,-30.52,92080,1621616799.02555
757.2,4.04,-0.48,0,-30.6,92100,1621616799.04634
757.2,4.04,-0.48,0,-30.65,92120,1621616799.06605
757.2,4.04,-0.48,0,-30.72,92139,1621616799.08624
757.2,4.04,-0.48,0,-30.78,92160,1621616799.10759
757.2,4.04,-0.48,0,-30.85,92179,1621616799.12759
757.2,4.04,-0.48,0,-30.9,92199,1621616799.14485
757.2,4.04,-0.48,0,-30.97,92220,1621616799.16509
757.2,4.04,-0.48,0,-31.02,92239,1621616799.18657
757.2,4.04,-0.48,0,-31.07,92260,1621616799.20762
757.2,4.04,-0.48,0,-31.13,92280,1621616799.22697
757.2,4.04,-0.48,0,-31.18,92300,1621616799.24737
757.2,4.04,-0.48,0,-31.25,92319,1621616799.26764
757.2,4.04,-0.48,0,-31.3,92340,1621616799.2879
757.2,4.04,-0.48,0,-31.35,92359,1621616799.30934
757.2,4.04,-0.48,0,-31.4,92380,1621616799.32895
757.2,4.04,-0.48,0,-31.43,92399,1621616799.34469
757.2,4.04,-0.48,0,-31.48,92420,1621616799.3651
757.2,4.04,-0.48,0,-31.52,92439,1621616799.38727
757.2,4.04,-0.48,0,-31.53,92460,1621616799.40613
757.2,4.04,-0.48,0,-31.57,92479,1621616799.42569
757.2,4.04,-0.48,0,-31.6,92499,1621616799.44712
757.2,4.04,-0.48,0,-31.62,92519,1621616799.46651
757.2,4.04,-0.48,0,-31.63,92539,1621616799.48708
757.2,4.04,-0.48,0,-31.67,92560,1621616799.50526
757.2,4.04,-0.48,0,-31.7,92579,1621616799.52461
757.2,4.04,-0.48,0,-31.73,92600,1621616799.54472
757.2,4.04,-0.48,0,-31.77,92619,1621616799.56633
757.2,4.04,-0.48,0,-31.82,92640,1621616799.58671
757.2,4.04,-0.48,0,-31.85,92659,1621616799.60732
757.2,4.04,-0.48,0,-31.88,92680,1621616799.62723
757.2,4.04,-0.48,0,-31.92,92699,1621616799.64835
757.2,4.04,-0.48,0,-31.95,92720,1621616799.66848
757.2,4.04,-0.48,0,-31.97,92739,1621616799.68508
757.2,4.04,-0.48,0,-32,92760,1621616799.7058
757.2,4.04,-0.48,0,-32.02,92779,1621616799.72563
757.2,4.04,-0.48,0,-32.05,92800,1621616799.74674
757.2,4.04,-0.48,0,-32.08,92819,1621616799.76755
757.2,4.04,-0.48,0,-32.1,92839,1621616799.78734
757.2,4.04,-0.48,0,-32.13,92860,1621616799.80857
757.2,4.04,-0.48,0,-32.15,92879,1621616799.82915
757.2,4.04,-0.48,0,-32.18,92900,1621616799.84922
757.2,4.04,-0.48,0,-32.22,92919,1621616799.86516
757.2,4.04,-0.48,0,-32.25,92940,1621616799.8855
757.2,4.04,-0.48,0,-32.28,92959,1621616799.9068
757.2,4.04,-0.48,0,-32.32,92980,1621616799.92713
757.2,4.04,-0.48,0,-32.35,92999,1621616799.94754
757.2,4.04,-0.48,0,-32.4,93020,1621616799.96745
757.2,4.04,-0.48,0,-32.45,93039,1621616799.98836
757.2,4.04,-0.48,0,-32.5,93060,1621616800.01339
757.2,4.04,-0.48,0,-32.55,93079,1621616800.03174
757.2,4.04,-0.48,0,-32.62,93100,1621616800.05003
757.2,4.04,-0.48,0,-32.67,93120,1621616800.0654
757.2,4.04,-0.48,0,-32.73,93139,1621616800.08649
757.2,4.04,-0.48,0,-32.8,93160,1621616800.10906
757.2,4.04,-0.48,0,-32.88,93179,1621616800.13002
757.2,4.04,-0.48,0,-32.97,93200,1621616800.14766
757.2,4.04,-0.48,0,-33.03,93219,1621616800.16774
757.2,4.04,-0.48,0,-33.12,93240,1621616800.18812
757.2,4.04,-0.48,0,-33.2,93259,1621616800.20878
757.2,4.04,-0.48,0,-33.28,93280,1621616800.22908
757.2,4.04,-0.48,0,-33.37,93299,1621616800.24594
757.2,4.04,-0.48,0,-33.45,93320,1621616800.26611
757.2,4.04,-0.48,0,-33.53,93339,1621616800.28642
757.2,4.04,-0.48,0,-33.6,93360,1621616800.30631
757.2,4.04,-0.48,0,-33.67,93380,1621616800.32757
757.2,4.04,-0.48,0,-33.73,93400,1621616800.3476
757.2,4.04,-0.48,0,-33.78,93420,1621616800.36774
757.2,4.04,-0.48,0,-33.83,93440,1621616800.38918
757.2,4.04,-0.48,0,-33.88,93459,1621616800.40913
757.2,4.04,-0.48,0,-33.92,93479,1621616800.4259
757.2,4.04,-0.48,0,-33.95,93499,1621616800.44618
757.2,4.04,-0.48,0,-33.98,93519,1621616800.46655
757.2,4.04,-0.48,0,-34,93540,1621616800.48726
757.2,4.04,-0.48,0,-34.03,93559,1621616800.50835
757.2,4.04,-0.48,0,-34.05,93580,1621616800.52922
757.2,4.04,-0.48,0,-34.08,93599,1621616800.54965
757.2,4.04,-0.48,0,-34.1,93620,1621616800.56998
757.2,4.04,-0.48,0,-34.12,93640,1621616800.58984
757.2,4.04,-0.48,0,-34.13,93660,1621616800.6062
757.2,4.04,-0.48,0,-34.17,93679,1621616800.62626
757.2,4.04,-0.48,0,-34.18,93700,1621616800.64691
757.2,4.04,-0.48,0,-34.22,93719,1621616800.66922
757.2,4.04,-0.48,0,-34.25,93740,1621616800.68975
757.2,4.04,-0.48,0,-34.28,93759,1621616800.70941
757.2,4.04,-0.48,0,-34.32,93779,1621616800.72942
757.2,4.04,-0.48,0,-34.35,93799,1621616800.75008
757.2,4.04,-0.48,0,-34.38,93819,1621616800.76948
757.2,4.04,-0.48,0,-34.42,93840,1621616800.78679
757.2,4.04,-0.48,0,-34.45,93859,1621616800.80688
757.2,4.04,-0.48,0,-34.48,93880,1621616800.82727
757.2,4.04,-0.48,0,-34.53,93900,1621616800.8484
757.2,4.04,-0.48,0,-34.57,93920,1621616800.86988
757.2,4.04,-0.48,0,-34.6,93939,1621616800.89084
757.2,4.04,-0.48,0,-34.65,93960,1621616800.90906
757.2,4.04,-0.48,0,-34.68,93979,1621616800.92971
757.2,4.04,-0.48,0,-34.73,94000,1621616800.95026
757.2,4.04,-0.48,0,-34.77,94019,1621616800.96618
757.2,4.04,-0.48,0,-34.8,94040,1621616800.98658
757.2,4.04,-0.48,0,-34.83,94059,1621616801.008
757.2,4.04,-0.48,0,-34.87,94080,1621616801.0379
757.2,4.04,-0.48,0,-34.9,94099,1621616801.04994
757.2,4.04,-0.48,0,-34.92,94120,1621616801.071
757.2,4.04,-0.48,0,-34.95,94139,1621616801.08962
757.2,4.04,-0.48,0,-34.97,94159,1621616801.11034
757.2,4.04,-0.48,0,-35,94180,1621616801.13106
757.2,4.04,-0.48,0,-35.03,94199,1621616801.14759
757.2,4.04,-0.48,0,-35.07,94220,1621616801.16768
757.2,4.04,-0.48,0,-35.12,94239,1621616801.18821
757.2,4.04,-0.48,0,-35.17,94260,1621616801.20835
757.2,4.04,-0.48,0,-35.2,94280,1621616801.22958
757.2,4.04,-0.48,0,-35.25,94300,1621616801.24939
757.2,4.04,-0.48,0,-35.27,94319,1621616801.26979
757.2,4.04,-0.48,0,-35.3,94340,1621616801.29088
757.2,4.04,-0.48,0,-35.33,94360,1621616801.31116
757.2,4.04,-0.48,0,-35.35,94380,1621616801.32699
757.2,4.04,-0.48,0,-35.38,94400,1621616801.34806
757.2,4.04,-0.48,0,-35.4,94419,1621616801.36835
757.2,4.04,-0.48,0,-35.42,94439,1621616801.38835
757.2,4.04,-0.48,0,-35.45,94459,1621616801.40879
757.2,4.04,-0.48,0,-35.47,94480,1621616801.42978
757.2,4.04,-0.48,0,-35.48,94499,1621616801.44994
757.2,4.04,-0.48,0,-35.52,94520,1621616801.47098
757.2,4.04,-0.48,0,-35.53,94539,1621616801.49058
757.2,4.04,-0.48,0,-35.55,94560,1621616801.50728
757.2,4.04,-0.48,0,-35.57,94579,1621616801.52856
757.2,4.04,-0.48,0,-35.58,94600,1621616801.54896
757.2,4.04,-0.48,0,-35.6,94619,1621616801.56933
757.2,4.04,-0.48,0,-35.63,94640,1621616801.58943
757.2,4.04,-0.48,0,-35.65,94660,1621616801.60981
757.2,4.04,-0.48,0,-35.68,94680,1621616801.63149
757.2,4.04,-0.48,0,-35.72,94699,1621616801.65111
757.2,4.04,-0.48,0,-35.73,94720,1621616801.67145
757.2,4.04,-0.48,0,-35.75,94739,1621616801.68737
757.2,4.04,-0.48,0,-35.77,94759,1621616801.70801
757.2,4.04,-0.48,0,-35.78,94780,1621616801.72934
757.2,4.04,-0.48,0,-35.82,94799,1621616801.74883
757.2,4.04,-0.48,0,-35.83,94820,1621616801.76927
757.2,4.04,-0.48,0,-35.85,94840,1621616801.7904
757.2,4.04,-0.48,0,-35.87,94860,1621616801.81057
757.2,4.04,-0.48,0,-35.88,94879,1621616801.8305
757.2,4.04,-0.48,0,-35.9,94900,1621616801.85109
757.2,4.04,-0.48,0,-35.93,94920,1621616801.87261
757.2,4.04,-0.48,0,-35.95,94940,1621616801.88903
757.2,4.04,-0.48,0,-35.97,94959,1621616801.90893
757.2,4.04,-0.48,0,-35.98,94980,1621616801.9295
757.2,4.04,-0.48,0,-36.02,94999,1621616801.94924
757.2,4.04,-0.48,0,-36.03,95020,1621616801.96975
757.2,4.04,-0.48,0,-36.05,95040,1621616801.99795
757.2,4.04,-0.48,0,-36.08,95059,1621616802.01099
757.2,4.04,-0.48,0,-36.12,95080,1621616802.03086
757.2,4.04,-0.48,0,-36.15,95099,1621616802.04768
757.2,4.04,-0.48,0,-36.18,95120,1621616802.07325
757.2,4.04,-0.48,0,-36.22,95139,1621616802.08971
757.2,4.04,-0.48,0,-36.25,95160,1621616802.11021
757.2,4.04,-0.48,0,-36.28,95179,1621616802.13124
757.2,4.04,-0.48,0,-36.32,95200,1621616802.15067
757.2,4.04,-0.48,0,-36.35,95219,1621616802.17104
757.2,4.04,-0.48,0,-36.38,95240,1621616802.19171
757.2,4.04,-0.48,0,-36.43,95259,1621616802.21422
757.2,4.04,-0.48,0,-36.47,95280,1621616802.23699
757.2,4.04,-0.48,0,-36.52,95300,1621616802.24839
757.2,4.04,-0.48,0,-36.55,95320,1621616802.26809
757.2,4.04,-0.48,0,-36.6,95340,1621616802.28964
757.2,4.04,-0.48,0,-36.63,95360,1621616802.31054
757.2,4.04,-0.48,0,-36.68,95379,1621616802.33002
757.2,4.04,-0.48,0,-36.72,95399,1621616802.35107
757.2,4.04,-0.48,0,-36.77,95419,1621616802.37143
757.2,4.04,-0.48,0,-36.82,95439,1621616802.39207
757.2,4.04,-0.48,0,-36.88,95460,1621616802.4113
757.2,4.04,-0.48,0,-36.93,95480,1621616802.42823
757.2,4.04,-0.48,0,-37,95500,1621616802.44851
757.2,4.04,-0.48,0,-37.07,95519,1621616802.47031
757.2,4.04,-0.48,0,-37.13,95540,1621616802.49231
757.2,4.04,-0.48,0,-37.22,95560,1621616802.51388
757.2,4.04,-0.48,0,-37.28,95580,1621616802.53296
757.2,4.04,-0.48,0,-37.35,95600,1621616802.55321
757.2,4.04,-0.48,0,-37.4,95620,1621616802.57241
757.2,4.04,-0.48,0,-37.47,95640,1621616802.59246
757.2,4.04,-0.48,0,-37.53,95660,1621616802.61389
757.2,4.04,-0.48,0,-37.6,95680,1621616802.6299
757.2,4.04,-0.48,0,-37.67,95699,1621616802.64965
757.2,4.04,-0.48,0,-37.72,95720,1621616802.67016
757.2,4.04,-0.48,0,-37.77,95739,1621616802.69061
757.2,4.04,-0.48,0,-37.82,95760,1621616802.71797
757.2,4.04,-0.48,0,-37.85,95779,1621616802.73333
757.2,4.04,-0.48,0,-37.88,95799,1621616802.7525
757.2,4.04,-0.48,0,-37.92,95820,1621616802.77283
757.2,4.04,-0.48,0,-37.97,95840,1621616802.78958
757.2,4.04,-0.48,0,-38,95860,1621616802.80983
757.2,4.04,-0.48,0,-38.03,95880,1621616802.83063
757.2,4.04,-0.48,0,-38.08,95899,1621616802.8508
757.2,4.04,-0.48,0,-38.12,95920,1621616802.87117
757.2,4.04,-0.48,0,-38.15,95939,1621616802.89253
757.2,4.04,-0.48,0,-38.18,95960,1621616802.92323
757.2,4.04,-0.48,0,-38.22,95979,1621616802.93293
757.2,4.04,-0.48,0,-38.25,96000,1621616802.95328
757.2,4.04,-0.48,0,-38.28,96019,1621616802.97034
757.2,4.04,-0.48,0,-38.32,96039,1621616802.99049
757.2,4.04,-0.48,0,-38.35,96059,1621616803.01062
757.2,4.04,-0.48,0,-38.4,96079,1621616803.03197
757.2,4.04,-0.48,0,-38.43,96099,1621616803.05227
757.2,4.04,-0.48,0,-38.45,96120,1621616803.07248
757.2,4.04,-0.48,0,-38.48,96140,1621616803.09271
757.2,4.04,-0.48,0,-38.53,96160,1621616803.11478
757.2,4.04,-0.48,0,-38.57,96180,1621616803.13436
757.2,4.04,-0.48,0,-38.6,96200,1621616803.15456
757.2,4.04,-0.48,0,-38.62,96220,1621616803.1713
757.2,4.04,-0.48,0,-38.65,96239,1621616803.19075
757.2,4.04,-0.48,0,-38.67,96260,1621616803.21518
757.2,4.04,-0.48,0,-38.68,96279,1621616803.23234
757.2,4.04,-0.48,0,-38.68,96300,1621616803.2522
757.2,4.04,-0.48,0,-38.7,96319,1621616803.27249
757.2,4.04,-0.48,0,-38.7,96339,1621616803.29297
757.2,4.04,-0.48,0,-38.7,96359,1621616803.31323
757.2,4.04,-0.48,0,-38.7,96379,1621616803.32998
757.2,4.04,-0.48,0,-38.72,96400,1621616803.35052
757.2,4.04,-0.48,0,-38.72,96420,1621616803.371
757.2,4.04,-0.48,0,-38.72,96440,1621616803.39157
757.2,4.04,-0.48,0,-38.72,96460,1621616803.41293
757.2,4.04,-0.48,0,-38.72,96480,1621616803.4333
757.2,4.04,-0.48,0,-38.73,96499,1621616803.45374
757.2,4.04,-0.48,0,-38.73,96520,1621616803.47453
757.2,4.04,-0.48,0,-38.73,96539,1621616803.50137
757.2,4.04,-0.48,0,-38.73,96560,1621616803.51163
757.2,4.04,-0.48,0,-38.73,96579,1621616803.53033
757.2,4.04,-0.48,0,-38.73,96600,1621616803.55155
757.2,4.04,-0.48,0,-38.75,96619,1621616803.57162
757.2,4.04,-0.48,0,-38.75,96640,1621616803.6046
757.2,4.04,-0.48,0,-38.75,96659,1621616803.61371
757.2,4.04,-0.48,0,-38.75,96679,1621616803.6334
757.2,4.04,-0.48,0,-38.75,96699,1621616803.65397
757.2,4.04,-0.48,0,-38.75,96719,1621616803.67459
757.2,4.04,-0.48,0,-38.75,96740,1621616803.69137
757.2,4.04,-0.48,0,-38.75,96759,1621616803.71186
757.2,4.04,-0.48,0,-38.75,96780,1621616803.73306
757.2,4.04,-0.48,0,-38.75,96799,1621616803.75225
757.2,4.04,-0.48,0,-38.75,96820,1621616803.7729
757.2,4.04,-0.48,0,-38.75,96839,1621616803.79321
757.2,4.04,-0.48,0,-38.75,96860,1621616803.81437
757.2,4.04,-0.48,0,-38.75,96879,1621616803.83392
757.2,4.04,-0.48,0,-38.75,96900,1621616803.85476
757.2,4.04,-0.48,0,-38.75,96919,1621616803.87031
757.2,4.04,-0.48,0,-38.75,96940,1621616803.89073
757.2,4.04,-0.48,0,-38.75,96959,1621616803.91194
757.2,4.04,-0.48,0,-38.75,96979,1621616803.93195
757.2,4.04,-0.48,0,-38.75,96999,1621616803.95283
757.2,4.04,-0.48,0,-38.75,97019,1621616803.97296
757.2,4.04,-0.48,0,-38.75,97039,1621616803.99541
757.2,4.04,-0.48,0,-38.75,97059,1621616804.01467
757.2,4.04,-0.48,0,-38.75,97080,1621616804.03548
757.2,4.04,-0.48,0,-38.75,97099,1621616804.05103
757.2,4.04,-0.48,0,-38.75,97120,1621616804.07116
757.2,4.04,-0.48,0,-38.75,97139,1621616804.09356
757.2,4.04,-0.48,0,-38.75,97160,1621616804.11382
757.2,4.04,-0.48,0,-38.75,97179,1621616804.13363
757.2,4.04,-0.48,0,-38.75,97200,1621616804.15423
757.2,4.04,-0.48,0,-38.75,97219,1621616804.17451
757.2,4.04,-0.48,0,-38.75,97240,1621616804.19561
757.2,4.04,-0.48,0,-38.75,97259,1621616804.21547
757.2,4.04,-0.48,0,-38.75,97280,1621616804.23204
757.2,4.04,-0.48,0,-38.75,97299,1621616804.25152
757.2,4.04,-0.48,0,-38.75,97319,1621616804.27199
757.2,4.04,-0.48,0,-38.75,97339,1621616804.29392
757.2,4.04,-0.48,0,-38.75,97359,1621616804.3129
757.2,4.04,-0.48,0,-38.75,97380,1621616804.3339
757.2,4.04,-0.48,0,-38.75,97399,1621616804.35947
757.2,4.04,-0.48,0,-38.75,97420,1621616804.37578
757.2,4.04,-0.48,0,-38.75,97439,1621616804.39475
757.2,4.04,-0.48,0,-38.75,97460,1621616804.41547
757.2,4.04,-0.48,0,-38.75,97479,1621616804.43147
757.2,4.04,-0.48,0,-38.75,97500,1621616804.45189
757.2,4.04,-0.48,0,-38.75,97519,1621616804.47202
757.2,4.04,-0.48,0,-38.75,97540,1621616804.4928
757.2,4.04,-0.48,0,-38.75,97559,1621616804.51362
757.2,4.04,-0.48,0,-38.75,97580,1621616804.53397
757.2,4.04,-0.48,0,-38.75,97599,1621616804.55461
757.2,4.04,-0.48,0,-38.75,97619,1621616804.57465
757.2,4.04,-0.48,0,-38.75,97639,1621616804.5961
757.2,4.04,-0.48,0,-38.75,97659,1621616804.61161
757.2,4.04,-0.48,0,-38.75,97679,1621616804.63269
757.2,4.04,-0.48,0,-38.75,97699,1621616804.65301
757.2,4.04,-0.48,0,-38.75,97720,1621616804.67351
757.2,4.04,-0.48,0,-38.75,97739,1621616804.69418
757.2,4.04,-0.48,0,-38.75,97760,1621616804.71468
757.2,4.04,-0.48,0,-38.73,97779,1621616804.73543
757.2,4.04,-0.48,0,-38.73,97800,1621616804.75598
757.2,4.04,-0.48,0,-38.73,97819,1621616804.77695
757.2,4.04,-0.48,0,-38.73,97840,1621616804.79273
757.2,4.04,-0.48,0,-38.73,97859,1621616804.81167
757.2,4.04,-0.48,0,-38.73,97880,1621616804.83197
757.2,4.04,-0.48,0,-38.73,97899,1621616804.85377
757.2,4.04,-0.48,0,-38.73,97920,1621616804.87405
757.2,4.04,-0.48,0,-38.73,97939,1621616804.89518
757.2,4.04,-0.48,0,-38.73,97959,1621616804.91484
757.2,4.04,-0.48,0,-38.73,97979,1621616804.93591
757.2,4.04,-0.48,0,-38.72,98000,1621616804.9564
757.2,4.04,-0.48,0,-38.7,98020,1621616804.97229
757.2,4.04,-0.48,0,-38.68,98039,1621616804.9926
757.2,4.04,-0.48,0,-38.68,98060,1621616805.01442
757.2,4.04,-0.48,0,-38.67,98079,1621616805.03743
757.2,4.04,-0.48,0,-38.63,98100,1621616805.05739
757.2,4.04,-0.48,0,-38.62,98119,1621616805.07406
757.2,4.04,-0.48,0,-38.62,98140,1621616805.09512
757.2,4.04,-0.48,0,-38.6,98159,1621616805.11603
757.2,4.04,-0.48,0,-38.6,98180,1621616805.13542
757.2,4.04,-0.48,0,-38.58,98200,1621616805.16131
757.2,4.04,-0.48,0,-38.57,98220,1621616805.17448
757.2,4.04,-0.48,0,-38.57,98239,1621616805.19398
757.2,4.04,-0.48,0,-38.57,98259,1621616805.21554
757.2,4.04,-0.48,0,-38.57,98279,1621616805.23504
757.2,4.04,-0.48,0,-38.55,98299,1621616805.25527
757.2,4.04,-0.48,0,-38.53,98320,1621616805.27526
757.2,4.04,-0.48,0,-38.52,98340,1621616805.29571
757.2,4.04,-0.48,0,-38.52,98360,1621616805.31673
757.2,4.04,-0.48,0,-38.48,98379,1621616805.33257
757.2,4.04,-0.48,0,-38.45,98400,1621616805.35395
757.2,4.04,-0.48,0,-38.43,98419,1621616805.37434
757.2,4.04,-0.48,0,-38.43,98440,1621616805.39497
757.2,4.04,-0.48,0,-38.42,98459,1621616805.41462
757.2,4.04,-0.48,0,-38.4,98480,1621616805.43886
757.2,4.04,-0.48,0,-38.38,98500,1621616805.45867
757.2,4.04,-0.48,0,-38.38,98520,1621616805.47614
757.2,4.04,-0.48,0,-38.38,98540,1621616805.49652
757.2,4.04,-0.48,0,-38.38,98560,1621616805.5166
757.2,4.04,-0.48,0,-38.38,98580,1621616805.53686
757.2,4.04,-0.48,0,-38.38,98600,1621616805.55371
757.2,4.04,-0.48,0,-38.38,98620,1621616805.57449
757.2,4.04,-0.48,0,-38.38,98640,1621616805.60322
757.2,4.04,-0.48,0,-38.38,98660,1621616805.61808
757.2,4.04,-0.48,0,-38.38,98680,1621616805.63562
757.2,4.04,-0.48,0,-38.38,98700,1621616805.65576
757.2,4.04,-0.48,0,-38.37,98719,1621616805.67627
757.2,4.04,-0.48,0,-38.37,98740,1621616805.69362
757.2,4.04,-0.48,0,-38.37,98759,1621616805.71381
757.2,4.04,-0.48,0,-38.35,98780,1621616805.73452
757.2,4.04,-0.48,0,-38.35,98799,1621616805.76387
757.2,4.04,-0.48,0,-38.33,98820,1621616805.77637
757.2,4.04,-0.48,0,-38.33,98839,1621616805.79724
757.2,4.04,-0.48,0,-38.32,98860,1621616805.81617
757.2,4.04,-0.48,0,-38.3,98880,1621616805.83672
757.2,4.04,-0.48,0,-38.28,98899,1621616805.85723
757.2,4.04,-0.48,0,-38.28,98919,1621616805.87301
757.2,4.04,-0.48,0,-38.28,98939,1621616805.89435
757.2,4.04,-0.48,0,-38.27,98960,1621616805.91478
757.2,4.04,-0.48,0,-38.27,98979,1621616805.9356
757.2,4.04,-0.48,0,-38.25,99000,1621616805.95595
757.2,4.04,-0.48,0,-38.23,99020,1621616805.97756
757.2,4.04,-0.48,0,-38.23,99040,1621616805.99846
757.2,4.04,-0.48,0,-38.2,99059,1621616806.01665
757.2,4.04,-0.48,0,-38.18,99080,1621616806.03714
757.2,4.04,-0.48,0,-38.15,99099,1621616806.05289
757.2,4.04,-0.48,0,-38.13,99120,1621616806.07426
757.2,4.04,-0.48,0,-38.12,99140,1621616806.09388
757.2,4.04,-0.48,0,-38.1,99160,1621616806.11512
757.2,4.04,-0.48,0,-38.08,99179,1621616806.1354
757.2,4.04,-0.48,0,-38.05,99200,1621616806.15778
757.2,4.04,-0.48,0,-38.03,99219,1621616806.17802
757.2,4.04,-0.48,0,-38.02,99239,1621616806.19884
757.2,4.04,-0.48,0,-38,99259,1621616806.21653
757.2,4.04,-0.48,0,-37.98,99280,1621616806.24286
757.2,4.04,-0.48,0,-37.97,99300,1621616806.25712
757.2,4.04,-0.48,0,-37.93,99319,1621616806.27508
757.2,4.04,-0.48,0,-37.92,99340,1621616806.2957
757.2,4.04,-0.48,0,-37.88,99359,1621616806.31589
757.2,4.04,-0.48,0,-37.85,99380,1621616806.33663
757.2,4.04,-0.48,0,-37.82,99399,1621616806.36172
757.2,4.04,-0.48,0,-37.78,99420,1621616806.38008
757.2,4.04,-0.48,0,-37.73,99439,1621616806.40172
757.2,4.04,-0.48,0,-37.67,99460,1621616806.41814
757.2,4.04,-0.48,0,-37.58,99480,1621616806.43455
757.2,4.04,-0.48,0,-37.48,99500,1621616806.45453
757.2,4.04,-0.48,0,-37.38,99519,1621616806.47705
757.2,4.04,-0.48,0,-37.27,99539,1621616806.49642
757.2,4.04,-0.48,0,-37.12,99560,1621616806.51804
757.2,4.04,-0.48,0,-36.93,99579,1621616806.53816
757.2,4.04,-0.48,0,-36.73,99600,1621616806.55862
757.2,4.04,-0.48,0,-36.57,99619,1621616806.57793
757.2,4.04,-0.48,0,-36.4,99640,1621616806.59928
757.2,4.04,-0.48,0,-36.27,99659,1621616806.61546
757.2,4.04,-0.48,0,-36.17,99680,1621616806.63575
757.2,4.04,-0.48,0,-36.08,99699,1621616806.65576
757.2,4.04,-0.48,0,-36.03,99720,1621616806.68543
757.2,4.04,-0.48,0,-36,99739,1621616806.69888
757.2,4.04,-0.48,0,-35.98,99760,1621616806.71723
757.2,4.04,-0.48,0,-35.97,99779,1621616806.73742
757.2,4.04,-0.48,0,-35.95,99800,1621616806.75848
757.2,4.04,-0.48,0,-35.93,99819,1621616806.7788
757.2,4.04,-0.48,0,-35.93,99840,1621616806.79493
757.2,4.04,-0.48,0,-35.93,99859,1621616806.8162
757.2,4.04,-0.48,0,-35.93,99879,1621616806.83615
757.2,4.04,-0.48,0,-35.93,99899,1621616806.85675
757.2,4.04,-0.48,0,-35.93,99919,1621616806.87692
757.2,4.04,-0.48,0,-35.93,99940,1621616806.89828
757.2,4.04,-0.48,0,-35.92,99960,1621616806.91794
757.2,4.04,-0.48,0,-35.92,99980,1621616806.93799
757.2,4.04,-0.48,0,-35.92,100000,1621616806.95945
757.2,4.04,-0.48,0,-35.92,100020,1621616806.97965
757.2,4.04,-0.48,0,-35.92,100040,1621616807.00006
757.2,4.04,-0.48,0,-35.92,100060,1621616807.01613
757.2,4.04,-0.48,0,-35.92,100080,1621616807.04197
757.2,4.04,-0.48,0,-35.92,100100,1621616807.06538
757.2,4.04,-0.48,0,-35.92,100120,1621616807.07761
757.2,4.04,-0.48,0,-35.92,100140,1621616807.09753
757.2,4.04,-0.48,0,-35.92,100160,1621616807.11766
757.2,4.04,-0.48,0,-35.92,100180,1621616807.13915
757.2,4.04,-0.48,0,-35.92,100200,1621616807.15965
757.2,4.04,-0.48,0,-35.92,100220,1621616807.18007
757.2,4.04,-0.48,0,-35.92,100240,1621616807.19677
757.2,4.04,-0.48,0,-35.92,100260,1621616807.21652
757.2,4.04,-0.48,0,-35.92,100280,1621616807.23724
757.2,4.04,-0.48,0,-35.92,100300,1621616807.25737
757.2,4.04,-0.48,0,-35.92,100320,1621616807.27789
757.2,4.04,-0.48,0,-35.92,100340,1621616807.29815
757.2,4.04,-0.48,0,-35.92,100360,1621616807.32519
757.2,4.04,-0.48,0,-35.92,100380,1621616807.33991
757.2,4.04,-0.48,0,-35.92,100400,1621616807.36056
757.2,4.04,-0.48,0,-35.92,100420,1621616807.37627
757.2,4.04,-0.48,0,-35.92,100440,1621616807.39781
757.2,4.04,-0.48,0,-35.92,100460,1621616807.42023
757.2,4.04,-0.48,0,-35.92,100480,1621616807.43907
757.2,4.04,-0.48,0,-35.92,100500,1621616807.45909
757.2,4.04,-0.48,0,-35.9,100519,1621616807.47846
757.2,4.04,-0.48,0,-35.9,100539,1621616807.4997
757.2,4.04,-0.48,0,-35.9,100559,1621616807.51562
757.2,4.04,-0.48,0,-35.9,100579,1621616807.53678
757.2,4.04,-0.48,0,-35.9,100599,1621616807.5569
757.2,4.04,-0.48,0,-35.9,100620,1621616807.57718
757.2,4.04,-0.48,0,-35.9,100639,1621616807.5984
757.2,4.04,-0.48,0,-35.9,100660,1621616807.61793
757.2,4.04,-0.48,0,-35.9,100679,1621616807.63837
757.2,4.04,-0.48,0,-35.9,100700,1621616807.65965
757.2,4.04,-0.48,0,-35.9,100719,1621616807.68023
757.2,4.04,-0.48,0,-35.9,100740,1621616807.70077
757.2,4.04,-0.48,0,-35.9,100759,1621616807.71706
757.2,4.04,-0.48,0,-35.9,100780,1621616807.7392
757.2,4.04,-0.48,0,-35.9,100799,1621616807.75926
757.2,4.04,-0.48,0,-35.9,100819,1621616807.77831
757.2,4.04,-0.48,0,-35.9,100839,1621616807.80064
757.2,4.04,-0.48,0,-35.9,100859,1621616807.81842
757.2,4.04,-0.48,0,-35.9,100880,1621616807.84288
757.2,4.04,-0.48,0,-35.9,100899,1621616807.85954
757.2,4.04,-0.48,0,-35.9,100920,1621616807.88
757.2,4.04,-0.48,0,-35.9,100939,1621616807.89702
757.2,4.04,-0.48,0,-35.9,100960,1621616807.9171
757.2,4.04,-0.48,0,-35.9,100979,1621616807.93815
757.2,4.04,-0.48,0,-35.9,101000,1621616807.96625
757.2,4.04,-0.48,0,-35.9,101019,1621616807.97987
757.2,4.04,-0.48,0,-35.9,101040,1621616807.99889
757.2,4.04,-0.48,0,-35.9,101059,1621616808.0204
757.2,4.04,-0.48,0,-35.9,101080,1621616808.04046
757.2,4.04,-0.48,0,-35.9,101099,1621616808.06072
757.2,4.04,-0.48,0,-35.9,101120,1621616808.07677
757.2,4.04,-0.48,0,-35.9,101139,1621616808.09703
757.2,4.04,-0.48,0,-35.9,101159,1621616808.11948
757.2,4.04,-0.48,0,-35.9,101179,1621616808.14639
757.2,4.04,-0.48,0,-35.9,101199,1621616808.15961
757.2,4.04,-0.48,0,-35.9,101220,1621616808.17954
757.2,4.04,-0.48,0,-35.9,101239,1621616808.19986
757.2,4.04,-0.48,0,-35.9,101260,1621616808.22028
757.2,4.04,-0.48,0,-35.9,101279,1621616808.24064
757.2,4.04,-0.48,0,-35.9,101300,1621616808.26642
757.2,4.04,-0.48,0,-35.9,101319,1621616808.27922
757.2,4.04,-0.48,0,-35.9,101340,1621616808.29855
757.2,4.04,-0.48,0,-35.9,101359,1621616808.31858
757.2,4.04,-0.48,0,-35.9,101380,1621616808.33906
757.2,4.04,-0.48,0,-35.9,101399,1621616808.35931
757.2,4.04,-0.48,0,-35.9,101420,1621616808.38433
757.2,4.04,-0.48,0,-35.9,101439,1621616808.40199
757.2,4.04,-0.48,0,-35.9,101459,1621616808.42059
757.2,4.04,-0.48,0,-35.9,101479,1621616808.43726
757.2,4.04,-0.48,0,-35.9,101499,1621616808.45707
757.2,4.04,-0.48,0,-35.9,101519,1621616808.47914
757.2,4.04,-0.48,0,-35.9,101539,1621616808.50043
757.2,4.04,-0.48,0,-35.9,101560,1621616808.52172
757.2,4.04,-0.48,0,-35.9,101579,1621616808.54187
757.2,4.04,-0.48,0,-35.9,101600,1621616808.56084
757.2,4.04,-0.48,0,-35.9,101619,1621616808.58058
757.2,4.04,-0.48,0,-35.9,101640,1621616808.60096
757.2,4.04,-0.48,0,-35.9,101659,1621616808.6179
757.2,4.04,-0.48,0,-35.9,101680,1621616808.63813
757.2,4.04,-0.48,0,-35.9,101699,1621616808.65889
757.2,4.04,-0.48,0,-35.9,101720,1621616808.67926
757.2,4.04,-0.48,0,-35.9,101740,1621616808.69942
757.2,4.04,-0.48,0,-35.9,101760,1621616808.72772
757.2,4.04,-0.48,0,-35.9,101779,1621616808.7446
757.2,4.04,-0.48,0,-35.9,101799,1621616808.76164
757.2,4.04,-0.48,0,-35.9,101819,1621616808.78173
757.2,4.04,-0.48,0,-35.9,101839,1621616808.79776
757.2,4.04,-0.48,0,-35.9,101860,1621616808.81815
757.2,4.04,-0.48,0,-35.9,101879,1621616808.83932
757.2,4.04,-0.48,0,-35.9,101900,1621616808.85957
757.2,4.04,-0.48,0,-35.88,101919,1621616808.87984
757.2,4.04,-0.48,0,-35.88,101939,1621616808.90038
757.2,4.04,-0.48,0,-35.88,101959,1621616808.92039
757.2,4.04,-0.48,0,-35.88,101980,1621616808.9411
757.2,4.04,-0.48,0,-35.88,101999,1621616808.96158
757.2,4.04,-0.48,0,-35.88,102020,1621616808.97815
757.2,4.04,-0.48,0,-35.88,102039,1621616808.9985
757.2,4.04,-0.48,0,-35.88,102060,1621616809.01865
757.2,4.04,-0.48,0,-35.88,102079,1621616809.04888
757.2,4.04,-0.48,0,-35.88,102099,1621616809.06294
757.2,4.04,-0.48,0,-35.88,102119,1621616809.08038
757.2,4.04,-0.48,0,-35.88,102139,1621616809.10032
757.2,4.04,-0.48,0,-35.88,102159,1621616809.12042
757.2,4.04,-0.48,0,-35.88,102179,1621616809.14166
757.2,4.04,-0.48,0,-35.88,102199,1621616809.15853
757.2,4.04,-0.48,0,-35.88,102219,1621616809.17813
757.2,4.04,-0.48,0,-35.88,102240,1621616809.19882
757.2,4.04,-0.48,0,-35.88,102259,1621616809.21974
757.2,4.04,-0.48,0,-35.88,102279,1621616809.24226
757.2,4.04,-0.48,0,-35.88,102299,1621616809.26477
757.2,4.04,-0.48,0,-35.88,102320,1621616809.28072
757.2,4.04,-0.48,0,-35.88,102339,1621616809.30175
757.2,4.04,-0.48,0,-35.88,102360,1621616809.32206
757.2,4.04,-0.48,0,-35.88,102379,1621616809.33907
757.2,4.04,-0.48,0,-35.88,102400,1621616809.35946
757.2,4.04,-0.48,0,-35.88,102419,1621616809.38101
757.2,4.04,-0.48,0,-35.88,102439,1621616809.40455
757.2,4.04,-0.48,0,-35.88,102459,1621616809.42094
757.2,4.04,-0.48,0,-35.88,102479,1621616809.44073
757.2,4.04,-0.48,0,-35.88,102499,1621616809.46078
757.2,4.04,-0.48,0,-35.88,102519,1621616809.48175
757.2,4.04,-0.48,0,-35.88,102539,1621616809.50149
757.2,4.04,-0.48,0,-35.88,102559,1621616809.52244
757.2,4.04,-0.48,0,-35.88,102580,1621616809.53901
757.2,4.04,-0.48,0,-35.88,102599,1621616809.55929
757.2,4.04,-0.48,0,-35.88,102620,1621616809.58037
757.2,4.04,-0.48,0,-35.88,102639,1621616809.60005
757.2,4.04,-0.48,0,-35.88,102660,1621616809.62104
757.2,4.04,-0.48,0,-35.88,102679,1621616809.65602
757.2,4.04,-0.48,0,-35.88,102700,1621616809.66468
757.2,4.04,-0.48,0,-35.88,102719,1621616809.6836
757.2,4.04,-0.48,0,-35.88,102739,1621616809.70428
757.2,4.04,-0.48,0,-35.88,102759,1621616809.71889
757.2,4.04,-0.48,0,-35.88,102779,1621616809.74006
757.2,4.04,-0.48,0,-35.88,102799,1621616809.76219
757.2,4.04,-0.48,0,-35.88,102819,1621616809.7807
757.2,4.04,-0.48,0,-35.88,102840,1621616809.80204
757.2,4.04,-0.48,0,-35.88,102859,1621616809.82117
757.2,4.04,-0.48,0,-35.88,102879,1621616809.85133
757.2,4.04,-0.48,0,-35.88,102899,1621616809.8631
757.2,4.04,-0.48,0,-35.88,102920,1621616809.8832
757.2,4.04,-0.48,0,-35.88,102939,1621616809.8995
757.2,4.04,-0.48,0,-35.88,102960,1621616809.9198
757.2,4.04,-0.48,0,-35.88,102979,1621616809.9409
757.2,4.04,-0.48,0,-35.88,103000,1621616809.96168
757.2,4.04,-0.48,0,-35.88,103019,1621616809.98162
757.2,4.04,-0.48,0,-35.88,103040,1621616810.00195
757.2,4.04,-0.48,0,-35.88,103059,1621616810.02232
757.2,4.04,-0.48,0,-35.88,103079,1621616810.04239
757.2,4.04,-0.48,0,-35.88,103099,1621616810.06402
757.2,4.04,-0.48,0,-35.88,103119,1621616810.07956
757.2,4.04,-0.48,0,-35.88,103139,1621616810.10088
757.2,4.04,-0.48,0,-35.88,103159,1621616810.12053
757.2,4.04,-0.48,0,-35.88,103179,1621616810.14226
757.2,4.04,-0.48,0,-35.88,103199,1621616810.1618
757.2,4.04,-0.48,0,-35.88,103220,1621616810.18224
757.2,4.04,-0.48,0,-35.88,103239,1621616810.20255
757.2,4.04,-0.48,0,-35.88,103259,1621616810.22272
757.2,4.04,-0.48,0,-35.88,103279,1621616810.2439
757.2,4.04,-0.48,0,-35.88,103300,1621616810.26021
757.2,4.04,-0.48,0,-35.88,103319,1621616810.28086
757.2,4.04,-0.48,0,-35.88,103340,1621616810.30153
