720.84,5.89,-0.73,0,28.67,113146,1621614222.74362
720.84,5.89,-0.73,0,28.67,113166,1621614222.74445
720.84,5.89,-0.73,0,28.67,113186,1621614222.74516
720.84,5.89,-0.73,0,28.67,113206,1621614222.74582
720.84,5.89,-0.73,0,28.67,113226,1621614222.74647
720.84,5.89,-0.73,0,28.67,113247,1621614222.76972
720.84,5.89,-0.73,0,28.67,113266,1621614222.83299
720.84,5.89,-0.73,0,28.67,113287,1621614222.83421
720.84,5.89,-0.73,0,28.67,113306,1621614222.83536
720.84,5.89,-0.73,0,28.67,113327,1621614222.85992
720.84,5.89,-0.73,0,28.67,113346,1621614222.86058
720.84,5.89,-0.73,0,28.67,113367,1621614222.88008
720.84,5.89,-0.73,0,28.67,113386,1621614222.90012
720.84,5.89,-0.73,0,28.67,113406,1621614222.92423
720.84,5.89,-0.73,0,28.67,113426,1621614222.94372
720.84,5.89,-0.73,0,28.67,113446,1621614222.96261
720.84,5.89,-0.73,0,28.67,113466,1621614222.98251
720.84,5.89,-0.73,0,28.67,113486,1621614223.00304
720.84,5.89,-0.73,0,28.67,113507,1621614223.02318
720.84,5.89,-0.73,0,28.67,113526,1621614223.04425
720.84,5.89,-0.73,0,28.67,113547,1621614223.0599
720.84,5.89,-0.73,0,28.67,113566,1621614223.08042
720.84,5.89,-0.73,0,28.67,113587,1621614223.10138
720.84,5.89,-0.73,0,28.67,113606,1621614223.12155
720.84,5.89,-0.73,0,28.67,113627,1621614223.14284
720.84,5.89,-0.73,0,28.67,113646,1621614223.16393
720.84,5.89,-0.73,0,28.67,113667,1621614223.18359
720.84,5.89,-0.73,0,28.67,113686,1621614223.20565
720.84,5.89,-0.73,0,28.67,113707,1621614223.22493
720.84,5.89,-0.73,0,28.67,113726,1621614223.24163
720.84,5.89,-0.73,0,28.67,113746,1621614223.26213
720.84,5.89,-0.73,0,28.67,113766,1621614223.28269
720.84,5.89,-0.73,0,28.67,113786,1621614223.30451
720.84,5.89,-0.73,0,28.67,113806,1621614223.32314
720.84,5.89,-0.73,0,28.67,113826,1621614223.34402
720.84,5.89,-0.73,0,28.67,113847,1621614223.36409
720.84,5.89,-0.73,0,28.67,113866,1621614223.3847
720.84,5.89,-0.73,0,28.67,113887,1621614223.40468
720.84,5.89,-0.73,0,28.67,113906,1621614223.42066
720.84,5.89,-0.73,0,28.67,113927,1621614223.4412
720.84,5.89,-0.73,0,28.67,113946,1621614223.4616
720.84,5.89,-0.73,0,28.67,113967,1621614223.48251
720.84,5.89,-0.73,0,28.67,113986,1621614223.50523
720.84,5.89,-0.73,0,28.67,114007,1621614223.52445
720.84,5.89,-0.73,0,28.67,114026,1621614223.54493
720.84,5.89,-0.73,0,28.67,114046,1621614223.56529
720.84,5.89,-0.73,0,28.67,114066,1621614223.58546
720.84,5.89,-0.73,0,28.67,114086,1621614223.60192
720.84,5.89,-0.73,0,28.67,114106,1621614223.62145
720.84,5.89,-0.73,0,28.67,114126,1621614223.6431
720.84,5.89,-0.73,0,28.67,114146,1621614223.66298
720.84,5.89,-0.73,0,28.67,114166,1621614223.68306
720.84,5.89,-0.73,0,28.67,114187,1621614223.70438
720.84,5.89,-0.73,0,28.67,114206,1621614223.72901
720.84,5.89,-0.73,0,28.67,114227,1621614223.74432
720.84,5.89,-0.73,0,28.67,114246,1621614223.76405
720.84,5.89,-0.73,0,28.67,114267,1621614223.78087
720.84,5.89,-0.73,0,28.67,114286,1621614223.80127
720.84,5.89,-0.73,0,28.67,114307,1621614223.83545
720.84,5.89,-0.73,0,28.67,114326,1621614223.84408
720.84,5.89,-0.73,0,28.67,114347,1621614223.86408
720.84,5.89,-0.73,0,28.67,114366,1621614223.88466
720.84,5.89,-0.73,0,28.67,114386,1621614223.90482
720.84,5.89,-0.73,0,28.67,114406,1621614223.92519
720.84,5.89,-0.73,0,28.67,114426,1621614223.94568
720.84,5.89,-0.73,0,28.67,114447,1621614223.96235
720.84,5.89,-0.73,0,28.67,114466,1621614223.99361
720.84,5.89,-0.73,0,28.67,114487,1621614224.00386
720.84,5.89,-0.73,0,28.67,114506,1621614224.02326
720.84,5.89,-0.73,0,28.67,114527,1621614224.04389
720.84,5.89,-0.73,0,28.67,114546,1621614224.06439
720.84,5.89,-0.73,0,28.67,114567,1621614224.08497
720.84,5.89,-0.73,0,28.67,114586,1621614224.10426
720.84,5.89,-0.73,0,28.67,114607,1621614224.13095
720.84,5.89,-0.73,0,28.67,114626,1621614224.14604
720.84,5.89,-0.73,0,28.67,114647,1621614224.16523
720.84,5.89,-0.73,0,28.67,114666,1621614224.184
720.84,5.89,-0.73,0,28.67,114686,1621614224.2042
720.84,5.89,-0.73,0,28.67,114706,1621614224.22737
720.84,5.89,-0.73,0,28.67,114726,1621614224.24672
720.84,5.89,-0.73,0,28.67,114746,1621614224.26447
720.84,5.89,-0.73,0,28.67,114766,1621614224.28501
720.84,5.89,-0.73,0,28.67,114786,1621614224.30532
720.84,5.89,-0.73,0,28.67,114806,1621614224.32173
720.84,5.89,-0.73,0,28.67,114827,1621614224.34186
720.84,5.89,-0.73,0,28.67,114846,1621614224.36311
720.84,5.89,-0.73,0,28.67,114867,1621614224.38406
720.84,5.89,-0.73,0,28.67,114886,1621614224.41302
720.84,5.89,-0.73,0,28.67,114907,1621614224.42591
720.84,5.89,-0.73,0,28.67,114926,1621614224.44511
720.84,5.89,-0.73,0,28.67,114947,1621614224.46533
720.84,5.89,-0.73,0,28.67,114966,1621614224.48577
720.84,5.89,-0.73,0,28.67,114987,1621614224.50171
720.84,5.89,-0.73,0,28.67,115006,1621614224.52289
720.84,5.89,-0.73,0,28.67,115026,1621614224.54374
720.84,5.89,-0.73,0,28.67,115046,1621614224.56444
720.84,5.89,-0.73,0,28.67,115066,1621614224.58497
720.84,5.89,-0.73,0,28.67,115087,1621614224.60555
720.84,5.89,-0.73,0,28.67,115106,1621614224.63237
720.84,5.89,-0.73,0,28.67,115127,1621614224.6457
720.84,5.89,-0.73,0,28.67,115146,1621614224.66569
720.84,5.89,-0.73,0,28.67,115167,1621614224.68237
720.84,5.89,-0.73,0,28.67,115186,1621614224.702
720.84,5.89,-0.73,0,28.67,115207,1621614224.7236
720.84,5.89,-0.73,0,28.67,115226,1621614224.74305
720.84,5.89,-0.73,0,28.67,115247,1621614224.76408
720.84,5.89,-0.73,0,28.67,115266,1621614224.78527
720.84,5.89,-0.73,0,28.67,115287,1621614224.80525
720.84,5.89,-0.73,0,28.67,115306,1621614224.82534
720.84,5.89,-0.73,0,28.67,115326,1621614224.8465
720.84,5.89,-0.73,0,28.67,115346,1621614224.86713
720.84,5.89,-0.73,0,28.67,115366,1621614224.88294
720.84,5.89,-0.73,0,28.67,115386,1621614224.91467
720.84,5.89,-0.73,0,28.67,115406,1621614224.92304
720.84,5.89,-0.73,0,28.67,115427,1621614224.94487
720.84,5.89,-0.73,0,28.67,115446,1621614224.96511
720.84,5.89,-0.73,0,28.67,115467,1621614224.98558
720.84,5.89,-0.73,0,28.67,115486,1621614225.00619
720.84,5.89,-0.73,0,28.67,115507,1621614225.03548
720.84,5.89,-0.73,0,28.67,115526,1621614225.04703
720.84,5.89,-0.73,0,28.67,115547,1621614225.06443
720.84,5.89,-0.73,0,28.67,115566,1621614225.08449
720.84,5.89,-0.73,0,28.65,115587,1621614225.10472
720.84,5.89,-0.73,0,28.67,115606,1621614225.12578
720.84,5.89,-0.73,0,28.65,115627,1621614225.14597
720.84,5.89,-0.73,0,28.65,115647,1621614225.16644
720.84,5.89,-0.73,0,28.65,115666,1621614225.19133
720.84,5.89,-0.73,0,28.65,115687,1621614225.20726
720.84,5.89,-0.73,0,28.65,115706,1621614225.22726
720.84,5.89,-0.73,0,28.65,115727,1621614225.25193
720.84,5.89,-0.73,0,28.65,115747,1621614225.26428
720.84,5.89,-0.73,0,28.65,115767,1621614225.28459
720.84,5.89,-0.73,0,28.65,115787,1621614225.30454
720.84,5.89,-0.73,0,28.67,115807,1621614225.32504
720.84,5.89,-0.73,0,28.67,115826,1621614225.34589
720.84,5.89,-0.73,0,28.67,115847,1621614225.36605
720.84,5.89,-0.73,0,28.67,115866,1621614225.38642
720.84,5.89,-0.73,0,28.67,115887,1621614225.40821
720.84,5.89,-0.73,0,28.68,115906,1621614225.42663
720.84,5.89,-0.73,0,28.7,115927,1621614225.44571
720.84,5.89,-0.73,0,28.82,115946,1621614225.46472
720.84,5.89,-0.73,0,28.93,115966,1621614225.48503
720.84,5.89,-0.73,0,29.02,115987,1621614225.50622
720.84,5.89,-0.73,0,29.08,116006,1621614225.52542
720.84,5.89,-0.73,0,29.17,116026,1621614225.54664
720.84,5.89,-0.73,0,29.3,116046,1621614225.56702
720.84,5.89,-0.73,0,29.43,116067,1621614225.58787
720.84,5.89,-0.73,0,29.53,116086,1621614225.60499
720.84,5.89,-0.73,0,29.6,116107,1621614225.62383
720.84,5.89,-0.73,0,29.7,116126,1621614225.64491
720.84,5.89,-0.73,0,29.9,116147,1621614225.66826
720.84,5.89,-0.73,0,30.17,116166,1621614225.68881
720.84,5.89,-0.73,0,30.5,116187,1621614225.7094
720.84,5.89,-0.73,0,30.83,116206,1621614225.72714
720.84,5.89,-0.73,0,31.13,116227,1621614225.7466
720.84,5.89,-0.73,0,31.38,116246,1621614225.76808
720.84,5.89,-0.73,0,31.65,116267,1621614225.78352
720.84,5.89,-0.73,0,31.95,116286,1621614225.80473
720.84,5.89,-0.73,0,32.3,116306,1621614225.82548
720.84,5.89,-0.73,0,32.72,116327,1621614225.84652
720.84,5.89,-0.73,0,33.18,116346,1621614225.86595
720.84,5.89,-0.73,0,33.68,116366,1621614225.88683
720.84,5.89,-0.73,0,34.22,116386,1621614225.9159
720.84,5.89,-0.73,0,34.77,116407,1621614225.92794
720.84,5.89,-0.73,0,35.33,116426,1621614225.94712
720.84,5.89,-0.73,0,35.93,116447,1621614225.9644
720.84,5.89,-0.73,0,36.53,116466,1621614225.98465
720.84,5.89,-0.73,0,37.07,116487,1621614226.00526
720.84,5.89,-0.73,0,37.48,116506,1621614226.02611
720.84,5.89,-0.73,0,37.8,116527,1621614226.04728
720.84,5.89,-0.73,0,38,116546,1621614226.06716
720.84,5.89,-0.73,0,38.15,116567,1621614226.08733
720.84,5.89,-0.73,0,38.23,116586,1621614226.10819
720.84,5.89,-0.73,0,38.25,116606,1621614226.128
720.84,5.89,-0.73,0,38.25,116627,1621614226.14886
720.84,5.89,-0.73,0,38.25,116646,1621614226.16559
720.84,5.89,-0.73,0,38.25,116667,1621614226.18573
720.84,5.89,-0.73,0,38.25,116686,1621614226.20868
720.84,5.89,-0.73,0,38.25,116707,1621614226.23246
720.84,5.89,-0.73,0,38.25,116727,1621614226.24642
720.84,5.89,-0.73,0,38.25,116747,1621614226.26696
720.84,5.89,-0.73,0,38.25,116767,1621614226.28757
720.84,5.89,-0.73,0,38.25,116787,1621614226.30784
720.84,5.89,-0.73,0,38.25,116807,1621614226.33413
720.84,5.89,-0.73,0,38.25,116827,1621614226.35195
720.84,5.89,-0.73,0,38.25,116847,1621614226.36621
720.84,5.89,-0.73,0,38.25,116867,1621614226.38659
720.84,5.89,-0.73,0,38.25,116887,1621614226.40729
720.84,5.89,-0.73,0,38.25,116907,1621614226.4277
720.84,5.89,-0.73,0,38.25,116927,1621614226.44781
720.84,5.89,-0.73,0,38.25,116946,1621614226.468
720.84,5.89,-0.73,0,38.25,116967,1621614226.49005
720.84,5.89,-0.73,0,38.25,116986,1621614226.51031
720.84,5.89,-0.73,0,38.25,117007,1621614226.53062
720.84,5.89,-0.73,0,38.25,117027,1621614226.54655
720.84,5.89,-0.73,0,38.25,117047,1621614226.56767
720.84,5.89,-0.73,0,38.25,117067,1621614226.58802
720.84,5.89,-0.73,0,38.25,117087,1621614226.60892
720.84,5.89,-0.73,0,38.25,117107,1621614226.62944
720.84,5.89,-0.73,0,38.25,117127,1621614226.64899
720.84,5.89,-0.73,0,38.25,117147,1621614226.66922
720.84,5.89,-0.73,0,38.25,117167,1621614226.68952
720.84,5.89,-0.73,0,38.25,117187,1621614226.71059
720.84,5.89,-0.73,0,38.25,117207,1621614226.72622
720.84,5.89,-0.73,0,38.25,117227,1621614226.747
720.84,5.89,-0.73,0,38.25,117246,1621614226.77635
720.84,5.89,-0.73,0,38.25,117267,1621614226.79025
720.84,5.89,-0.73,0,38.25,117286,1621614226.80797
720.84,5.89,-0.73,0,38.25,117307,1621614226.82832
720.84,5.89,-0.73,0,38.25,117326,1621614226.84853
720.84,5.89,-0.73,0,38.25,117347,1621614226.87488
720.84,5.89,-0.73,0,38.25,117367,1621614226.89432
720.84,5.89,-0.73,0,38.25,117387,1621614226.90691
720.84,5.89,-0.73,0,38.25,117407,1621614226.927
720.84,5.89,-0.73,0,38.25,117427,1621614226.94799
720.84,5.89,-0.73,0,38.25,117447,1621614226.9696
720.84,5.89,-0.73,0,38.25,117467,1621614226.99594
720.84,5.89,-0.73,0,38.25,117487,1621614227.00887
720.84,5.89,-0.73,0,38.25,117507,1621614227.02898
720.84,5.89,-0.73,0,38.25,117527,1621614227.04992
720.84,5.89,-0.73,0,38.25,117547,1621614227.06987
720.84,5.89,-0.73,0,38.25,117567,1621614227.08652
720.84,5.89,-0.73,0,38.25,117586,1621614227.10667
720.84,5.89,-0.73,0,38.25,117607,1621614227.12689
720.84,5.89,-0.73,0,38.25,117626,1621614227.14958
720.84,5.89,-0.73,0,38.22,117646,1621614227.1686
720.84,5.89,-0.73,0,38.17,117666,1621614227.18917
720.84,5.89,-0.73,0,38.08,117687,1621614227.21845
720.84,5.89,-0.73,0,38,117706,1621614227.23247
720.84,5.89,-0.73,0,37.92,117727,1621614227.24587
720.84,5.89,-0.73,0,37.82,117746,1621614227.2661
720.84,5.89,-0.73,0,37.68,117767,1621614227.28653
720.84,5.89,-0.73,0,37.43,117786,1621614227.30802
720.84,5.89,-0.73,0,37.03,117807,1621614227.32855
720.84,5.89,-0.73,0,36.55,117826,1621614227.34904
720.84,5.89,-0.73,0,36.03,117847,1621614227.36902
720.84,5.89,-0.73,0,35.5,117866,1621614227.39004
720.84,5.89,-0.73,0,34.98,117886,1621614227.41007
720.84,5.89,-0.73,0,34.52,117907,1621614227.42692
720.84,5.89,-0.73,0,34.12,117926,1621614227.44795
720.84,5.89,-0.73,0,33.77,117947,1621614227.46825
720.84,5.89,-0.73,0,33.48,117966,1621614227.48975
720.84,5.89,-0.73,0,33.2,117987,1621614227.50983
720.84,5.89,-0.73,0,32.9,118006,1621614227.52979
720.84,5.89,-0.73,0,32.55,118027,1621614227.55263
720.84,5.89,-0.73,0,32.2,118046,1621614227.57117
720.84,5.89,-0.73,0,31.87,118067,1621614227.59033
720.84,5.89,-0.73,0,31.6,118086,1621614227.60633
720.84,5.89,-0.73,0,31.33,118107,1621614227.62757
720.84,5.89,-0.73,0,31.07,118126,1621614227.64777
720.84,5.89,-0.73,0,30.82,118147,1621614227.66783
720.84,5.89,-0.73,0,30.6,118166,1621614227.68932
720.84,5.89,-0.73,0,30.47,118187,1621614227.70941
720.84,5.89,-0.73,0,30.35,118207,1621614227.73915
720.84,5.89,-0.73,0,30.27,118226,1621614227.75149
720.84,5.89,-0.73,0,30.17,118247,1621614227.77037
720.84,5.89,-0.73,0,30.05,118266,1621614227.78711
720.84,5.89,-0.73,0,29.95,118287,1621614227.80718
720.84,5.89,-0.73,0,29.87,118306,1621614227.82749
720.84,5.89,-0.73,0,29.78,118327,1621614227.84889
720.84,5.89,-0.73,0,29.67,118346,1621614227.86889
720.84,5.89,-0.73,0,29.5,118367,1621614227.88931
720.84,5.89,-0.73,0,29.28,118386,1621614227.90973
720.84,5.89,-0.73,0,29.03,118407,1621614227.93084
720.84,5.89,-0.73,0,28.72,118426,1621614227.95101
720.84,5.89,-0.73,0,28.37,118447,1621614227.97153
720.84,5.89,-0.73,0,27.97,118466,1621614227.99247
720.84,5.89,-0.73,0,27.55,118487,1621614228.01701
720.84,5.89,-0.73,0,27.13,118506,1621614228.0291
720.84,5.89,-0.73,0,26.7,118526,1621614228.04932
720.84,5.89,-0.73,0,26.3,118547,1621614228.07036
720.84,5.89,-0.73,0,25.83,118566,1621614228.09122
720.84,5.89,-0.73,0,25.32,118587,1621614228.11062
720.84,5.89,-0.73,0,24.77,118606,1621614228.13168
720.84,5.89,-0.73,0,24.25,118627,1621614228.15168
720.84,5.89,-0.73,0,23.75,118646,1621614228.16838
720.84,5.89,-0.73,0,23.3,118667,1621614228.18855
720.84,5.89,-0.73,0,22.95,118686,1621614228.20867
720.84,5.89,-0.73,0,22.67,118707,1621614228.22984
720.84,5.89,-0.73,0,22.45,118726,1621614228.24987
720.84,5.89,-0.73,0,22.25,118747,1621614228.27011
720.84,5.89,-0.73,0,22.07,118766,1621614228.29127
720.84,5.89,-0.73,0,21.88,118787,1621614228.31222
720.84,5.89,-0.73,0,21.72,118807,1621614228.33193
720.84,5.89,-0.73,0,21.57,118827,1621614228.35027
720.84,5.89,-0.73,0,21.38,118847,1621614228.37173
720.84,5.89,-0.73,0,21.18,118866,1621614228.39376
720.84,5.89,-0.73,0,20.95,118887,1621614228.41211
720.84,5.89,-0.73,0,20.72,118906,1621614228.43272
720.84,5.89,-0.73,0,20.47,118927,1621614228.45086
720.84,5.89,-0.73,0,20.22,118946,1621614228.47035
720.84,5.89,-0.73,0,19.95,118967,1621614228.4967
720.84,5.89,-0.73,0,19.68,118986,1621614228.51883
720.84,5.89,-0.73,0,19.43,119007,1621614228.52903
720.84,5.89,-0.73,0,19.2,119026,1621614228.54901
720.84,5.89,-0.73,0,18.98,119047,1621614228.56952
720.84,5.89,-0.73,0,18.8,119066,1621614228.59039
720.84,5.89,-0.73,0,18.58,119087,1621614228.61044
720.84,5.89,-0.73,0,18.38,119106,1621614228.63716
720.84,5.89,-0.73,0,18.15,119127,1621614228.6517
720.84,5.89,-0.73,0,17.9,119146,1621614228.67433
720.84,5.89,-0.73,0,17.6,119166,1621614228.69226
720.84,5.89,-0.73,0,17.25,119187,1621614228.70851
720.84,5.89,-0.73,0,16.88,119206,1621614228.72919
720.84,5.89,-0.73,0,16.48,119227,1621614228.75069
720.84,5.89,-0.73,0,16.08,119246,1621614228.77054
720.84,5.89,-0.73,0,15.68,119267,1621614228.79183
720.84,5.89,-0.73,0,15.28,119286,1621614228.81206
720.84,5.89,-0.73,0,14.88,119307,1621614228.83314
720.84,5.89,-0.73,0,14.5,119326,1621614228.85253
720.84,5.89,-0.73,0,14.13,119347,1621614228.87289
720.84,5.89,-0.73,0,13.77,119366,1621614228.88986
720.84,5.89,-0.73,0,13.43,119387,1621614228.90988
720.84,5.89,-0.73,0,13.13,119406,1621614228.93032
720.84,5.89,-0.73,0,12.77,119427,1621614228.95035
720.84,5.89,-0.73,0,12.38,119446,1621614228.97084
720.84,5.89,-0.73,0,11.98,119467,1621614228.992
720.84,5.89,-0.73,0,11.57,119487,1621614229.01229
720.84,5.89,-0.73,0,11.15,119506,1621614229.03322
720.84,5.89,-0.73,0,10.72,119527,1621614229.05255
720.84,5.89,-0.73,0,10.32,119546,1621614229.06919
720.84,5.89,-0.73,0,9.98,119567,1621614229.09061
720.84,5.89,-0.73,0,9.67,119586,1621614229.111
720.84,5.89,-0.73,0,9.38,119607,1621614229.1305
720.84,5.89,-0.73,0,9.1,119626,1621614229.1557
720.84,5.89,-0.73,0,8.83,119646,1621614229.17139
720.84,5.89,-0.73,0,8.6,119666,1621614229.1915
720.84,5.89,-0.73,0,8.35,119687,1621614229.21225
720.84,5.89,-0.73,0,8.1,119706,1621614229.2292
720.84,5.89,-0.73,0,7.87,119727,1621614229.25853
720.84,5.89,-0.73,0,7.62,119746,1621614229.27904
720.84,5.89,-0.73,0,7.32,119767,1621614229.29095
720.84,5.89,-0.73,0,6.97,119786,1621614229.31126
720.84,5.89,-0.73,0,6.57,119806,1621614229.33134
720.84,5.89,-0.73,0,6.13,119826,1621614229.35111
720.84,5.89,-0.73,0,5.68,119846,1621614229.37256
720.84,5.89,-0.73,0,5.25,119866,1621614229.39202
720.84,5.89,-0.73,0,4.78,119886,1621614229.41331
720.84,5.89,-0.73,0,4.35,119907,1621614229.42925
720.84,5.89,-0.73,0,3.97,119926,1621614229.44974
720.84,5.89,-0.73,0,3.62,119946,1621614229.47027
720.84,5.89,-0.73,0,3.28,119966,1621614229.49089
720.84,5.89,-0.73,0,2.97,119987,1621614229.51185
720.84,5.89,-0.73,0,2.65,120006,1621614229.53262
720.84,5.89,-0.73,0,2.33,120027,1621614229.55248
720.84,5.89,-0.73,0,2,120046,1621614229.57396
720.84,5.89,-0.73,0,1.63,120067,1621614229.59441
720.84,5.89,-0.73,0,1.23,120086,1621614229.6098
720.84,5.89,-0.73,0,0.85,120107,1621614229.63111
720.84,5.89,-0.73,0,0.47,120126,1621614229.65138
720.84,5.89,-0.73,0,0.08,120146,1621614229.67168
720.84,5.89,-0.73,0,-0.3,120166,1621614229.70508
720.84,5.89,-0.73,0,-0.65,120186,1621614229.71818
720.84,5.89,-0.73,0,-0.98,120206,1621614229.73268
720.84,5.89,-0.73,0,-1.32,120226,1621614229.75262
720.84,5.89,-0.73,0,-1.62,120247,1621614229.77317
720.84,5.89,-0.73,0,-1.88,120266,1621614229.79022
720.84,5.89,-0.73,0,-2.12,120287,1621614229.81153
720.84,5.89,-0.73,0,-2.3,120306,1621614229.83412
720.84,5.89,-0.73,0,-2.47,120327,1621614229.85226
720.84,5.89,-0.73,0,-2.63,120346,1621614229.87272
720.84,5.89,-0.73,0,-2.78,120367,1621614229.89193
720.84,5.89,-0.73,0,-2.93,120386,1621614229.91292
720.84,5.89,-0.73,0,-3.05,120407,1621614229.93417
720.84,5.89,-0.73,0,-3.15,120426,1621614229.95412
720.84,5.89,-0.73,0,-3.27,120446,1621614229.97005
720.84,5.89,-0.73,0,-3.35,120466,1621614229.99157
720.84,5.89,-0.73,0,-3.43,120486,1621614230.01143
720.84,5.89,-0.73,0,-3.52,120507,1621614230.03132
720.84,5.89,-0.73,0,-3.58,120526,1621614230.05288
720.84,5.89,-0.73,0,-3.67,120546,1621614230.07316
720.84,5.89,-0.73,0,-3.77,120566,1621614230.09436
720.84,5.89,-0.73,0,-3.87,120587,1621614230.11443
720.84,5.89,-0.73,0,-3.95,120606,1621614230.13414
720.84,5.89,-0.73,0,-4.05,120627,1621614230.15052
720.84,5.89,-0.73,0,-4.15,120646,1621614230.17067
720.84,5.89,-0.73,0,-4.23,120667,1621614230.19324
720.84,5.89,-0.73,0,-4.28,120686,1621614230.21193
720.84,5.89,-0.73,0,-4.35,120707,1621614230.2321
720.84,5.89,-0.73,0,-4.43,120726,1621614230.25354
720.84,5.89,-0.73,0,-4.52,120747,1621614230.27385
720.84,5.89,-0.73,0,-4.62,120766,1621614230.2945
720.84,5.89,-0.73,0,-4.73,120786,1621614230.31852
720.84,5.89,-0.73,0,-4.85,120806,1621614230.33711
720.84,5.89,-0.73,0,-4.98,120826,1621614230.35191
720.84,5.89,-0.73,0,-5.12,120846,1621614230.37176
720.84,5.89,-0.73,0,-5.25,120866,1621614230.39225
720.84,5.89,-0.73,0,-5.42,120887,1621614230.41323
720.84,5.89,-0.73,0,-5.55,120906,1621614230.4342
720.84,5.89,-0.73,0,-5.73,120926,1621614230.45472
720.84,5.89,-0.73,0,-5.92,120946,1621614230.47542
720.84,5.89,-0.73,0,-6.12,120967,1621614230.49586
720.84,5.89,-0.73,0,-6.28,120986,1621614230.51615
720.84,5.89,-0.73,0,-6.43,121007,1621614230.5316
720.84,5.89,-0.73,0,-6.57,121026,1621614230.55314
720.84,5.89,-0.73,0,-6.68,121047,1621614230.57336
720.84,5.89,-0.73,0,-6.82,121066,1621614230.59397
720.84,5.89,-0.73,0,-6.95,121086,1621614230.61433
720.84,5.89,-0.73,0,-7.08,121106,1621614230.63509
720.84,5.89,-0.73,0,-7.22,121126,1621614230.65674
720.84,5.89,-0.73,0,-7.35,121146,1621614230.67623
720.84,5.89,-0.73,0,-7.47,121166,1621614230.69541
720.84,5.89,-0.73,0,-7.6,121186,1621614230.71168
720.84,5.89,-0.73,0,-7.72,121206,1621614230.73166
720.84,5.89,-0.73,0,-7.85,121226,1621614230.75206
720.84,5.89,-0.73,0,-7.95,121246,1621614230.77267
720.84,5.89,-0.73,0,-8.05,121267,1621614230.79576
720.84,5.89,-0.73,0,-8.13,121286,1621614230.81694
720.84,5.89,-0.73,0,-8.23,121307,1621614230.83826
720.84,5.89,-0.73,0,-8.33,121326,1621614230.85686
720.84,5.89,-0.73,0,-8.45,121347,1621614230.87594
720.84,5.89,-0.73,0,-8.57,121366,1621614230.89113
720.84,5.89,-0.73,0,-8.68,121387,1621614230.92301
720.84,5.89,-0.73,0,-8.8,121406,1621614230.93365
720.84,5.89,-0.73,0,-8.9,121426,1621614230.95352
720.84,5.89,-0.73,0,-9.02,121446,1621614230.97391
720.84,5.89,-0.73,0,-9.1,121466,1621614230.99395
720.84,5.89,-0.73,0,-9.2,121486,1621614231.01435
720.84,5.89,-0.73,0,-9.32,121506,1621614231.03444
720.84,5.89,-0.73,0,-9.42,121526,1621614231.05562
720.84,5.89,-0.73,0,-9.53,121546,1621614231.07258
720.84,5.89,-0.73,0,-9.65,121567,1621614231.09311
720.84,5.89,-0.73,0,-9.78,121586,1621614231.11269
720.84,5.89,-0.73,0,-9.9,121607,1621614231.13497
720.84,5.89,-0.73,0,-10.02,121626,1621614231.15433
720.84,5.89,-0.73,0,-10.13,121647,1621614231.17567
720.84,5.89,-0.73,0,-10.23,121666,1621614231.19589
720.84,5.89,-0.73,0,-10.33,121687,1621614231.21737
720.84,5.89,-0.73,0,-10.45,121706,1621614231.23599
720.84,5.89,-0.73,0,-10.58,121726,1621614231.2521
720.84,5.89,-0.73,0,-10.72,121747,1621614231.27254
720.84,5.89,-0.73,0,-10.88,121766,1621614231.29305
720.84,5.89,-0.73,0,-11.03,121787,1621614231.31459
720.84,5.89,-0.73,0,-11.2,121806,1621614231.33425
720.84,5.89,-0.73,0,-11.35,121827,1621614231.3544
720.84,5.89,-0.73,0,-11.52,121846,1621614231.37491
720.84,5.89,-0.73,0,-11.65,121867,1621614231.39553
720.84,5.89,-0.73,0,-11.77,121886,1621614231.41625
720.84,5.89,-0.73,0,-11.88,121907,1621614231.43256
720.84,5.89,-0.73,0,-11.98,121926,1621614231.45263
720.84,5.89,-0.73,0,-12.08,121947,1621614231.47588
720.84,5.89,-0.73,0,-12.18,121966,1621614231.49635
720.84,5.89,-0.73,0,-12.28,121987,1621614231.5173
720.84,5.89,-0.73,0,-12.38,122006,1621614231.53675
720.84,5.89,-0.73,0,-12.48,122027,1621614231.55546
720.84,5.89,-0.73,0,-12.58,122047,1621614231.57554
720.84,5.89,-0.73,0,-12.7,122066,1621614231.59606
720.84,5.89,-0.73,0,-12.82,122086,1621614231.61325
720.84,5.89,-0.73,0,-12.97,122106,1621614231.63367
720.84,5.89,-0.73,0,-13.12,122127,1621614231.65397
720.84,5.89,-0.73,0,-13.27,122146,1621614231.67551
720.84,5.89,-0.73,0,-13.42,122167,1621614231.6956
720.84,5.89,-0.73,0,-13.55,122186,1621614231.71605
720.84,5.89,-0.73,0,-13.67,122207,1621614231.73655
720.84,5.89,-0.73,0,-13.77,122226,1621614231.75697
720.84,5.89,-0.73,0,-13.87,122247,1621614231.77905
720.84,5.89,-0.73,0,-13.97,122266,1621614231.79773
720.84,5.89,-0.73,0,-14.07,122287,1621614231.81381
720.84,5.89,-0.73,0,-14.15,122306,1621614231.8336
720.84,5.89,-0.73,0,-14.23,122327,1621614231.85492
720.84,5.89,-0.73,0,-14.32,122347,1621614231.87514
720.84,5.89,-0.73,0,-14.38,122366,1621614231.89517
720.84,5.89,-0.73,0,-14.45,122386,1621614231.91564
720.84,5.89,-0.73,0,-14.52,122406,1621614231.94546
720.84,5.89,-0.73,0,-14.57,122427,1621614231.95731
720.84,5.89,-0.73,0,-14.63,122446,1621614231.97734
720.84,5.89,-0.73,0,-14.68,122467,1621614231.99295
720.84,5.89,-0.73,0,-14.73,122486,1621614232.01447
720.84,5.89,-0.73,0,-14.82,122507,1621614232.03487
720.84,5.89,-0.73,0,-14.88,122526,1621614232.05476
720.84,5.89,-0.73,0,-14.97,122547,1621614232.07525
720.84,5.89,-0.73,0,-15.03,122566,1621614232.09547
720.84,5.89,-0.73,0,-15.12,122587,1621614232.11751
720.84,5.89,-0.73,0,-15.2,122606,1621614232.13661
720.84,5.89,-0.73,0,-15.3,122627,1621614232.15791
720.84,5.89,-0.73,0,-15.4,122646,1621614232.17464
720.84,5.89,-0.73,0,-15.5,122667,1621614232.19486
720.84,5.89,-0.73,0,-15.6,122686,1621614232.21501
720.84,5.89,-0.73,0,-15.72,122706,1621614232.23539
720.84,5.89,-0.73,0,-15.8,122726,1621614232.25605
720.84,5.89,-0.73,0,-15.88,122746,1621614232.27607
720.84,5.89,-0.73,0,-15.95,122767,1621614232.29651
720.84,5.89,-0.73,0,-16.02,122786,1621614232.31838
720.84,5.89,-0.73,0,-16.08,122807,1621614232.3379
720.84,5.89,-0.73,0,-16.13,122826,1621614232.35396
720.84,5.89,-0.73,0,-16.18,122847,1621614232.37548
720.84,5.89,-0.73,0,-16.22,122866,1621614232.39549
720.84,5.89,-0.73,0,-16.25,122887,1621614232.41557
720.84,5.89,-0.73,0,-16.28,122907,1621614232.43715
720.84,5.89,-0.73,0,-16.32,122927,1621614232.45725
720.84,5.89,-0.73,0,-16.35,122946,1621614232.47758
720.84,5.89,-0.73,0,-16.37,122967,1621614232.49783
720.84,5.89,-0.73,0,-16.38,122986,1621614232.51488
720.84,5.89,-0.73,0,-16.4,123006,1621614232.53535
720.84,5.89,-0.73,0,-16.4,123026,1621614232.5554
720.84,5.89,-0.73,0,-16.42,123046,1621614232.57569
720.84,5.89,-0.73,0,-16.43,123067,1621614232.60853
720.84,5.89,-0.73,0,-16.45,123086,1621614232.61854
720.84,5.89,-0.73,0,-16.48,123107,1621614232.6359
720.84,5.89,-0.73,0,-16.52,123126,1621614232.6563
720.84,5.89,-0.73,0,-16.55,123147,1621614232.68152
720.84,5.89,-0.73,0,-16.62,123166,1621614232.69843
720.84,5.89,-0.73,0,-16.72,123187,1621614232.7139
720.84,5.89,-0.73,0,-16.82,123206,1621614232.73448
720.84,5.89,-0.73,0,-16.97,123227,1621614232.75554
720.84,5.89,-0.73,0,-17.12,123246,1621614232.77603
720.84,5.89,-0.73,0,-17.3,123267,1621614232.79716
720.84,5.89,-0.73,0,-17.45,123286,1621614232.81814
720.84,5.89,-0.73,0,-17.63,123307,1621614232.83771
720.84,5.89,-0.73,0,-17.8,123326,1621614232.85808
720.84,5.89,-0.73,0,-17.97,123346,1621614232.87812
720.84,5.89,-0.73,0,-18.13,123367,1621614232.89694
720.84,5.89,-0.73,0,-18.28,123386,1621614232.91575
720.84,5.89,-0.73,0,-18.38,123407,1621614232.93667
720.84,5.89,-0.73,0,-18.47,123426,1621614232.95672
720.84,5.89,-0.73,0,-18.52,123446,1621614232.97807
720.84,5.89,-0.73,0,-18.55,123466,1621614232.99957
720.84,5.89,-0.73,0,-18.58,123487,1621614233.01844
720.84,5.89,-0.73,0,-18.62,123506,1621614233.03761
720.84,5.89,-0.73,0,-18.67,123527,1621614233.05892
720.84,5.89,-0.73,0,-18.7,123546,1621614233.07947
720.84,5.89,-0.73,0,-18.77,123567,1621614233.09672
720.84,5.89,-0.73,0,-18.85,123587,1621614233.12558
720.84,5.89,-0.73,0,-18.93,123607,1621614233.13677
720.84,5.89,-0.73,0,-19.03,123627,1621614233.15699
720.84,5.89,-0.73,0,-19.12,123646,1621614233.17706
720.84,5.89,-0.73,0,-19.18,123667,1621614233.19739
720.84,5.89,-0.73,0,-19.27,123686,1621614233.21832
720.84,5.89,-0.73,0,-19.35,123706,1621614233.2387
720.84,5.89,-0.73,0,-19.42,123726,1621614233.25922
720.84,5.89,-0.73,0,-19.48,123747,1621614233.27597
720.84,5.89,-0.73,0,-19.55,123766,1621614233.29816
720.84,5.89,-0.73,0,-19.6,123786,1621614233.31795
720.84,5.89,-0.73,0,-19.65,123806,1621614233.3382
720.84,5.89,-0.73,0,-19.7,123827,1621614233.36358
720.84,5.89,-0.73,0,-19.75,123846,1621614233.38053
720.84,5.89,-0.73,0,-19.8,123867,1621614233.39791
720.84,5.89,-0.73,0,-19.87,123886,1621614233.41863
720.84,5.89,-0.73,0,-19.93,123907,1621614233.43543
720.84,5.89,-0.73,0,-20,123926,1621614233.45495
720.84,5.89,-0.73,0,-20.07,123947,1621614233.47642
720.84,5.89,-0.73,0,-20.12,123966,1621614233.49671
720.84,5.89,-0.73,0,-20.17,123986,1621614233.51814
720.84,5.89,-0.73,0,-20.2,124006,1621614233.53736
720.84,5.89,-0.73,0,-20.23,124026,1621614233.55783
720.84,5.89,-0.73,0,-20.27,124046,1621614233.57804
720.84,5.89,-0.73,0,-20.3,124066,1621614233.59934
720.84,5.89,-0.73,0,-20.33,124086,1621614233.61612
720.84,5.89,-0.73,0,-20.38,124106,1621614233.6361
720.84,5.89,-0.73,0,-20.45,124127,1621614233.65632
720.84,5.89,-0.73,0,-20.52,124146,1621614233.67854
720.84,5.89,-0.73,0,-20.6,124167,1621614233.70182
720.84,5.89,-0.73,0,-20.72,124186,1621614233.71765
720.84,5.89,-0.73,0,-20.83,124207,1621614233.73839
720.84,5.89,-0.73,0,-20.97,124226,1621614233.7587
720.84,5.89,-0.73,0,-21.13,124247,1621614233.77893
720.84,5.89,-0.73,0,-21.32,124266,1621614233.796
720.84,5.89,-0.73,0,-21.5,124286,1621614233.8165
720.84,5.89,-0.73,0,-21.65,124306,1621614233.83629
720.84,5.89,-0.73,0,-21.8,124326,1621614233.85784
720.84,5.89,-0.73,0,-21.92,124347,1621614233.87844
720.84,5.89,-0.73,0,-22.02,124366,1621614233.89884
720.84,5.89,-0.73,0,-22.1,124387,1621614233.92471
720.84,5.89,-0.73,0,-22.18,124406,1621614233.94
720.84,5.89,-0.73,0,-22.27,124427,1621614233.95938
720.84,5.89,-0.73,0,-22.37,124446,1621614233.98061
720.84,5.89,-0.73,0,-22.45,124467,1621614233.99629
720.84,5.89,-0.73,0,-22.53,124486,1621614234.0176
720.84,5.89,-0.73,0,-22.63,124507,1621614234.03783
720.84,5.89,-0.73,0,-22.72,124526,1621614234.05877
720.84,5.89,-0.73,0,-22.8,124547,1621614234.07889
720.84,5.89,-0.73,0,-22.9,124566,1621614234.1
720.84,5.89,-0.73,0,-23,124587,1621614234.11967
720.84,5.89,-0.73,0,-23.08,124606,1621614234.14485
720.84,5.89,-0.73,0,-23.17,124626,1621614234.16082
720.84,5.89,-0.73,0,-23.27,124647,1621614234.17633
720.84,5.89,-0.73,0,-23.37,124666,1621614234.19694
720.84,5.89,-0.73,0,-23.47,124686,1621614234.21837
720.84,5.89,-0.73,0,-23.58,124706,1621614234.23899
720.84,5.89,-0.73,0,-23.72,124727,1621614234.2594
720.84,5.89,-0.73,0,-23.85,124746,1621614234.27971
720.84,5.89,-0.73,0,-23.98,124767,1621614234.29983
720.84,5.89,-0.73,0,-24.13,124786,1621614234.32073
720.84,5.89,-0.73,0,-24.27,124807,1621614234.34105
720.84,5.89,-0.73,0,-24.42,124826,1621614234.35697
720.84,5.89,-0.73,0,-24.55,124847,1621614234.37836
720.84,5.89,-0.73,0,-24.67,124866,1621614234.39883
720.84,5.89,-0.73,0,-24.78,124887,1621614234.42227
720.84,5.89,-0.73,0,-24.88,124906,1621614234.44174
720.84,5.89,-0.73,0,-24.98,124926,1621614234.45912
720.84,5.89,-0.73,0,-25.05,124947,1621614234.47918
720.84,5.89,-0.73,0,-25.12,124966,1621614234.50023
720.84,5.89,-0.73,0,-25.18,124986,1621614234.51968
720.84,5.89,-0.73,0,-25.25,125006,1621614234.54646
720.84,5.89,-0.73,0,-25.32,125026,1621614234.56153
720.84,5.89,-0.73,0,-25.38,125046,1621614234.58413
720.84,5.89,-0.73,0,-25.43,125067,1621614234.59914
720.84,5.89,-0.73,0,-25.5,125086,1621614234.62174
720.84,5.89,-0.73,0,-25.58,125107,1621614234.63953
720.84,5.89,-0.73,0,-25.65,125126,1621614234.65983
720.84,5.89,-0.73,0,-25.73,125147,1621614234.68015
720.84,5.89,-0.73,0,-25.82,125166,1621614234.70057
720.84,5.89,-0.73,0,-25.9,125187,1621614234.71773
720.84,5.89,-0.73,0,-25.98,125207,1621614234.73776
720.84,5.89,-0.73,0,-26.07,125227,1621614234.75994
720.84,5.89,-0.73,0,-26.15,125246,1621614234.78464
720.84,5.89,-0.73,0,-26.25,125266,1621614234.79981
720.84,5.89,-0.73,0,-26.37,125286,1621614234.81955
720.84,5.89,-0.73,0,-26.5,125306,1621614234.83969
720.84,5.89,-0.73,0,-26.62,125327,1621614234.86085
720.84,5.89,-0.73,0,-26.77,125346,1621614234.88115
720.84,5.89,-0.73,0,-26.92,125367,1621614234.89757
720.84,5.89,-0.73,0,-27.05,125386,1621614234.91937
720.84,5.89,-0.73,0,-27.17,125407,1621614234.93921
720.84,5.89,-0.73,0,-27.27,125426,1621614234.95985
720.84,5.89,-0.73,0,-27.35,125447,1621614234.98019
720.84,5.89,-0.73,0,-27.43,125466,1621614235.00071
720.84,5.89,-0.73,0,-27.5,125487,1621614235.0265
720.84,5.89,-0.73,0,-27.57,125506,1621614235.04049
720.84,5.89,-0.73,0,-27.63,125527,1621614235.06071
720.84,5.89,-0.73,0,-27.7,125547,1621614235.08119
720.84,5.89,-0.73,0,-27.77,125566,1621614235.09818
720.84,5.89,-0.73,0,-27.83,125587,1621614235.11829
720.84,5.89,-0.73,0,-27.88,125606,1621614235.1488
720.84,5.89,-0.73,0,-27.95,125626,1621614235.16125
720.84,5.89,-0.73,0,-28,125646,1621614235.18057
720.84,5.89,-0.73,0,-28.07,125666,1621614235.20074
720.84,5.89,-0.73,0,-28.13,125686,1621614235.22048
720.84,5.89,-0.73,0,-28.22,125707,1621614235.2411
720.84,5.89,-0.73,0,-28.3,125726,1621614235.25775
720.84,5.89,-0.73,0,-28.38,125747,1621614235.27807
720.84,5.89,-0.73,0,-28.48,125766,1621614235.29861
720.84,5.89,-0.73,0,-28.58,125787,1621614235.31949
720.84,5.89,-0.73,0,-28.67,125806,1621614235.33978
720.84,5.89,-0.73,0,-28.77,125827,1621614235.36006
720.84,5.89,-0.73,0,-28.85,125847,1621614235.38154
720.84,5.89,-0.73,0,-28.92,125867,1621614235.40082
720.84,5.89,-0.73,0,-28.98,125886,1621614235.42843
720.84,5.89,-0.73,0,-29.05,125906,1621614235.44
720.84,5.89,-0.73,0,-29.12,125927,1621614235.45954
720.84,5.89,-0.73,0,-29.17,125946,1621614235.47952
720.84,5.89,-0.73,0,-29.22,125967,1621614235.50094
720.84,5.89,-0.73,0,-29.25,125986,1621614235.52135
720.84,5.89,-0.73,0,-29.3,126007,1621614235.54193
720.84,5.89,-0.73,0,-29.33,126026,1621614235.56199
720.84,5.89,-0.73,0,-29.38,126047,1621614235.58229
720.84,5.89,-0.73,0,-29.43,126066,1621614235.61043
720.84,5.89,-0.73,0,-29.48,126087,1621614235.62136
720.84,5.89,-0.73,0,-29.53,126106,1621614235.64099
720.84,5.89,-0.73,0,-29.58,126127,1621614235.65968
720.84,5.89,-0.73,0,-29.63,126147,1621614235.67949
720.84,5.89,-0.73,0,-29.68,126167,1621614235.70166
720.84,5.89,-0.73,0,-29.72,126186,1621614235.72084
720.84,5.89,-0.73,0,-29.73,126206,1621614235.74113
720.84,5.89,-0.73,0,-29.75,126227,1621614235.76151
720.84,5.89,-0.73,0,-29.77,126246,1621614235.78279
720.84,5.89,-0.73,0,-29.78,126266,1621614235.79997
720.84,5.89,-0.73,0,-29.8,126286,1621614235.81866
720.84,5.89,-0.73,0,-29.82,126307,1621614235.84
720.84,5.89,-0.73,0,-29.85,126326,1621614235.8605
720.84,5.89,-0.73,0,-29.87,126347,1621614235.88132
720.84,5.89,-0.73,0,-29.9,126366,1621614235.90212
720.84,5.89,-0.73,0,-29.93,126387,1621614235.92151
720.84,5.89,-0.73,0,-29.98,126406,1621614235.94163
720.84,5.89,-0.73,0,-30.07,126427,1621614235.96285
720.84,5.89,-0.73,0,-30.13,126446,1621614235.98758
720.84,5.89,-0.73,0,-30.22,126467,1621614235.99949
720.84,5.89,-0.73,0,-30.33,126486,1621614236.01902
720.84,5.89,-0.73,0,-30.45,126507,1621614236.04901
720.84,5.89,-0.73,0,-30.58,126526,1621614236.0619
720.84,5.89,-0.73,0,-30.73,126546,1621614236.08084
720.84,5.89,-0.73,0,-30.88,126567,1621614236.10199
720.84,5.89,-0.73,0,-31.02,126586,1621614236.12969
720.84,5.89,-0.73,0,-31.15,126606,1621614236.1474
720.84,5.89,-0.73,0,-31.28,126626,1621614236.16345
720.84,5.89,-0.73,0,-31.37,126647,1621614236.18751
720.84,5.89,-0.73,0,-31.45,126666,1621614236.20365
720.84,5.89,-0.73,0,-31.52,126687,1621614236.22393
720.84,5.89,-0.73,0,-31.57,126706,1621614236.24166
720.84,5.89,-0.73,0,-31.62,126727,1621614236.26209
720.84,5.89,-0.73,0,-31.65,126746,1621614236.28244
720.84,5.89,-0.73,0,-31.68,126767,1621614236.30268
720.84,5.89,-0.73,0,-31.72,126786,1621614236.32319
720.84,5.89,-0.73,0,-31.75,126807,1621614236.34881
720.84,5.89,-0.73,0,-31.77,126826,1621614236.36048
720.84,5.89,-0.73,0,-31.78,126846,1621614236.38042
720.84,5.89,-0.73,0,-31.8,126866,1621614236.40062
720.84,5.89,-0.73,0,-31.82,126886,1621614236.42152
720.84,5.89,-0.73,0,-31.83,126907,1621614236.44163
720.84,5.89,-0.73,0,-31.83,126926,1621614236.46288
720.84,5.89,-0.73,0,-31.85,126946,1621614236.48327
720.84,5.89,-0.73,0,-31.88,126966,1621614236.50368
720.84,5.89,-0.73,0,-31.9,126987,1621614236.52408
720.84,5.89,-0.73,0,-31.93,127006,1621614236.54086
720.84,5.89,-0.73,0,-31.97,127027,1621614236.56149
720.84,5.89,-0.73,0,-32.02,127046,1621614236.58169
720.84,5.89,-0.73,0,-32.07,127067,1621614236.60286
720.84,5.89,-0.73,0,-32.13,127086,1621614236.62455
720.84,5.89,-0.73,0,-32.2,127107,1621614236.6429
720.84,5.89,-0.73,0,-32.27,127126,1621614236.66227
720.84,5.89,-0.73,0,-32.35,127147,1621614236.69435
720.84,5.89,-0.73,0,-32.43,127167,1621614236.70662
720.84,5.89,-0.73,0,-32.52,127186,1621614236.71993
720.84,5.89,-0.73,0,-32.6,127206,1621614236.74012
720.84,5.89,-0.73,0,-32.67,127226,1621614236.76074
720.84,5.89,-0.73,0,-32.75,127247,1621614236.7814
720.84,5.89,-0.73,0,-32.83,127266,1621614236.8022
720.84,5.89,-0.73,0,-32.92,127287,1621614236.82299
720.84,5.89,-0.73,0,-33,127306,1621614236.84371
720.84,5.89,-0.73,0,-33.07,127327,1621614236.86357
720.84,5.89,-0.73,0,-33.15,127346,1621614236.88456
720.84,5.89,-0.73,0,-33.22,127367,1621614236.90067
720.84,5.89,-0.73,0,-33.28,127386,1621614236.92049
720.84,5.89,-0.73,0,-33.33,127407,1621614236.9417
720.84,5.89,-0.73,0,-33.4,127426,1621614236.96298
720.84,5.89,-0.73,0,-33.45,127447,1621614236.98342
720.84,5.89,-0.73,0,-33.52,127466,1621614237.00383
720.84,5.89,-0.73,0,-33.58,127486,1621614237.0247
720.84,5.89,-0.73,0,-33.65,127506,1621614237.04741
720.84,5.89,-0.73,0,-33.72,127526,1621614237.0642
720.84,5.89,-0.73,0,-33.78,127547,1621614237.08101
720.84,5.89,-0.73,0,-33.85,127566,1621614237.10146
720.84,5.89,-0.73,0,-33.9,127587,1621614237.1214
720.84,5.89,-0.73,0,-33.95,127606,1621614237.14184
720.84,5.89,-0.73,0,-34,127626,1621614237.17141
720.84,5.89,-0.73,0,-34.03,127646,1621614237.19568
720.84,5.89,-0.73,0,-34.08,127667,1621614237.20426
720.84,5.89,-0.73,0,-34.12,127686,1621614237.22395
720.84,5.89,-0.73,0,-34.15,127707,1621614237.2499
720.84,5.89,-0.73,0,-34.18,127726,1621614237.26325
720.84,5.89,-0.73,0,-34.22,127747,1621614237.28119
720.84,5.89,-0.73,0,-34.23,127766,1621614237.3018
720.84,5.89,-0.73,0,-34.25,127787,1621614237.32296
720.84,5.89,-0.73,0,-34.28,127806,1621614237.34553
720.84,5.89,-0.73,0,-34.3,127826,1621614237.36879
720.84,5.89,-0.73,0,-34.32,127846,1621614237.38426
720.84,5.89,-0.73,0,-34.35,127866,1621614237.40364
720.84,5.89,-0.73,0,-34.37,127887,1621614237.42388
720.84,5.89,-0.73,0,-34.38,127906,1621614237.44065
720.84,5.89,-0.73,0,-34.42,127927,1621614237.46064
720.84,5.89,-0.73,0,-34.45,127946,1621614237.48143
720.84,5.89,-0.73,0,-34.47,127967,1621614237.50226
720.84,5.89,-0.73,0,-34.5,127986,1621614237.52331
720.84,5.89,-0.73,0,-34.55,128007,1621614237.54379
720.84,5.89,-0.73,0,-34.58,128026,1621614237.56411
720.84,5.89,-0.73,0,-34.63,128047,1621614237.58432
720.84,5.89,-0.73,0,-34.68,128066,1621614237.60493
720.84,5.89,-0.73,0,-34.73,128087,1621614237.62165
720.84,5.89,-0.73,0,-34.78,128106,1621614237.6425
720.84,5.89,-0.73,0,-34.82,128126,1621614237.66251
720.84,5.89,-0.73,0,-34.87,128146,1621614237.68266
720.84,5.89,-0.73,0,-34.92,128166,1621614237.70384
720.84,5.89,-0.73,0,-34.95,128187,1621614237.7295
720.84,5.89,-0.73,0,-34.98,128206,1621614237.74396
720.84,5.89,-0.73,0,-35.02,128227,1621614237.76528
720.84,5.89,-0.73,0,-35.03,128246,1621614237.78664
720.84,5.89,-0.73,0,-35.07,128266,1621614237.80345
720.84,5.89,-0.73,0,-35.08,128286,1621614237.82375
720.84,5.89,-0.73,0,-35.1,128307,1621614237.84218
720.84,5.89,-0.73,0,-35.13,128326,1621614237.86371
720.84,5.89,-0.73,0,-35.15,128347,1621614237.88469
720.84,5.89,-0.73,0,-35.17,128366,1621614237.90573
720.84,5.89,-0.73,0,-35.18,128387,1621614237.92473
720.84,5.89,-0.73,0,-35.2,128406,1621614237.94423
720.84,5.89,-0.73,0,-35.22,128427,1621614237.96518
720.84,5.89,-0.73,0,-35.23,128447,1621614237.9909
720.84,5.89,-0.73,0,-35.23,128466,1621614238.00444
720.84,5.89,-0.73,0,-35.25,128486,1621614238.02409
720.84,5.89,-0.73,0,-35.27,128506,1621614238.04418
720.84,5.89,-0.73,0,-35.28,128527,1621614238.06577
720.84,5.89,-0.73,0,-35.3,128546,1621614238.08998
720.84,5.89,-0.73,0,-35.32,128566,1621614238.10531
720.84,5.89,-0.73,0,-35.33,128586,1621614238.12448
720.84,5.89,-0.73,0,-35.37,128607,1621614238.14579
720.84,5.89,-0.73,0,-35.38,128626,1621614238.1617
720.84,5.89,-0.73,0,-35.42,128647,1621614238.18213
720.84,5.89,-0.73,0,-35.45,128666,1621614238.20325
720.84,5.89,-0.73,0,-35.47,128687,1621614238.22385
720.84,5.89,-0.73,0,-35.5,128707,1621614238.24527
720.84,5.89,-0.73,0,-35.52,128727,1621614238.26572
720.84,5.89,-0.73,0,-35.53,128746,1621614238.2859
720.84,5.89,-0.73,0,-35.57,128766,1621614238.30607
720.84,5.89,-0.73,0,-35.6,128786,1621614238.32594
720.84,5.89,-0.73,0,-35.63,128806,1621614238.34715
720.84,5.89,-0.73,0,-35.65,128826,1621614238.36259
720.84,5.89,-0.73,0,-35.68,128846,1621614238.3831
720.84,5.89,-0.73,0,-35.7,128867,1621614238.40436
720.84,5.89,-0.73,0,-35.72,128886,1621614238.42477
720.84,5.89,-0.73,0,-35.73,128907,1621614238.44477
720.84,5.89,-0.73,0,-35.75,128927,1621614238.46629
720.84,5.89,-0.73,0,-35.77,128947,1621614238.4865
720.84,5.89,-0.73,0,-35.77,128966,1621614238.50757
720.84,5.89,-0.73,0,-35.78,128987,1621614238.52703
720.84,5.89,-0.73,0,-35.8,129006,1621614238.54571
720.84,5.89,-0.73,0,-35.82,129027,1621614238.56325
720.84,5.89,-0.73,0,-35.83,129046,1621614238.58426
720.84,5.89,-0.73,0,-35.85,129067,1621614238.60723
720.84,5.89,-0.73,0,-35.87,129086,1621614238.62685
720.84,5.89,-0.73,0,-35.88,129106,1621614238.64536
720.84,5.89,-0.73,0,-35.9,129126,1621614238.66628
720.84,5.89,-0.73,0,-35.92,129146,1621614238.68586
720.84,5.89,-0.73,0,-35.93,129166,1621614238.70759
720.84,5.89,-0.73,0,-35.95,129186,1621614238.72373
720.84,5.89,-0.73,0,-35.97,129207,1621614238.74381
720.84,5.89,-0.73,0,-35.98,129226,1621614238.76451
720.84,5.89,-0.73,0,-36.02,129247,1621614238.78471
720.84,5.89,-0.73,0,-36.03,129266,1621614238.80935
720.84,5.89,-0.73,0,-36.05,129287,1621614238.82565
720.84,5.89,-0.73,0,-36.07,129306,1621614238.84579
720.84,5.89,-0.73,0,-36.1,129327,1621614238.8668
720.84,5.89,-0.73,0,-36.12,129346,1621614238.88708
720.84,5.89,-0.73,0,-36.15,129367,1621614238.90772
720.84,5.89,-0.73,0,-36.17,129386,1621614238.92481
720.84,5.89,-0.73,0,-36.2,129406,1621614238.9533
720.84,5.89,-0.73,0,-36.22,129427,1621614238.96576
720.84,5.89,-0.73,0,-36.25,129446,1621614238.98537
720.84,5.89,-0.73,0,-36.28,129467,1621614239.00548
720.84,5.89,-0.73,0,-36.32,129486,1621614239.02678
720.84,5.89,-0.73,0,-36.33,129507,1621614239.04693
720.84,5.89,-0.73,0,-36.37,129526,1621614239.06752
720.84,5.89,-0.73,0,-36.4,129547,1621614239.08417
720.84,5.89,-0.73,0,-36.43,129566,1621614239.10484
720.84,5.89,-0.73,0,-36.47,129587,1621614239.13539
720.84,5.89,-0.73,0,-36.5,129607,1621614239.14791
720.84,5.89,-0.73,0,-36.52,129627,1621614239.16597
720.84,5.89,-0.73,0,-36.53,129646,1621614239.18622
720.84,5.89,-0.73,0,-36.55,129667,1621614239.20654
720.84,5.89,-0.73,0,-36.57,129686,1621614239.22689
720.84,5.89,-0.73,0,-36.58,129707,1621614239.24698
720.84,5.89,-0.73,0,-36.6,129726,1621614239.26419
720.84,5.89,-0.73,0,-36.6,129746,1621614239.28521
720.84,5.89,-0.73,0,-36.62,129767,1621614239.30512
720.84,5.89,-0.73,0,-36.63,129786,1621614239.32598
720.84,5.89,-0.73,0,-36.65,129806,1621614239.34636
720.84,5.89,-0.73,0,-36.67,129826,1621614239.36597
720.84,5.89,-0.73,0,-36.68,129847,1621614239.38692
720.84,5.89,-0.73,0,-36.68,129867,1621614239.40782
720.84,5.89,-0.73,0,-36.7,129887,1621614239.42816
720.84,5.89,-0.73,0,-36.7,129906,1621614239.44409
720.84,5.89,-0.73,0,-36.72,129927,1621614239.46555
720.84,5.89,-0.73,0,-36.72,129946,1621614239.48568
720.84,5.89,-0.73,0,-36.73,129967,1621614239.50621
720.84,5.89,-0.73,0,-36.75,129986,1621614239.52692
720.84,5.89,-0.73,0,-36.75,130007,1621614239.54744
720.84,5.89,-0.73,0,-36.77,130027,1621614239.56783
720.84,5.89,-0.73,0,-36.77,130046,1621614239.58813
720.84,5.89,-0.73,0,-36.77,130066,1621614239.60889
720.84,5.89,-0.73,0,-36.78,130086,1621614239.62437
720.84,5.89,-0.73,0,-36.8,130106,1621614239.64487
720.84,5.89,-0.73,0,-36.8,130126,1621614239.66552
720.84,5.89,-0.73,0,-36.82,130147,1621614239.686
720.84,5.89,-0.73,0,-36.83,130166,1621614239.7071
720.84,5.89,-0.73,0,-36.83,130187,1621614239.72752
720.84,5.89,-0.73,0,-36.85,130206,1621614239.74761
720.84,5.89,-0.73,0,-36.88,130227,1621614239.7681
720.84,5.89,-0.73,0,-36.9,130247,1621614239.78865
720.84,5.89,-0.73,0,-36.92,130267,1621614239.80471
720.84,5.89,-0.73,0,-36.93,130286,1621614239.82616
720.84,5.89,-0.73,0,-36.95,130307,1621614239.84642
720.84,5.89,-0.73,0,-36.95,130327,1621614239.86646
720.84,5.89,-0.73,0,-36.97,130347,1621614239.88971
720.84,5.89,-0.73,0,-36.98,130366,1621614239.90774
720.84,5.89,-0.73,0,-37,130386,1621614239.92711
720.84,5.89,-0.73,0,-37.02,130407,1621614239.94745
720.84,5.89,-0.73,0,-37.03,130426,1621614239.96797
720.84,5.89,-0.73,0,-37.07,130446,1621614239.98441
720.84,5.89,-0.73,0,-37.08,130466,1621614240.00511
720.84,5.89,-0.73,0,-37.1,130487,1621614240.02569
720.84,5.89,-0.73,0,-37.13,130506,1621614240.04595
720.84,5.89,-0.73,0,-37.15,130527,1621614240.06666
720.84,5.89,-0.73,0,-37.18,130546,1621614240.08684
720.84,5.89,-0.73,0,-37.2,130567,1621614240.10768
720.84,5.89,-0.73,0,-37.23,130587,1621614240.12769
720.84,5.89,-0.73,0,-37.25,130607,1621614240.15316
720.84,5.89,-0.73,0,-37.28,130626,1621614240.17314
720.84,5.89,-0.73,0,-37.3,130647,1621614240.18587
720.84,5.89,-0.73,0,-37.33,130666,1621614240.20544
720.84,5.89,-0.73,0,-37.38,130686,1621614240.226
720.84,5.89,-0.73,0,-37.42,130707,1621614240.24609
720.84,5.89,-0.73,0,-37.47,130726,1621614240.26758
720.84,5.89,-0.73,0,-37.5,130747,1621614240.2878
720.84,5.89,-0.73,0,-37.55,130766,1621614240.30786
720.84,5.89,-0.73,0,-37.58,130786,1621614240.32769
720.84,5.89,-0.73,0,-37.62,130806,1621614240.349
720.84,5.89,-0.73,0,-37.65,130827,1621614240.36574
720.84,5.89,-0.73,0,-37.68,130846,1621614240.38626
720.84,5.89,-0.73,0,-37.72,130867,1621614240.40655
720.84,5.89,-0.73,0,-37.75,130886,1621614240.42659
720.84,5.89,-0.73,0,-37.78,130907,1621614240.44784
720.84,5.89,-0.73,0,-37.82,130926,1621614240.46699
720.84,5.89,-0.73,0,-37.85,130947,1621614240.48817
720.84,5.89,-0.73,0,-37.88,130966,1621614240.50933
720.84,5.89,-0.73,0,-37.9,130987,1621614240.52944
720.84,5.89,-0.73,0,-37.93,131006,1621614240.5463
720.84,5.89,-0.73,0,-37.97,131026,1621614240.56658
720.84,5.89,-0.73,0,-37.98,131046,1621614240.58695
720.84,5.89,-0.73,0,-38,131066,1621614240.60752
720.84,5.89,-0.73,0,-38,131087,1621614240.62764
720.84,5.89,-0.73,0,-38.02,131107,1621614240.64881
720.84,5.89,-0.73,0,-38.02,131127,1621614240.66921
720.84,5.89,-0.73,0,-38.03,131146,1621614240.69007
720.84,5.89,-0.73,0,-38.03,131167,1621614240.7094
720.84,5.89,-0.73,0,-38.05,131186,1621614240.72784
720.84,5.89,-0.73,0,-38.05,131206,1621614240.75227
720.84,5.89,-0.73,0,-38.07,131226,1621614240.76774
720.84,5.89,-0.73,0,-38.07,131247,1621614240.7879
720.84,5.89,-0.73,0,-38.08,131266,1621614240.80802
720.84,5.89,-0.73,0,-38.08,131287,1621614240.82898
720.84,5.89,-0.73,0,-38.08,131307,1621614240.84956
720.84,5.89,-0.73,0,-38.1,131326,1621614240.86917
720.84,5.89,-0.73,0,-38.1,131346,1621614240.89034
720.84,5.89,-0.73,0,-38.12,131366,1621614240.90609
720.84,5.89,-0.73,0,-38.12,131386,1621614240.92844
720.84,5.89,-0.73,0,-38.13,131406,1621614240.9484
720.84,5.89,-0.73,0,-38.13,131427,1621614240.96784
720.84,5.89,-0.73,0,-38.15,131447,1621614240.98817
720.84,5.89,-0.73,0,-38.15,131467,1621614241.00834
720.84,5.89,-0.73,0,-38.17,131487,1621614241.02942
720.84,5.89,-0.73,0,-38.17,131507,1621614241.04971
720.84,5.89,-0.73,0,-38.17,131526,1621614241.07005
720.84,5.89,-0.73,0,-38.18,131547,1621614241.0868
720.84,5.89,-0.73,0,-38.18,131566,1621614241.10687
720.84,5.89,-0.73,0,-38.2,131587,1621614241.12717
720.84,5.89,-0.73,0,-38.2,131606,1621614241.14828
720.84,5.89,-0.73,0,-38.2,131627,1621614241.173
720.84,5.89,-0.73,0,-38.22,131647,1621614241.19592
720.84,5.89,-0.73,0,-38.22,131666,1621614241.2093
720.84,5.89,-0.73,0,-38.22,131687,1621614241.22954
720.84,5.89,-0.73,0,-38.22,131706,1621614241.2497
720.84,5.89,-0.73,0,-38.22,131727,1621614241.27033
720.84,5.89,-0.73,0,-38.22,131747,1621614241.29108
720.84,5.89,-0.73,0,-38.22,131767,1621614241.30786
720.84,5.89,-0.73,0,-38.22,131787,1621614241.32786
720.84,5.89,-0.73,0,-38.22,131807,1621614241.34895
720.84,5.89,-0.73,0,-38.22,131827,1621614241.36937
720.84,5.89,-0.73,0,-38.22,131847,1621614241.38952
720.84,5.89,-0.73,0,-38.22,131867,1621614241.41004
720.84,5.89,-0.73,0,-38.23,131887,1621614241.43078
720.84,5.89,-0.73,0,-38.23,131906,1621614241.44692
720.84,5.89,-0.73,0,-38.23,131927,1621614241.4672
720.84,5.89,-0.73,0,-38.23,131946,1621614241.48789
720.84,5.89,-0.73,0,-38.23,131966,1621614241.50842
720.84,5.89,-0.73,0,-38.23,131986,1621614241.52921
720.84,5.89,-0.73,0,-38.23,132006,1621614241.54961
720.84,5.89,-0.73,0,-38.23,132027,1621614241.57016
720.84,5.89,-0.73,0,-38.25,132046,1621614241.59031
720.84,5.89,-0.73,0,-38.25,132066,1621614241.61101
720.84,5.89,-0.73,0,-38.25,132086,1621614241.62659
720.84,5.89,-0.73,0,-38.27,132107,1621614241.64749
720.84,5.89,-0.73,0,-38.27,132126,1621614241.66783
720.84,5.89,-0.73,0,-38.27,132147,1621614241.68845
720.84,5.89,-0.73,0,-38.27,132166,1621614241.71418
720.84,5.89,-0.73,0,-38.27,132187,1621614241.73277
720.84,5.89,-0.73,0,-38.27,132206,1621614241.7501
720.84,5.89,-0.73,0,-38.27,132227,1621614241.77422
720.84,5.89,-0.73,0,-38.27,132246,1621614241.79116
720.84,5.89,-0.73,0,-38.27,132267,1621614241.81089
720.84,5.89,-0.73,0,-38.28,132287,1621614241.83109
720.84,5.89,-0.73,0,-38.28,132306,1621614241.84826
720.84,5.89,-0.73,0,-38.28,132327,1621614241.8698
720.84,5.89,-0.73,0,-38.28,132346,1621614241.89127
720.84,5.89,-0.73,0,-38.28,132367,1621614241.91429
720.84,5.89,-0.73,0,-38.3,132386,1621614241.93093
720.84,5.89,-0.73,0,-38.3,132407,1621614241.95004
720.84,5.89,-0.73,0,-38.3,132426,1621614241.97083
720.84,5.89,-0.73,0,-38.3,132447,1621614241.99126
720.84,5.89,-0.73,0,-38.3,132466,1621614242.00821
720.84,5.89,-0.73,0,-38.3,132487,1621614242.02824
720.84,5.89,-0.73,0,-38.32,132506,1621614242.04903
720.84,5.89,-0.73,0,-38.32,132527,1621614242.0705
720.84,5.89,-0.73,0,-38.32,132546,1621614242.09066
720.84,5.89,-0.73,0,-38.32,132567,1621614242.11145
720.84,5.89,-0.73,0,-38.33,132586,1621614242.13217
720.84,5.89,-0.73,0,-38.33,132606,1621614242.15173
720.84,5.89,-0.73,0,-38.33,132626,1621614242.17223
720.84,5.89,-0.73,0,-38.33,132646,1621614242.18826
720.84,5.89,-0.73,0,-38.33,132667,1621614242.20842
720.84,5.89,-0.73,0,-38.33,132686,1621614242.23
720.84,5.89,-0.73,0,-38.35,132707,1621614242.25056
720.84,5.89,-0.73,0,-38.35,132727,1621614242.27113
720.84,5.89,-0.73,0,-38.35,132747,1621614242.29169
720.84,5.89,-0.73,0,-38.35,132767,1621614242.31198
720.84,5.89,-0.73,0,-38.35,132787,1621614242.33219
720.84,5.89,-0.73,0,-38.37,132806,1621614242.3527
720.84,5.89,-0.73,0,-38.37,132827,1621614242.36874
720.84,5.89,-0.73,0,-38.38,132846,1621614242.38913
720.84,5.89,-0.73,0,-38.38,132867,1621614242.41012
720.84,5.89,-0.73,0,-38.38,132886,1621614242.43027
720.84,5.89,-0.73,0,-38.4,132907,1621614242.45042
720.84,5.89,-0.73,0,-38.4,132926,1621614242.47091
720.84,5.89,-0.73,0,-38.4,132946,1621614242.49132
720.84,5.89,-0.73,0,-38.42,132967,1621614242.5113
720.84,5.89,-0.73,0,-38.42,132986,1621614242.53329
720.84,5.89,-0.73,0,-38.42,133007,1621614242.55311
720.84,5.89,-0.73,0,-38.43,133026,1621614242.56907
720.84,5.89,-0.73,0,-38.43,133047,1621614242.59112
720.84,5.89,-0.73,0,-38.43,133066,1621614242.61056
720.84,5.89,-0.73,0,-38.45,133086,1621614242.63872
720.84,5.89,-0.73,0,-38.45,133106,1621614242.65108
720.84,5.89,-0.73,0,-38.45,133126,1621614242.67093
720.84,5.89,-0.73,0,-38.45,133146,1621614242.69137
720.84,5.89,-0.73,0,-38.47,133167,1621614242.71239
720.84,5.89,-0.73,0,-38.47,133186,1621614242.72922
720.84,5.89,-0.73,0,-38.48,133207,1621614242.74967
720.84,5.89,-0.73,0,-38.48,133227,1621614242.77029
720.84,5.89,-0.73,0,-38.5,133246,1621614242.79081
720.84,5.89,-0.73,0,-38.5,133266,1621614242.81066
720.84,5.89,-0.73,0,-38.52,133286,1621614242.83213
720.84,5.89,-0.73,0,-38.52,133306,1621614242.85175
720.84,5.89,-0.73,0,-38.52,133326,1621614242.8727
720.84,5.89,-0.73,0,-38.52,133346,1621614242.89242
720.84,5.89,-0.73,0,-38.53,133366,1621614242.90898
720.84,5.89,-0.73,0,-38.53,133387,1621614242.93013
720.84,5.89,-0.73,0,-38.53,133406,1621614242.95814
720.84,5.89,-0.73,0,-38.55,133427,1621614242.97177
720.84,5.89,-0.73,0,-38.57,133447,1621614242.99071
720.84,5.89,-0.73,0,-38.58,133467,1621614243.01108
720.84,5.89,-0.73,0,-38.6,133486,1621614243.03232
720.84,5.89,-0.73,0,-38.62,133507,1621614243.0527
720.84,5.89,-0.73,0,-38.63,133527,1621614243.07318
720.84,5.89,-0.73,0,-38.65,133547,1621614243.08886
720.84,5.89,-0.73,0,-38.67,133566,1621614243.10989
720.84,5.89,-0.73,0,-38.7,133586,1621614243.12984
720.84,5.89,-0.73,0,-38.72,133606,1621614243.15061
720.84,5.89,-0.73,0,-38.75,133626,1621614243.17121
720.84,5.89,-0.73,0,-38.78,133647,1621614243.19309
720.84,5.89,-0.73,0,-38.82,133666,1621614243.21195
720.84,5.89,-0.73,0,-38.87,133686,1621614243.23314
720.84,5.89,-0.73,0,-38.92,133706,1621614243.25365
720.84,5.89,-0.73,0,-38.97,133727,1621614243.27377
720.84,5.89,-0.73,0,-39.03,133746,1621614243.29068
720.84,5.89,-0.73,0,-39.08,133767,1621614243.31005
720.84,5.89,-0.73,0,-39.13,133786,1621614243.33121
720.84,5.89,-0.73,0,-39.18,133807,1621614243.35226
720.84,5.89,-0.73,0,-39.23,133826,1621614243.37193
720.84,5.89,-0.73,0,-39.27,133847,1621614243.39312
720.84,5.89,-0.73,0,-39.3,133867,1621614243.41353
720.84,5.89,-0.73,0,-39.32,133886,1621614243.43372
720.84,5.89,-0.73,0,-39.33,133906,1621614243.45361
720.84,5.89,-0.73,0,-39.35,133926,1621614243.47818
720.84,5.89,-0.73,0,-39.35,133947,1621614243.49136
720.84,5.89,-0.73,0,-39.35,133966,1621614243.51088
720.84,5.89,-0.73,0,-39.35,133987,1621614243.53272
720.84,5.89,-0.73,0,-39.35,134007,1621614243.5525
720.84,5.89,-0.73,0,-39.35,134027,1621614243.57294
720.84,5.89,-0.73,0,-39.35,134047,1621614243.59361
720.84,5.89,-0.73,0,-39.37,134067,1621614243.61822
720.84,5.89,-0.73,0,-39.37,134086,1621614243.638
720.84,5.89,-0.73,0,-39.38,134107,1621614243.65057
720.84,5.89,-0.73,0,-39.38,134126,1621614243.67059
720.84,5.89,-0.73,0,-39.38,134147,1621614243.69105
720.84,5.89,-0.73,0,-39.4,134166,1621614243.71166
720.84,5.89,-0.73,0,-39.4,134187,1621614243.73206
720.84,5.89,-0.73,0,-39.4,134206,1621614243.75285
720.84,5.89,-0.73,0,-39.4,134226,1621614243.77283
720.84,5.89,-0.73,0,-39.42,134247,1621614243.79342
720.84,5.89,-0.73,0,-39.42,134266,1621614243.81424
720.84,5.89,-0.73,0,-39.43,134286,1621614243.83089
720.84,5.89,-0.73,0,-39.43,134306,1621614243.85126
720.84,5.89,-0.73,0,-39.43,134326,1621614243.87141
720.84,5.89,-0.73,0,-39.43,134346,1621614243.89194
720.84,5.89,-0.73,0,-39.43,134367,1621614243.9125
720.84,5.89,-0.73,0,-39.43,134386,1621614243.93302
720.84,5.89,-0.73,0,-39.43,134407,1621614243.95277
720.84,5.89,-0.73,0,-39.43,134426,1621614243.9746
720.84,5.89,-0.73,0,-39.43,134447,1621614243.99434
720.84,5.89,-0.73,0,-39.43,134466,1621614244.01118
720.84,5.89,-0.73,0,-39.43,134487,1621614244.03128
720.84,5.89,-0.73,0,-39.43,134506,1621614244.05157
720.84,5.89,-0.73,0,-39.43,134526,1621614244.07249
720.84,5.89,-0.73,0,-39.43,134546,1621614244.09281
720.84,5.89,-0.73,0,-39.43,134566,1621614244.11415
720.84,5.89,-0.73,0,-39.45,134586,1621614244.14035
720.84,5.89,-0.73,0,-39.45,134606,1621614244.15416
720.84,5.89,-0.73,0,-39.45,134626,1621614244.17512
720.84,5.89,-0.73,0,-39.45,134646,1621614244.19127
720.84,5.89,-0.73,0,-39.45,134666,1621614244.21201
720.84,5.89,-0.73,0,-39.45,134686,1621614244.24096
720.84,5.89,-0.73,0,-39.45,134706,1621614244.25473
720.84,5.89,-0.73,0,-39.45,134726,1621614244.27281
720.84,5.89,-0.73,0,-39.45,134747,1621614244.29325
720.84,5.89,-0.73,0,-39.45,134766,1621614244.3134
720.84,5.89,-0.73,0,-39.45,134787,1621614244.33527
720.84,5.89,-0.73,0,-39.45,134806,1621614244.35497
720.84,5.89,-0.73,0,-39.45,134827,1621614244.37072
720.84,5.89,-0.73,0,-39.45,134846,1621614244.39123
720.84,5.89,-0.73,0,-39.45,134866,1621614244.41279
720.84,5.89,-0.73,0,-39.45,134886,1621614244.44208
720.84,5.89,-0.73,0,-39.45,134906,1621614244.45524
720.84,5.89,-0.73,0,-39.45,134926,1621614244.47312
720.84,5.89,-0.73,0,-39.47,134946,1621614244.49352
720.84,5.89,-0.73,0,-39.47,134967,1621614244.5147
720.84,5.89,-0.73,0,-39.47,134986,1621614244.53457
720.84,5.89,-0.73,0,-39.47,135007,1621614244.55151
720.84,5.89,-0.73,0,-39.47,135026,1621614244.57247
720.84,5.89,-0.73,0,-39.47,135047,1621614244.59318
720.84,5.89,-0.73,0,-39.47,135066,1621614244.62417
720.84,5.89,-0.73,0,-39.47,135087,1621614244.63678
720.84,5.89,-0.73,0,-39.47,135106,1621614244.65307
720.84,5.89,-0.73,0,-39.47,135127,1621614244.67409
720.84,5.89,-0.73,0,-39.47,135146,1621614244.69457
720.84,5.89,-0.73,0,-39.47,135166,1621614244.71539
720.84,5.89,-0.73,0,-39.47,135186,1621614244.73173
720.84,5.89,-0.73,0,-39.47,135206,1621614244.76055
720.84,5.89,-0.73,0,-39.45,135226,1621614244.77716
720.84,5.89,-0.73,0,-39.43,135246,1621614244.7931
720.84,5.89,-0.73,0,-39.4,135267,1621614244.81336
720.84,5.89,-0.73,0,-39.37,135286,1621614244.83442
720.84,5.89,-0.73,0,-39.32,135307,1621614244.85534
720.84,5.89,-0.73,0,-39.27,135326,1621614244.87594
720.84,5.89,-0.73,0,-39.2,135347,1621614244.89598
720.84,5.89,-0.73,0,-39.13,135366,1621614244.91688
720.84,5.89,-0.73,0,-39.05,135387,1621614244.93287
720.84,5.89,-0.73,0,-38.95,135406,1621614244.95274
720.84,5.89,-0.73,0,-38.87,135427,1621614244.97411
720.84,5.89,-0.73,0,-38.77,135446,1621614244.99544
720.84,5.89,-0.73,0,-38.68,135467,1621614245.01665
720.84,5.89,-0.73,0,-38.58,135487,1621614245.03644
720.84,5.89,-0.73,0,-38.47,135506,1621614245.05692
720.84,5.89,-0.73,0,-38.35,135526,1621614245.07733
720.84,5.89,-0.73,0,-38.23,135546,1621614245.09693
720.84,5.89,-0.73,0,-38.1,135567,1621614245.11272
720.84,5.89,-0.73,0,-37.97,135586,1621614245.13442
720.84,5.89,-0.73,0,-37.85,135607,1621614245.15372
720.84,5.89,-0.73,0,-37.73,135626,1621614245.1742
720.84,5.89,-0.73,0,-37.63,135647,1621614245.19942
720.84,5.89,-0.73,0,-37.5,135666,1621614245.21619
720.84,5.89,-0.73,0,-37.37,135687,1621614245.23539
720.84,5.89,-0.73,0,-37.25,135706,1621614245.25588
720.84,5.89,-0.73,0,-37.15,135727,1621614245.27177
720.84,5.89,-0.73,0,-37.05,135746,1621614245.29358
720.84,5.89,-0.73,0,-36.97,135767,1621614245.31393
720.84,5.89,-0.73,0,-36.88,135786,1621614245.33464
720.84,5.89,-0.73,0,-36.8,135806,1621614245.3546
720.84,5.89,-0.73,0,-36.73,135827,1621614245.37502
720.84,5.89,-0.73,0,-36.67,135846,1621614245.39635
720.84,5.89,-0.73,0,-36.58,135867,1621614245.41715
720.84,5.89,-0.73,0,-36.52,135886,1621614245.43699
720.84,5.89,-0.73,0,-36.47,135907,1621614245.45707
720.84,5.89,-0.73,0,-36.45,135926,1621614245.47409
720.84,5.89,-0.73,0,-36.43,135947,1621614245.49418
720.84,5.89,-0.73,0,-36.42,135967,1621614245.51605
720.84,5.89,-0.73,0,-36.4,135987,1621614245.54465
720.84,5.89,-0.73,0,-36.38,136006,1621614245.55717
720.84,5.89,-0.73,0,-36.38,136027,1621614245.57621
720.84,5.89,-0.73,0,-36.38,136046,1621614245.59668
720.84,5.89,-0.73,0,-36.38,136067,1621614245.61784
720.84,5.89,-0.73,0,-36.37,136086,1621614245.63693
720.84,5.89,-0.73,0,-36.37,136107,1621614245.65396
720.84,5.89,-0.73,0,-36.37,136126,1621614245.67428
720.84,5.89,-0.73,0,-36.37,136146,1621614245.69428
720.84,5.89,-0.73,0,-36.37,136166,1621614245.72558
720.84,5.89,-0.73,0,-36.37,136186,1621614245.73528
720.84,5.89,-0.73,0,-36.37,136207,1621614245.75651
720.84,5.89,-0.73,0,-36.37,136226,1621614245.77573
720.84,5.89,-0.73,0,-36.37,136247,1621614245.79716
720.84,5.89,-0.73,0,-36.37,136266,1621614245.81824
720.84,5.89,-0.73,0,-36.37,136287,1621614245.84275
720.84,5.89,-0.73,0,-36.37,136306,1621614245.85549
720.84,5.89,-0.73,0,-36.37,136327,1621614245.8745
720.84,5.89,-0.73,0,-36.37,136346,1621614245.89504
720.84,5.89,-0.73,0,-36.37,136367,1621614245.92263
720.84,5.89,-0.73,0,-36.35,136387,1621614245.94071
720.84,5.89,-0.73,0,-36.35,136407,1621614245.95598
720.84,5.89,-0.73,0,-36.35,136427,1621614245.97724
720.84,5.89,-0.73,0,-36.35,136446,1621614245.99689
720.84,5.89,-0.73,0,-36.35,136467,1621614246.01684
720.84,5.89,-0.73,0,-36.35,136486,1621614246.03354
720.84,5.89,-0.73,0,-36.35,136507,1621614246.05478
720.84,5.89,-0.73,0,-36.35,136526,1621614246.0761
720.84,5.89,-0.73,0,-36.35,136547,1621614246.09716
720.84,5.89,-0.73,0,-36.35,136567,1621614246.11711
720.84,5.89,-0.73,0,-36.35,136587,1621614246.13661
720.84,5.89,-0.73,0,-36.35,136607,1621614246.1581
720.84,5.89,-0.73,0,-36.35,136627,1621614246.17836
720.84,5.89,-0.73,0,-36.35,136647,1621614246.19986
720.84,5.89,-0.73,0,-36.35,136667,1621614246.21498
720.84,5.89,-0.73,0,-36.35,136687,1621614246.23484
720.84,5.89,-0.73,0,-36.35,136707,1621614246.25625
720.84,5.89,-0.73,0,-36.35,136727,1621614246.27652
720.84,5.89,-0.73,0,-36.35,136747,1621614246.29755
720.84,5.89,-0.73,0,-36.35,136767,1621614246.31794
720.84,5.89,-0.73,0,-36.35,136786,1621614246.33779
720.84,5.89,-0.73,0,-36.35,136807,1621614246.35826
720.84,5.89,-0.73,0,-36.35,136826,1621614246.37864
720.84,5.89,-0.73,0,-36.35,136847,1621614246.39609
720.84,5.89,-0.73,0,-36.35,136867,1621614246.41653
720.84,5.89,-0.73,0,-36.35,136887,1621614246.43601
720.84,5.89,-0.73,0,-36.35,136907,1621614246.45619
720.84,5.89,-0.73,0,-36.35,136927,1621614246.47736
720.84,5.89,-0.73,0,-36.35,136947,1621614246.49798
720.84,5.89,-0.73,0,-36.35,136967,1621614246.518
720.84,5.89,-0.73,0,-36.35,136987,1621614246.53776
720.84,5.89,-0.73,0,-36.35,137007,1621614246.55951
720.84,5.89,-0.73,0,-36.35,137027,1621614246.57559
720.84,5.89,-0.73,0,-36.35,137047,1621614246.59627
720.84,5.89,-0.73,0,-36.35,137067,1621614246.62748
720.84,5.89,-0.73,0,-36.33,137086,1621614246.6373
720.84,5.89,-0.73,0,-36.33,137106,1621614246.65726
720.84,5.89,-0.73,0,-36.33,137126,1621614246.67767
720.84,5.89,-0.73,0,-36.33,137146,1621614246.70274
720.84,5.89,-0.73,0,-36.33,137166,1621614246.72223
720.84,5.89,-0.73,0,-36.33,137187,1621614246.73492
720.84,5.89,-0.73,0,-36.33,137206,1621614246.75467
720.84,5.89,-0.73,0,-36.33,137227,1621614246.78594
720.84,5.89,-0.73,0,-36.33,137246,1621614246.79778
720.84,5.89,-0.73,0,-36.33,137267,1621614246.81668
720.84,5.89,-0.73,0,-36.33,137286,1621614246.83665
720.84,5.89,-0.73,0,-36.33,137307,1621614246.85684
720.84,5.89,-0.73,0,-36.33,137326,1621614246.87814
720.84,5.89,-0.73,0,-36.33,137347,1621614246.89875
720.84,5.89,-0.73,0,-36.33,137366,1621614246.91456
720.84,5.89,-0.73,0,-36.33,137387,1621614246.93601
720.84,5.89,-0.73,0,-36.33,137406,1621614246.95813
720.84,5.89,-0.73,0,-36.33,137426,1621614246.98632
720.84,5.89,-0.73,0,-36.33,137446,1621614246.99776
720.84,5.89,-0.73,0,-36.33,137466,1621614247.01765
720.84,5.89,-0.73,0,-36.33,137486,1621614247.03735
720.84,5.89,-0.73,0,-36.33,137506,1621614247.05855
720.84,5.89,-0.73,0,-36.33,137527,1621614247.0786
720.84,5.89,-0.73,0,-36.33,137546,1621614247.09884
720.84,5.89,-0.73,0,-36.33,137567,1621614247.11601
720.84,5.89,-0.73,0,-36.33,137586,1621614247.13588
720.84,5.89,-0.73,0,-36.33,137607,1621614247.15641
720.84,5.89,-0.73,0,-36.33,137626,1621614247.17884
720.84,5.89,-0.73,0,-36.33,137647,1621614247.20006
720.84,5.89,-0.73,0,-36.33,137666,1621614247.21827
720.84,5.89,-0.73,0,-36.33,137687,1621614247.23827
720.84,5.89,-0.73,0,-36.33,137706,1621614247.25873
720.84,5.89,-0.73,0,-36.33,137726,1621614247.27927
720.84,5.89,-0.73,0,-36.33,137746,1621614247.29521
720.84,5.89,-0.73,0,-36.33,137766,1621614247.31672
720.84,5.89,-0.73,0,-36.33,137786,1621614247.33671
720.84,5.89,-0.73,0,-36.33,137806,1621614247.35719
720.84,5.89,-0.73,0,-36.33,137827,1621614247.383
720.84,5.89,-0.73,0,-36.33,137846,1621614247.39908
720.84,5.89,-0.73,0,-36.33,137866,1621614247.41829
720.84,5.89,-0.73,0,-36.33,137886,1621614247.43833
720.84,5.89,-0.73,0,-36.33,137907,1621614247.4596
720.84,5.89,-0.73,0,-36.33,137926,1621614247.48511
720.84,5.89,-0.73,0,-36.33,137947,1621614247.49845
720.84,5.89,-0.73,0,-36.33,137966,1621614247.51836
720.84,5.89,-0.73,0,-36.33,137987,1621614247.5418
720.84,5.89,-0.73,0,-36.33,138006,1621614247.56025
720.84,5.89,-0.73,0,-36.33,138027,1621614247.57867
720.84,5.89,-0.73,0,-36.33,138046,1621614247.59914
720.84,5.89,-0.73,0,-36.33,138066,1621614247.61928
720.84,5.89,-0.73,0,-36.33,138086,1621614247.63927
720.84,5.89,-0.73,0,-36.33,138106,1621614247.65658
720.84,5.89,-0.73,0,-36.33,138127,1621614247.67724
720.84,5.89,-0.73,0,-36.33,138146,1621614247.69748
720.84,5.89,-0.73,0,-36.33,138167,1621614247.72208
720.84,5.89,-0.73,0,-36.33,138186,1621614247.74308
720.84,5.89,-0.73,0,-36.33,138207,1621614247.75846
720.84,5.89,-0.73,0,-36.33,138226,1621614247.77819
720.84,5.89,-0.73,0,-36.33,138247,1621614247.79872
720.84,5.89,-0.73,0,-36.33,138266,1621614247.81986
720.84,5.89,-0.73,0,-36.33,138287,1621614247.83573
720.84,5.89,-0.73,0,-36.33,138306,1621614247.85627
720.84,5.89,-0.73,0,-36.33,138327,1621614247.87717
720.84,5.89,-0.73,0,-36.33,138346,1621614247.90057
720.84,5.89,-0.73,0,-36.33,138366,1621614247.92353
720.84,5.89,-0.73,0,-36.33,138386,1621614247.93972
720.84,5.89,-0.73,0,-36.33,138406,1621614247.95924
720.84,5.89,-0.73,0,-36.33,138426,1621614247.97979
720.84,5.89,-0.73,0,-36.33,138446,1621614248.00051
720.84,5.89,-0.73,0,-36.33,138466,1621614248.01703
720.84,5.89,-0.73,0,-36.33,138486,1621614248.03968
720.84,5.89,-0.73,0,-36.33,138507,1621614248.0614
720.84,5.89,-0.73,0,-36.33,138526,1621614248.08354
720.84,5.89,-0.73,0,-36.32,138546,1621614248.09993
720.84,5.89,-0.73,0,-36.32,138566,1621614248.1187
720.84,5.89,-0.73,0,-36.32,138587,1621614248.13926
720.84,5.89,-0.73,0,-36.32,138606,1621614248.15914
720.84,5.89,-0.73,0,-36.32,138627,1621614248.18
720.84,5.89,-0.73,0,-36.32,138646,1621614248.19697
720.84,5.89,-0.73,0,-36.32,138667,1621614248.21878
720.84,5.89,-0.73,0,-36.32,138686,1621614248.2383
720.84,5.89,-0.73,0,-36.32,138706,1621614248.26086
720.84,5.89,-0.73,0,-36.32,138726,1621614248.27866
720.84,5.89,-0.73,0,-36.32,138746,1621614248.29863
720.84,5.89,-0.73,0,-36.32,138766,1621614248.31962
720.84,5.89,-0.73,0,-36.32,138786,1621614248.34011
720.84,5.89,-0.73,0,-36.32,138806,1621614248.36047
720.84,5.89,-0.73,0,-36.32,138826,1621614248.37628
720.84,5.89,-0.73,0,-36.32,138847,1621614248.39786
720.84,5.89,-0.73,0,-36.32,138866,1621614248.41854
720.84,5.89,-0.73,0,-36.32,138887,1621614248.44018
720.84,5.89,-0.73,0,-36.32,138906,1621614248.45894
720.84,5.89,-0.73,0,-36.32,138927,1621614248.47955
720.84,5.89,-0.73,0,-36.32,138946,1621614248.50043
720.84,5.89,-0.73,0,-36.32,138967,1621614248.52055
720.84,5.89,-0.73,0,-36.32,138986,1621614248.54117
720.84,5.89,-0.73,0,-36.32,139006,1621614248.55797
720.84,5.89,-0.73,0,-36.32,139026,1621614248.57807
720.84,5.89,-0.73,0,-36.32,139046,1621614248.59827
720.84,5.89,-0.73,0,-36.32,139066,1621614248.62079
720.84,5.89,-0.73,0,-36.32,139086,1621614248.63939
720.84,5.89,-0.73,0,-36.32,139106,1621614248.65872
720.84,5.89,-0.73,0,-36.32,139126,1621614248.68567
720.84,5.89,-0.73,0,-36.32,139146,1621614248.70201
720.84,5.89,-0.73,0,-36.32,139166,1621614248.72188
720.84,5.89,-0.73,0,-36.32,139187,1621614248.73855
720.84,5.89,-0.73,0,-36.32,139206,1621614248.75877
720.84,5.89,-0.73,0,-36.32,139227,1621614248.77929
720.84,5.89,-0.73,0,-36.32,139246,1621614248.80466
720.84,5.89,-0.73,0,-36.32,139267,1621614248.82089
720.84,5.89,-0.73,0,-36.32,139286,1621614248.84412
720.84,5.89,-0.73,0,-36.32,139307,1621614248.85977
720.84,5.89,-0.73,0,-36.32,139326,1621614248.88079
720.84,5.89,-0.73,0,-36.32,139346,1621614248.90151
720.84,5.89,-0.73,0,-36.32,139366,1621614248.91788
720.84,5.89,-0.73,0,-36.32,139386,1621614248.93771
720.84,5.89,-0.73,0,-36.32,139406,1621614248.95777
720.84,5.89,-0.73,0,-36.32,139426,1621614248.98165
